"x"
3.481515981
3.662968931
4.407853149
3.857494787
3.560615231
4.138146691
3.626794321
3.854347344
3.221874701
3.736245927
3.54538081855
3.859187761
3.595259471
4.031308835
2.96947394
2.842167951
3.478000341
3.681028431
4.580993141
3.544139687
3.34679129
4.410164554
3.542216901
3.410058179
3.258534073
3.198611701
4.535148921
3.426300579
2.4937536715
3.468018969
4.106673261
3.756606541
3.206516621
3.6823813368
3.272198609
3.343982791
3.383974901
3.500356986
4.419421271
3.031319691
3.401785261
2.562951174
3.315209354
3.5396960335
3.262750521
3.249502429
3.161955059
4.068385711
3.82562799299999
4.025505121
3.168755936
3.170040685
3.865333361
3.700630689
3.56997356999999
3.946047391
3.931953101
3.906933351
2.869078251
3.155017741
4.192212671
3.829343001
3.190847039
3.166165756
3.278254679
3.870796111
4.315971894
3.734793841
4.916115886
2.700476693
3.353606879
3.630418601
4.404938004
4.212215401
3.513071511
3.474216919
4.033711396
3.493711787
2.675938181
2.923644451
2.992959946
3.916900965
3.429574571
3.57993717799999
4.006159821
3.803350779
4.162023852
3.729597373
3.441387181
3.386474777
3.338939503
3.099246461
3.189940476
3.792849261
3.711818041
3.654814311
3.143910381
2.658124821
2.701149151
3.441648052
3.773634982
3.71065062
3.321517832
3.404974865
4.1994896
4.160793616
3.01580665
3.3876236935
3.396754595
2.6368985
3.38315096
4.26734678
2.676949677
3.68909564
3.985409436
3.309324267
3.98738803
3.729292335
3.775458218
3.998281995
3.460970623
4.09312307
3.487898462
2.60787161
3.390912308
3.16342667
3.46152563
3.542523161
3.634751996
3.76356098
4.48724924
3.1466013309
3.469568843
3.8291870533
4.120276043
3.767803266
3.560588087
3.4616818
3.28837386
3.525383616
3.969932539
3.41311696
3.685782242
4.13796483
3.75467914
3.31257085
4.007232991
3.22776672
3.88511198
3.9054970763
3.57869509
4.20036704
3.556362604
3.19863953
3.44574675
4.427174506
3.51632659
4.04115188
3.3025638
3.911504427
3.339261731
3.46574919
4.03435069
3.97194595
2.885720713
3.526341363
3.902134071
3.78095233
3.413194394
3.4492952128
3.207091057
3.1432831
3.934469849
3.315920502
3.633114957
3.48295586
3.69048546
4.3885445
3.568495988
2.921184969
2.63529605
3.46648478
4.19867607199999
4.09590754
3.2259059
3.36267222
3.52064777
3.084244674
4.20391831
3.88396479
3.387222895
4.073922402
3.6623628
3.452534133
3.12543083
3.361066208
4.261731282
3.58794978
4.01846215
3.392650628
3.67164806
3.11809529
3.115476751
3.69662159
3.169968357
3.15496759
2.91098971
3.24296818
3.712315114
3.534330285
3.08571698
2.739717227
3.091392695
2.60133768
3.88230612
3.5658311709
3.533650005
3.21465201
3.202643255
3.56376397
3.67318395
3.13726606
2.51013308
3.50553642
3.768671243
4.3204618
3.00822578
3.3039923739
3.109136247
3.624521175
4.268897863
3.175838719
3.14252481
2.89837908
3.06787755
3.6770538
3.7893183931
1.874524195
3.0099448
4.03690174
3.87464124
2.959598985
4.005181491
3.460940045
3.59701376
3.43640752
3.330071457
2.96977896
3.95122656
3.10737894
3.364920527
3.18542912
2.935567603
3.75445059
4.109176711
2.62945258
3.117507643
2.69793363
3.648290076
3.355217045
3.009111712
3.179309469
2.98173215
3.01248628
3.1221496865
3.821464074
3.4543357
3.776114295
3.65016222
4.318151275
3.02614547
3.062015145
3.4435389
3.530291255
3.617362284
3.151876456
3.089789747
3.89072033
3.026783468
2.97551907
3.41559553
3.20127612
3.28426689
3.29215126
2.996594602
3.73445709
3.337274942
2.83142827
2.4508043
3.336842781
3.47569327
2.28675841
3.21267284
3.5312947
3.38399195
2.69948469
3.538979345
3.31221934
2.6978513
3.176067482
3.905285183
4.07795843
3.59894508
3.544447014
3.56734401
3.762227755
3.183778813
2.844515805
3.23469655
3.50175899
4.032155072
3.43282479
3.4433611
3.639879702
3.68642284
3.160320687
3.270728302
3.478845316
3.611000485
3.1704541553
3.695743275
4.018031766
4.12035759
3.295498189
3.080938085
3.64096616
3.08792762
4.101760869
2.980840558
2.92936754
3.3345656866
3.5091061714
3.127087273
3.59029393
3.529246169
3.99684024
3.507590406
3.653348037
3.48661959
2.86865022
2.9103480475
3.920124012
3.811794949
4.61237288
3.124087218
2.83602375
3.16323364
3.74753424
3.75599085
4.127886345
3.165030613
3.47552619
3.177046565
3.836321598
3.719314314
3.238249308
3.235991599
3.13512866
3.34823847
3.23154002
3.82439966
3.03006304
3.67802356
3.9586704
3.16717856
3.79665322
2.981230643
4.06487237
3.31513987
4.094751523
3.496679034
3.08295776
2.882897791
3.662205932
3.31494646
3.663754343
3.8142041
3.583917135
2.793654375
3.523501831
3.045612484
3.450520508
4.477775325
3.657624486
3.42857269
4.185642963
3.246180631
3.811612303
3.470445775
3.196832765
3.860700548
4.158385085
3.50267402
3.30681358
3.59687549
2.754568605
3.389636451
3.6358717
3.279631595
3.88632479
3.303077392
2.729675407
3.782997607
3.306575529
3.030944244
2.787356438
3.361830894
3.461911906
3.150061197
3.030682598
2.985601457
2.570845713
3.0432719093
2.993167879
3.126735407
3.234333567
3.692884547
2.952210047
2.434736802
3.139096843
3.46166631199999
3.211901303
3.271240537
2.902277153
2.879595856
2.8703121
3.514842027
3.415133863
3.400459823
3.199325113
3.411334097
3.545273605
2.762973887
2.680993963
2.820317273
3.6378074246
2.9656816685
3.368757002
3.337756034
3.525053003
3.712035143
3.848396197
3.009802859
3.037333003
2.377679073
3.536764074
3.076010753
3.071178062
3.1391817239
2.510316883
3.690445327
3.57677695
3.655034019
3.2267599813
3.095865503
3.195888687
2.581342497
2.795613597
2.893078437
3.047793155
2.538655193
3.650621975
3.175250277
3.411668301
2.420270833
2.417257777
3.215911543
3.245814217
2.818366497
3.040282083
3.622762693
3.049666219
2.22852648
3.686737819
3.216778079
3.028936157
2.76687356
3.143476959
2.950264357
2.793002889
2.593284993
3.359089742
3.751427023
2.647563927
2.407415069
3.047959433
2.918726148
3.644702735
2.753345897
3.045312823
3.844781627
2.89841499316
3.274041052
3.420724727
2.498899556
3.430633198
2.96187963
2.408798137
3.183139657
3.424273107
3.866997097
2.849393179
3.486623761
3.104889262
3.956367416
3.193998249
3.024351449
3.126539031
3.265203117
3.410783161
3.044916334
3.277380285
4.371040319
3.633983369
3.404785642
3.090038261
3.24355347
2.729626373
3.212154751
2.849602916
3.846332319
3.346527188
3.484773654
4.137728489
3.269827661
2.359660741
3.091974171
3.220540023
3.272085775
3.261706521
3.367996545
2.971816489
3.489628814
2.335925166
3.394336191
3.354511214
3.835767179
3.871941777
3.623713251
3.1942618276
3.289798809
3.693035009
3.017918489
3.324005099
3.436105541
3.541571329
3.985371319
3.498485817
3.259449171
2.795610419
3.348557341
3.822857888
3.544062721
3.289409771
2.676004041
3.30794101
3.121083409
4.17007583707
3.554186889
3.638850766
3.557343555
3.45687518
3.671565308
3.155400041
3.425032191
2.848607245
3.714115951
3.319348109
2.894159002
3.499670181
3.784616481
3.231538905
3.19908163
3.140328823
3.352681129
3.313896946
3.071088459
3.132483574
3.2387949944
3.026880797
3.574128219
3.885367674
2.669822141
3.030337641
3.210401509
3.226492222
3.928663379
3.020588653
3.12951028435
3.298841581
3.795073809
3.36239292116
3.412195509
2.722486529
2.703583589
2.684947437
3.166487479
3.666750439
3.545104349
3.172616269
2.786201546
3.6461088716
3.850788516
3.746356544
3.379325802
3.494436825
3.82831665
3.3162357378
3.421083
3.168304007
3.60347259
3.59841171
3.5522219
3.367831656
3.530212326
3.979040383
3.00302064
3.978268665
3.489023169
3.93780547
3.31942838
3.72700733
3.4525343
4.140226849
3.09808955
3.256713961
3.84443869
3.32860759
3.34500896
3.60272823
3.89327096
3.32586817
3.596781191
3.889505475
3.24734491
3.3813471087
3.80705104
3.58122277
3.126164718
4.015516481
4.500493
3.160661433
3.76031702
3.539113592
3.793480192
3.284655215
3.704584068891
2.83508655
3.417676957
3.6463581463
3.40768600008
3.410316947
3.48847745
3.04247925
3.444022386
4.19415626
3.54442533
3.460024365
4.886230944
2.89312875
3.015791486
3.48219359
3.559462763
3.39510664
4.14178941
3.488716511
3.5422419
4.167219296
3.21549848
3.84972676
3.483473298
4.180909728
3.06072712
3.75182718
3.560716506
3.922396908
3.55282567
3.8747402
3.16666785
3.45760506
4.448262582
4.058256936
3.0897354
3.46635015
3.80378085
3.80315268
3.60462296
3.90845488
3.698361908
3.11588014
3.15549889
3.939582375
4.055438597
3.438105178
3.359385702
3.376622404
3.54998303
3.14287443
3.37620983
4.02114724
3.910016804
3.211105934
3.625117344
4.460803681
3.707175669
3.938205954
3.287884284
3.310253078
3.925591696
4.3090680044
3.381159814
3.333993331
2.963513655
3.816255554
3.211838203
3.923010538
4.210099098
3.94491103834
4.455756558
3.631676728
3.400835514
3.081428828
4.054557762
2.876706497
3.872431744
4.184041538
3.352601789
3.160102256
3.692567348
3.676550616
3.000689059
3.642722536
3.529683064
3.311295739
3.618629565
4.081505609
4.0590263781
4.041186734
3.348893246
3.615883149
4.149318024
3.342296464
3.793869546
3.623553501
3.479510909
3.7269760668
3.178527843
3.855264107
3.610746168
2.855945314
4.682984757
4.171972726
3.647810029
4.193350374
3.480345757
3.442308254
3.3427608496
3.836707595
3.276833135
3.55345324
3.658196589
2.971733677
3.270756036
3.221648914
3.602968154
3.290487066
3.560917164
4.014829974
3.7837002876
3.2215049855
4.512139714
3.5555360973
3.649928796
4.035512513
3.137848946
3.133232652
3.427866756
3.776748624
4.0795767648
3.601569996
3.452186346
4.541364605
4.091408479
3.8188138294
3.103570554
3.882494421
3.694079632
3.213112969
3.391995526
3.901142339
4.119482833
3.2792977293
3.342575242
4.275421838
3.9802701585
3.892165484
3.110506252
2.792897708
3.895970362
3.018322579
3.823190744
4.1366078
3.761335087
4.1308088
4.13575555
3.36287623
3.51096955
4.63020703
3.22672618
3.39385928
3.64024547
3.542476495
3.08357962
3.63706622
3.662856047
3.637635086
3.27851974
3.58055095
3.20841238
3.71028176
4.491934811
3.311657177
3.27460216
3.47327441
3.0965335052
4.24558852
3.785612643
3.2469922974
4.124309075
3.32905936
3.9054618
3.58180403
3.855871513
3.0513179
3.94458567
4.1162898
3.66105648
3.435111236
3.39953713
3.973381358
3.69561025
3.80442559
3.91173076
3.57089172
3.542728632
2.78402382
4.392026414
3.198592274
4.14990528
2.83576034
3.592914055
3.733430792
3.09789101
4.26805793
3.59433972
3.16136693
4.4688363
3.2094384155
3.76142448
3.67703132
4.058775489
3.5361850742
4.532083856
4.35999483
3.603543753
3.20063962
3.81365559
3.54911228
3.85207936
4.128950485
3.05458141
3.13083993
3.64931268
3.91443223
3.20224975
3.7328985642
3.793332417
3.803127421
4.952172419
2.98962761
3.786559987
3.44969971
3.846697216
3.785200235
3.225852018
3.61006911
4.00311704
4.46211251
3.29104714
4.224846824
3.783155577
3.49181748
4.14408131
3.11981209
3.14248111
3.3527786
3.380922538
3.64977679
3.69947007
4.03384474
3.740398876
3.5915031
3.2776157
4.01013709
4.129027735
3.9257268001
3.161721448
3.61311818
3.661407351
3.421791348
3.36875831
3.024315
3.48981683
3.875678501
3.357709951
4.10097875
3.975933906
3.875696735
2.843886588
4.17647195
3.853448195
4.09900661
3.51581474
3.266304691
4.13961495
4.11465592
2.845961336
3.62315289
3.642307312
4.04057401
3.549610054
2.97676831
3.497392946
4.28142066
3.190967189
3.804975
3.714725409
3.745697983
3.6249278595
3.925451528
3.539237899
3.24781546
4.460005393
4.839163655
3.5252563
3.5702548503
3.49556324
3.76500843
3.35310749
3.66163166
3.98992559
3.26957684
3.33939493
3.9147802637
4.010070653
3.25377084
4.092607354
3.075089065
4.144724284
4.00455466
3.14796671
3.746333841
3.905159066
3.652265877
3.60699849
4.15300221
3.605046511
3.128845139
3.884394548
4.110335626
3.612397746
3.056765315
3.499453804
3.40607493
3.658569026
3.03917301
3.796632461
3.99770115
4.014495956
2.794805505
3.51161341
2.91441295
3.55952771
3.979877215
3.84831609
3.64358596
4.07218509
3.52776696
3.58306479
3.42315384
3.885439545
3.64950243
3.963503486
3.84685774
3.773690036
3.89043553
3.47194949
3.459989607
3.94979723
3.828691375
2.757553626
3.003789642
2.594409378
3.146955444
3.079527836
2.602938329
3.473893432
3.142691586
2.5640068229
2.818146902
2.973386625
3.0144173931
2.483483306
3.158790256
2.679705735
2.757702042
2.961517836
3.101534316
3.105745434
3.174874554
3.34009985
2.413315152
3.781720859
2.899547156
3.286112636
3.210646336
3.056411384
3.15415145
3.5910058505
2.9400589072
2.992027368
2.874390607
3.322959697
3.090359634
3.374415428
3.31736509643
3.584592388
2.829530451
3.14604774
3.110452588
3.121802251
2.86652245
2.900510277
3.215070426
3.1738089734
3.443635298
3.170267854
3.417104992
3.79217451
2.744873202
2.4097028276
2.967030996
2.9076644634
3.080034289
3.540155166
2.8434578017
3.9512329106
3.402736332
3.975214899
2.901314709
3.767523456
2.954929766
2.492922671
2.821105137
2.66074071505
2.973705834
3.528291718
2.33687809
3.210004689
3.258265484
3.03592659
2.618204499
3.3041560043
2.768879136
3.18405039057
3.445547273
2.749459203
3.1518742982
3.0289542328
2.980541611
2.798851552
3.506256476
3.32032728
2.777231105
2.531520435
2.993882952
2.833888476
3.144854402
2.619137156
2.481790199
3.097744527
3.402101996
2.910125466
3.114912393
3.277007094
3.246444754
2.680590076
3.147776432
3.113340511
2.561832216
2.904112402
3.19532014
3.576516457
3.242292082
3.42975263
2.87818257
2.955525955
3.72198026
3.26181813
3.473400815
2.91295893
3.19011459
3.30423372
3.20578947
2.831282919
3.76102456
2.790717117
2.87187099
2.947978713
3.2298288598
2.890648918
3.29120023
2.985515499
3.454346796
3.194306729
3.012702714
2.87456611
3.42764293
3.2642689364
4.01430145
3.42324782
2.839344626
3.630555744
2.729994306
2.94625434
3.15996601
2.96716263
2.56052583
3.337489398
3.475284442
2.77496613
3.16288162
3.019875595
3.2799367769
3.218700868
3.52585211
3.059399379
3.63410192
3.24234438
2.66243131
2.508073302
3.437227927
3.84156697
2.90358351
3.735106105
3.47493916
3.48020442
3.2258643793
3.075046719
3.30971185
2.96952342
2.76106855
3.1125727
3.0344195511
2.52563036
3.311888722
3.53874008
3.599330395
3.103042702
3.16553932
2.97620257
2.6753692
3.03966945
3.000473474
3.55699522
3.7369333
2.530626612
3.51499145
3.569978239
2.8755525
3.29482484
3.720968522
2.62489308
3.36737799
3.4178486
2.797361634
3.4251355
3.21536508
3.23761465
3.61409603
3.483400831
3.47881424
3.14128608
3.27118072
3.284792746
3.43833517
3.08041776
3.1357045769
3.34693265
3.249683995
3.467953192
4.053897962
3.769558928
3.800264673
3.91643176
3.923805466
3.463718319
3.658168886
3.682228258
3.7011565426
4.289070036
4.103982729
3.549355575
3.664866712
3.685289636
3.715372063
3.729751764
3.610267652
3.7558681
2.696026666
3.807208349
3.741988003
3.648461369
4.2300698341
3.957991788
3.42088213
3.863973275
4.166422344
3.7794965077
3.566346921
3.7427801187
3.688097526
3.613485379
4.120825683
3.687008732
3.862199604
2.828269856
4.283392734
3.301128659
4.502153397
3.670298154
3.201622442
4.097230714
3.908551404
3.941036586
3.736854003
3.590806536
3.690782242
3.738961868
3.635174378
3.665624593
4.13686846
4.054564935
3.408860525
3.902309653
3.40637284
4.04792446
3.847500303
3.674880553
4.01857342
3.555745704
4.197947466
3.673287566
3.844138488
3.289221566
3.723006693
3.360882195
3.6410961213
3.411358772
3.560986943
4.320475496
4.10822764
3.647502746
3.8295729328
3.5253183518
3.3508257043
4.052582976
3.768452343
2.82389961
4.394935306
3.5436929724
3.73125152
3.926611886
3.63196412
3.622980196
3.531513186
4.086358257
3.3137541574
3.60677294852
3.166210491
3.251636405
3.722233107
4.193659403
3.606752312
3.682201124
3.48339995
3.932786678
3.273284087
2.797342406
3.482636092
3.23026755
3.823537001
3.839230035
3.288874155
3.345327353
3.227174926
3.223175856
4.30153896700001
3.962606969
2.966071401
3.750882429
3.3363963312
3.044202069
3.287670074
3.917273674
3.085706972
2.6000154124
2.990274114
3.639032178
3.40041116125
2.930424545
3.9076751719
2.647947181
3.498398699
3.593836221
3.36869739
3.659671274
3.894342006
3.214084491
2.702843736
3.326534499
2.710968622
2.680690356
3.5604733925
3.587668548
3.798088333
3.357937658
3.690863517
3.49814570983
3.233150166
3.045169507
2.874834887
3.1465413917
2.978669268
3.132001636
3.575689237
3.535433957
3.308767557
3.597679171
4.123968237
3.6579584464
3.140676675
3.865612987
3.540019761
3.6255815042
3.748795206
3.888054821
2.714282305
3.205079736
2.828063052
3.396235392
3.877876431
2.893121212
3.227252796
3.632116678
2.653189642
3.664928469
3.835675289
3.867941637
3.523323716
3.46517836
3.264858875
3.385292051
3.88385367
3.977693281
3.826490652
3.682473266
3.464742459
3.49855356
4.184258141
3.420220797
2.537563846
2.8381227067
3.386982167
3.350819996
3.1192747264
2.786613214
3.1672780581
3.286160831
3.1157299542
3.765733061
3.028005765
3.711955799
3.789932849
3.509267384
3.543916416
3.531200651
3.401090041
3.579291256
3.108591467
3.69098378
3.45401302
3.85102924
3.48127311
4.087731539
3.51190034
3.61716716
3.492866046
3.95497106
3.914080164
3.01022983
3.50894523
3.430076283
3.74727435
4.140320206
3.6522114
3.36737911
3.337156806
3.91763054
3.5633252784
3.0354068566
3.92792661
3.81013415
4.080796152
4.021030698
4.103931678
3.56426071
3.01232689
3.484257498
4.0924838
3.72743154
3.2927915443
3.31999544
4.09671773
3.379966386
4.22766879
3.769579839
3.49139966
3.45128995
3.426086231
4.45110966
3.476524966
3.737323922
3.332117679
4.282119785
3.47743751
3.499846096
3.2785817
4.23681144
3.42810332
4.482718246
3.41336554
3.70970123
3.241529641
3.20183642
4.01965858
3.548395359
4.41630111
3.90383798
3.947182899
4.547769923
2.909656033
3.33665581
2.92052091
4.03708321
4.302624839
3.55335031
3.851281222
4.13670657
3.718496662
3.643864311
3.358620816
3.413651273
3.386375551
4.221345386
3.08335575
3.2412164766
3.31553698
2.97393851
3.28163577
3.89925647
3.947997315
3.56626869
3.840961882
3.77386405
3.58698834
4.171759406
3.670790836
4.098337039
3.85792686
3.88282039
4.49572603
3.92833745
3.308723509
3.67609797
3.22916542
3.87735897
3.83148687
3.82736091
2.8809969021
3.306050728
3.068323355
3.114766403
3.32335729
3.951872527
3.07132124
3.665994562
2.840384525
3.00908223
3.051099662
3.023500099
3.214992828
3.6961668762
3.830432965
3.2036736761
3.1681126769
3.5413999921
3.28623489
3.454017674
2.9932249821
3.039849242
3.590353862
2.659578449
4.17203156
3.143907579
3.55369217
3.238658298
3.12908388
3.1001777785
3.4973790886
3.083379132
2.808557129
3.202385736
3.5747242157
2.984043272
3.4669871
3.369598923
2.97098006
3.488801635
3.52665569
2.93100162
2.6947896582
3.830882507
3.645637628
2.719378137
3.466401376
3.19884632
3.59657365
3.468238474
3.2301756121
3.211374731
3.42524988
3.0539436834
2.889951238
3.23157275
3.4535061029
3.086301626
3.350653739
3.10205544
3.55420984
3.5310404731
3.26231427
2.9608573095
3.015026066
3.268566799
2.985011312
3.200535788
3.19118274
3.157369712
2.83619246
3.069018627
2.97249892
3.1882150886
3.37198807
3.203395935
3.253039404
2.82883499
3.244028498
4.06192401
3.261958649
3.143373886
3.475821017
2.6676152584
3.4916416183
3.82901022
3.5836463841
2.7166817144
2.73059512
3.58123181
3.275784653
3.660769601
3.105168144
2.941812743
3.222383939
3.105554993
3.344490917
2.83135568
3.28466939
3.8552028154
2.92210859
3.221717965
3.037442573
3.810062267
4.095475663
3.349917206
3.654890014
3.272106546
3.4811177683
3.16907761
3.356368992
3.237040324
3.8407410923
3.525065433
3.2190308777
3.2509806083
4.2112616299
2.804123956
3.778003933
3.175998598
3.4639925472
3.776185623
3.470665498
3.481872985
3.414945305
3.017577876
3.667301415
3.497771106
2.944413873
3.364450003
3.169636456
3.329140315
3.303397556
3.958068024
3.706503987
3.032743136
3.1198735871
3.424911546
3.779332652
3.6120143644
4.085553828
3.588542119
3.330243533
4.018639098
3.674736266
3.280690617
3.516215764
3.453985096
3.444501627
3.813771376
3.342514874
3.394951843
3.347474824
4.011787133
3.089325739
3.295486818
3.9776367859
3.696679732
3.1408403723
3.347714604
3.659789876
3.751710083
3.617950641
3.865239576
3.433399753
3.167232316
3.941810406
3.339034034
3.858427706
3.464132734
3.426965431
3.795214865
4.067533826
3.738886316
3.763134619
3.142953627
3.037135389
3.712672236
3.989461926
3.982026747
4.141974954
3.773379894
3.449200526
3.785805956
4.227045491
4.044307591
3.773064185
3.472466384
3.771872704
3.300005511
3.458132376
3.224479648
4.108158593
3.923668408
3.64332454
3.200863226
2.947546327
3.318829003
3.580026015
3.337365905
3.498384503
3.65973475
2.918029533
3.284981285
2.977669452
3.18601226
3.912016639
3.509133681
2.649151885
3.52689404
3.557326227
3.64008205
3.364942895
3.233117509
3.50477771
3.391516641
3.261128912
3.592435885
2.707572447
3.45106207
3.19098755
3.274792923
3.648077298
3.885932394
3.25832354
3.0120646526
2.788801501
2.981798759
2.818400548
3.235328483
3.040037782
3.55262847
3.127210561
3.14207857
3.901243267
2.762890548
3.697995961
3.1408313883
2.88887142341
2.83334782
3.3402842099
3.7940426434
3.042721264
3.149971222
2.572837709
2.65628404
2.98647149
2.799764378
3.017576608
2.786184691
3.61352608
3.235598208
3.02335587
3.26169113
3.445459991
3.613630594
3.59258642
2.64981231
2.891603676
4.425128439
3.42678866
2.727171855
2.742678589
2.74015381888
3.722324525
2.925472669
3.568419179
3.472623058
2.49871619
3.5757904246
3.106182959
3.06387956356
3.262412183
3.36842343
3.768655684
3.491464185
2.98291868
4.166549005
3.286895872
3.450226034
3.422740636
3.162966257
2.988508118
2.5265781484
2.836216694
2.921827109
2.82691376
3.295773673
3.0594474999
3.273916818
2.967895165
3.218921224
3.140010977
2.592175829
3.488151108
3.24631741
2.838012615
3.639507614
3.417114708
3.0434042508
2.834131522
2.8250202539
2.802143552
3.076445596
3.183171408
2.661543609
3.37949691
3.000917178
3.391284796
3.060737633
3.399426346
3.202031597
3.0344041209
2.562494829
3.152567694
3.700047593
3.414639986
3.630270461
3.740525856
3.55375643
3.5936296247
3.3797020255
3.247277276
4.373183616
3.319848355
3.674390286
3.667609066
4.0251985721
2.831941541
3.089285008
3.4693838212
2.542612025
3.425392431
2.835209476
3.186289231
3.00810775
3.295910134
3.935480281
3.305271405
2.612846239
2.85405397
3.239541499
3.554591947
3.359000612
2.962229056
3.217587426
2.694564521
2.8819609414
2.951343218
2.92991564
3.083243464
3.557376591
3.5458064936
2.924945466
3.068160789
3.5933439289
2.8360227936
3.380756142
3.541933495
2.893895676
3.60594830599999
2.946444774
3.332679233
3.4156688473
3.803359496
2.980092441
3.573694506
3.743762392
3.056809775
3.014100963
3.018065837
3.244046985
3.661393838
3.174617895
3.1475990987
3.233724816
3.806826599
3.489899168
3.333333936
3.266312266
3.55161862
2.908575385
2.983380271
3.636364461
3.346122586
2.385946521
3.1385353131
3.157851311
2.818843972
2.793649823
3.014829506
2.974235798
2.831816013
3.818202886
3.3349614251
3.829580475
3.2797068819
3.319116796
3.323406586
3.177754079
3.314556486
3.141690537
3.6025674
4.03331848
3.164409104
3.360766696
4.34679058
3.48825107
3.731044058
3.2640552685
3.1893278578
4.106962857
3.1942248
3.27392601
3.1642519898
3.877493277
3.436030986
3.62177742
3.849672493
3.176412192
2.872733462
3.516382628
2.963692499
3.46566473
3.797861168
3.326877137
3.500779429
2.989127707
3.342761832
2.929994187
3.32898523
3.87283539
2.87428549
2.793345345
2.979677781
3.156039868
2.684485397
3.232509143
3.16144193
3.41751223
3.17083533
3.4128231
3.52611586
3.43589298
3.590453627
3.394132688
3.28412434
3.109683044
3.608692852
3.059670025
3.524016139
3.742914827
2.91283414
3.031378545
3.314291744
3.00465306
3.277583031
3.182774227
3.69958629
3.359548014
3.52416886
2.96700317
3.00908164
3.978415114
3.20434716
3.27137331
3.8547603
3.88145115
2.828102344
3.844658858
2.92881361
3.03671422
3.86358051
3.698960013
3.329840451
3.607966614
3.25960207
3.42776164
3.015139647
3.81496972
3.26866888
3.56390031
2.66270252
2.647440045
3.59374425
3.2801508753
3.300546
4.16356828
3.3758698
3.698864473
3.02498373
3.41485168
3.429457
3.87951546
3.413885694
3.49810609
4.110476532
3.167747697
3.487977506
3.89286898
3.751607339
2.834674463
3.527030962
3.507330138
3.436822088
3.476570666
2.865672742
3.513553775
3.699837012
3.442160008
2.811776798
3.795456871
3.096310578
3.21108263
3.1641466353
3.551464558
3.591748989
2.980847418
3.7723166637
3.916585419
3.529211838
3.854368627
3.652124612
3.638908931
3.909618818
3.497851412
3.436655253
3.205463988
3.573213788
3.608742808
3.500143298
2.796311478
3.444406488
3.123656537
3.468036178
2.834738635
3.738803018
2.716936833
3.566237931
3.1841793399
3.366534462
2.507628108
3.933393258
3.663499393
3.762288578
3.384052258
3.941157098
3.472836384
3.228350164
2.787482688
4.127659718
3.144772641
3.143159039
3.331282918
3.0666202389
3.871459918
3.18864049
2.843866088
3.615834931
2.949205528
3.482062286
3.267360812
3.685677138
3.282003998
3.902873208
3.150340259
3.408186468
2.967839678
3.321216328
3.157127338
3.486882152
3.674718468
3.575029638
3.792103038
3.748991618
3.612711075
3.192076208
3.2777836361
2.948182332
3.340448778
3.033576965
3.341491176
3.642497338
3.096933314
3.546514512
3.787387818
3.464079548
3.167072954
3.143235948
2.6982663912
3.002601162
3.943970238
3.461916952
3.383465708
3.649843188
3.378409078
3.510080698
3.031740558
3.649297348
3.369073478
3.522433398
2.89483852
3.096995766
2.515467816
3.88348327
2.991958314
3.113667359
3.364320296
3.102241954
2.873632465
3.43436672
2.68453246
3.553720328
2.854713856
3.1254223754
3.0275121013
3.314926894
3.359281262
2.762591177
2.97068484
3.35186019
2.952025852
3.34406728
3.168368441
3.299782309
3.15503991
2.7288332677
3.3024101295
2.80831433
3.142716626
3.954534085
2.99833005
3.29783135
3.103412104
3.263268353
2.64774483
3.424906859
3.11367674
2.70088259
3.294021798
2.9378489922
3.132104705
3.6020636704
3.51385647
2.84308549
3.17375346
3.41204084
3.471852419
2.975324658
2.88797171
3.42296492
2.94286741
2.7832818
3.01776948
2.74654492
3.154343686
3.39842424666
3.082379838
3.64441363
2.513188302
2.73453597
2.926452169
2.992097838
2.872320296
3.13824646
2.792295845
3.180744997
3.55061848
3.246632985
2.912615358
3.1743193
2.70506344
3.61647572
3.300158566
2.731964371
3.14377519
2.83561036
2.78233786
3.185092654
3.57766635
3.47199677
3.195050089
3.26532743
2.898469715
2.903080623
3.18865633
2.794902987
2.727025206
3.461866152
2.832011825
3.092430983
3.056334144
2.747494305
3.094813985
3.186402205
2.603615169
2.533752639
2.915691037
3.392383441
3.117010091
2.98597087786
2.934951266
3.517642516
3.350500258
3.719494593
2.920748386
3.073181506
2.949332266
3.385491176
3.153668006
3.177576456
3.002131771
3.446876076
3.690125976
3.1659487534
3.568818321
3.463408556
3.123303149
3.187320409
3.075169586
3.405039699
2.679581606
3.088990246
2.839898016
3.068493206
3.563608767
2.473986738
3.341272566
2.889978476
3.207613386
3.434307093
3.313546596
2.816870413
2.736125616
3.863986594
3.529344346
2.481119626
3.041003186
2.995623076
2.966231242
3.231340979
3.081110936
3.001151386
3.304677366
2.935712986
3.258841146
3.238434046
2.446612156
3.271559496
3.191638646
3.324497817
2.858699606
3.408695615
3.242686871
3.329562197
3.242286841
3.050534826
3.4100568051
3.349399786
3.235690395
2.995272013
3.877418726
3.340483696
2.732853786
2.857863606
3.53069819
3.015946574
2.991889264
2.981614886
2.581056296
3.621524036
3.457081476
3.43144052
2.616112834
3.105748376
3.178539666
2.920817086
3.962512346
3.215334366
3.258892807
3.455975886
3.045643686
3.191855446
3.214589694
3.385597706
3.458368906
3.762540316
3.142701166
3.805803446
2.749563628
3.371416494
3.375475457
3.592240716
2.761516526
3.668328446
3.448691496
3.5146787594
3.324617268
3.530545214
3.328837573
3.152535136
3.65130557
2.76260977
3.356606474
3.581262147
4.056789667
2.932831523
3.508440055
3.198092703
3.70383671
3.736182639
2.826338287
3.6319684114
3.427405461
3.255382096
3.432446703
3.359709937
3.399269781
3.361811284
3.256306317
3.191528185
3.788395115
3.9051954589
3.579065547
2.865229303
2.741403607
3.0944121175
3.250463909
3.524744528
3.593456261
3.486597773
3.427359247
2.854241192
3.395079829
3.2639728055
3.316695003
3.754910665
3.57483415
3.290243129
3.406247944
3.284543442
3.3157215703
3.677580855
3.527897172
2.8445665
3.905828918
2.618416687
3.4016419885
3.016368146
3.406984069
3.606260897
2.899603194
3.695575356
3.272463897
3.199367183
3.083623286
3.518424793
3.23082102
3.37194312
3.249075963
2.931759992
3.287887733
3.42525500327
3.129619469
3.47469979
3.335438013
3.765311551
3.0704421015
3.3752768
3.289426976
3.947678497
3.515085166
3.155185838
3.082501567
3.161608875
3.505320397
2.75814737
3.385460638
3.824937943
3.537308087
3.595301058
3.439784495
2.668255789
2.8491295726
3.787240188
3.537290696
3.3700735274
3.04042665
3.276873313
3.646279877
3.256562462
2.550220207
3.379712695
2.5478937178
3.4540183907
3.223849577
3.360052127
2.939945188
3.142509849
3.648183469
2.890004786
3.111205276
3.519069003
3.176580091
3.101052261
2.987334899
2.9649411022
3.461628108
3.54128869099
3.445870321
3.519234866
2.97718887
2.973594582
2.792281903
3.013244145
3.434070849
3.806672449
2.893713035
2.748510482
3.672639635
3.587219589
3.336098385
3.54110559
3.538619254
3.227512442
3.1568368623
3.735053196
2.9818866181
3.389224737
4.040789179
2.934201141
3.751513612
3.291122138
2.976066081
3.184690272
3.184285688
3.525503162
2.99383157706
3.4913371889
2.952186988
3.159779049
3.198036
3.3863049815
3.730821779
3.905199121
3.035557933
3.847370539
3.299484094
2.944332623
3.605145141
3.2955932843
2.893552593
3.495993173
3.346122851
3.6884582494
3.079701899
2.8828440659
3.156086094
3.436937929
3.133709394
3.042726384
3.733774904
3.569535129
3.507863216
4.01405329
3.346263921
4.088262236
3.180561846
4.071852703
3.7853707808
3.2404840989
3.594973795
3.281356528
3.498871781
3.448471925
3.8335139441
3.273302185
3.629291497
3.596290161
3.7199218471
3.120124067
3.173197439
2.96148287
3.248981369
3.496245179
4.159994581
2.938561261
3.596582384
2.763767485
3.599117538
3.380197009
3.397013464
2.939165389
3.48245815919999
3.875104599
3.333722011
2.899027775
3.346453419
3.735786184
3.133813169
3.440646071
3.430280094
3.414973844
3.469657096
3.405321728
3.5289518753
2.6075878717
3.270671684
3.837891338
3.537577736
3.957490833
3.837694591
2.923006524
3.327368394
2.916246504
3.4647329236
3.020602614
3.095322227
2.968155222
3.427278116
3.4656620734
2.760525248
3.040427454
3.502880244
3.494724054
3.5218338077
3.461664519
3.220733705
3.239004658
2.952330792
3.352933859
3.6003307282
3.359341156
3.1624220997
3.510684803
3.764818385
3.627024468
3.302208314
3.043711273
2.629111818
3.711724284
2.801119699
3.752351984
3.084465295
3.780764864
3.284493674
3.884451889
2.635436154
3.485181116
3.384670388
2.7921736848
3.640494054
3.0037083965
3.718893064
3.303460194
3.352914759
3.984815074
3.399426479
3.828352784
2.842596773
3.3421016965
3.118589834
3.476712487
2.778644779
3.679825887
3.794664724
3.005547324
3.05638547
3.083468408
3.342693024
3.235155654
3.1245449982
3.414370552
2.82226868
3.327389163
3.837121848
3.1654220939
2.9787263
3.5557151512
3.251556002
3.777040474
3.272856394
3.241851874
3.056858404
3.011474724
3.738120184
3.532687879
3.218016349
3.605647911
3.461752157
3.946174351
3.033718694
3.380423774
3.218319284
3.633124597
3.94788167
3.479104372
3.461400872
3.532030958
3.5328330427
3.426015509
3.598626174
3.578205744
3.488460505
3.122696595
3.29639841
3.6079128217
3.196090458
2.782553278
3.41422532
3.444193145
3.263536015
3.260583077
4.083264675
3.222528635
3.263253483
3.765131605
3.4341896456
3.466943035
3.236862091
3.242968108
3.925685845
3.250596574
2.593817775
3.506297725
3.12424912
3.319013845
3.346421075
2.920668495
3.346119565
3.328660745
3.222927855
3.321144615
3.7586669978
3.055248935
3.298796526
3.414849667
3.180081945
2.912811725
3.01139367
3.485101562
3.3009798208
3.546682282
3.537763425
3.729689013
3.365723705
2.900341764
3.274807195
3.912761545
3.332261105
2.707077835
3.514944899
3.815763047
3.773055715
3.234921455
3.203007508
4.062790395
3.2288770096
3.525742995
3.409015535
3.311218015
3.252742782
3.217817165
3.064383915
3.147520615
3.375437334
3.270310765
3.041445525
3.400359629
2.683081505
3.426901932
3.458339515
2.978274811
3.12768757
3.764029795
3.035092529
2.622442979
3.496561725
3.114130688
3.4620526869
3.0127593994
3.328365741
3.421902937
3.728943785
3.569225899
3.172142954
3.698693885
3.0916956191
3.640826227
2.902868105
2.787956822
2.819069045
3.406352115
3.9102206371
3.309737138
3.584958251
3.709250395
2.773507815
3.612467085
3.535004375
3.687407235
2.4497720127
3.309907355
3.27703365
3.13225733
3.013446465
2.866439329
2.4575471115
3.0333028
2.762266824
3.212421388
2.77008949
2.881044802
3.135172692
3.07675093
2.9017063734
3.25192642
3.028774446
2.854648728
3.123569538
2.823333112
2.689303503
2.568328954
2.7584578
3.343749131
3.354269129
3.417299144
3.02399279
3.285964794
3.0542060568
2.773382962
3.176817185
3.055438918
3.470524037
3.110604306
2.91904733
2.8212424151
2.599857142
2.957641825
2.954605773
3.141026596
2.976674892
3.5307997501
3.60351691
3.17518329
2.9767578197
3.5937431
3.109414214
3.027505084
2.939902419
2.888914265
2.81360888
3.251936343
2.782203567
3.275476362
3.196021645
3.164935761
3.320667772
2.871204128
3.067083144
3.292486513
3.217950606
2.943319411
3.200500685
3.405076411
3.320960078
3.208643386
3.034974535
3.1016400877
3.018109376
3.1725168919
3.384349101
3.02095911
2.8341327558
2.983828509
3.54356948
2.833524297
3.34790074
3.520473875
2.745270698
3.537271751
2.947378338
2.918136574
3.174082994
2.906256956
2.835080944
2.811575128
3.273824221
2.797108067
3.40641475
3.341868046
3.5264773184
3.121921284
3.0152573608
3.171657799
3.702955365
3.3613514833
3.16486002
3.180980821
2.660221088
3.356975711
3.493068171
2.8779039
3.273676383
2.234839334
3.35801493
3.40578535
3.52950304135
2.763147814
3.375087997
2.852100935
3.175575789
3.543867885
2.74747226
3.0108131
2.68682419
3.365890605
3.1490085508
2.892978903
3.160005822
3.016065916
3.2895464992
2.9306508355
3.2598168
2.529014984
3.506590207
3.248744992
2.840402631
3.512196972
2.7631817215
3.3492416262
2.762391338
3.580930531
2.928780318
3.774933152
3.38565354
3.308938137
2.511905252
3.543655287
3.00040444
3.5891390055
2.658309718
3.51167833
2.842127536
2.648382318
3.460313247
3.464027189
3.659940135
3.317845897
2.977953134
2.8568663808
2.6980651434
3.191524438
2.923981399
3.141563262
2.92696113
3.163485103
3.372696735
2.966640904
2.64896449
3.2382539338
3.406538594
3.338525572
3.5793953173
3.322658632
3.51076329
3.35182262
2.874931111
3.253706835
3.298931995
3.265291632
3.39639103
2.429668019
3.0989081939
3.163390718
3.8141463007
2.940196863
3.265269741
2.65445769
3.44947343
3.413066117
2.995980409
3.6934281472
3.688281663
2.764667226
2.237419831
3.17682687
3.116398413
3.364685743
2.904528829
2.87800313
3.4319989279
3.499410565
3.389496568
3.363226361
3.285791554
2.9936694284
3.402101384
3.0732797157
3.259876665
2.7906061878
3.114474502
2.635109001
3.200266822
3.259544153
3.556104655
2.559441264
3.211800356
2.991863733
3.1528944882
2.525097349
2.746032582
3.140391208
3.303636547
2.718109844
3.361502634
3.24583286
2.750677491
2.988449153
3.250137278
2.990721164
3.467190059
2.871447843
2.8628499995
2.703877659
3.008062432
2.9047731254
3.266131508
2.869261513
3.474234369
3.102947949
2.708710612
3.070505955
3.079215999
2.571264361
2.56590715
3.244687093
2.888887434
3.235236992
3.643956833
3.255157654
3.340727219
3.121942133
3.412608639
2.892073389
3.3347496864
3.139550737
3.274013624
2.3834548488
2.848969237
3.163426529
3.437517627
3.3014742318
3.290880339
3.303864001
2.963145935
2.628883164
3.164466691
3.025525325
3.286736165
2.9315899469
2.813594194
2.572941238
3.638090498
3.832945025
3.293737279
3.168585479
3.370037879
2.937950666
3.195631619
2.894980918
3.134637037
3.173307021
3.092372806
2.985489009
2.9666660248
2.973076626
3.013228048
3.44101695
3.468632607
3.3576991782
3.042748529
3.2578896609
2.400541755
3.057825764
2.425520829
2.737450752
2.320824197
2.773924844
2.944282753
3.730618159
3.601584089
3.190359939
2.349069055
3.124771017
3.3347615
3.016883981
2.987644906
3.574660714
3.05095122
3.155604428
3.733115177
3.689265796
3.595013864
4.02074009
3.5369459294
3.8052393
3.489212736
3.823604415
4.045780812
2.87914093
3.862695315
4.08821984
3.627071192
3.863247291
3.432198807
3.480808282
3.803975609
3.464735358
3.949345579816
3.755633685
3.43806945
3.252330729
3.539280253
3.501702696
4.1043016003
2.658324775
4.028132223
4.09066009
3.634720415
3.61447299
3.687625726
4.004059331
4.49454729
3.444230213
3.22267627
4.09441095
4.021257317
4.1480713047
3.726114505
3.6722064
4.04063692
3.92071208
4.141166981
2.72023706432
3.8633221
3.524983635
3.41338947
3.878398879
3.9520100166
3.7976541507
3.70310875
3.501477
3.149266809
3.566195977
4.271455214
3.635251465
3.23385013
3.27802444
3.0700249477
4.3405425
4.035675562
3.263641832
3.49881955
3.879366619
3.45437444
3.899709567
3.47278168
2.89318002
3.626254876
3.19738777
3.681788355
4.58961016
3.759694409
3.72045853
4.371466922
3.8941025576
3.69994694
3.1735821681
3.43510948
3.57016329
3.4076626
3.219162184
3.576480968
3.1669705
3.663738676
4.19556241
3.8469487272
2.98478348
3.375026221
3.287053848
3.48549776
3.771507066
3.82239916
3.145181024
4.30959477525
4.0957356967
3.60875096
3.238850669
3.62164212
3.4021182
2.610459211
2.9704650203
2.965055354
3.217761402
2.953884388
3.475528118
3.012658579
2.861049458
3.177715236
3.613620445
2.485362595
3.1484887559
2.666304078
3.128812578
2.8210856914
3.116116779
3.214424572
2.735262004
2.49489712
3.3903872205
4.09146312
2.92924209
2.965031174
3.201338249
2.854654042
2.940154933
3.407620028
3.276415707
2.978455652
3.421157272
2.8825657065
3.280634205
2.810855486
3.549243138
2.702916996
3.2649021584
2.717437457
3.310383112
2.4667550809
3.28381698768
4.017045852
2.951542956
3.590818268
2.872200215
3.764092778
2.3248039695
3.762327875
3.3952208472
3.6759894231
3.598245305
3.153589485
2.752851945
2.790792044
3.175362204
3.224136078
3.509746915
3.128379262
2.599015584
3.913803247
3.336784147
3.186691782
2.625964234
3.163913944
3.501337693
3.408183822
3.117665274
4.158654032
3.252380833
3.802079595
3.372874666
2.809700495
2.937352756
3.893501199
3.251334164
3.370598313
3.144758126
3.027952401
2.744385398
2.6540704083
2.805323279
3.045234408
3.2526717399
3.569553526
3.089369163
3.05893019
2.622137872
3.479122078
3.107253815
3.682128542
3.2978619842
3.230221968
2.604847975
3.238842862
3.2451453886
2.977383443
2.958305985
3.0626310335
3.430700526
3.032736893
3.69332642
3.889403057
2.962555334
3.424979271
3.300812191
3.467254614
3.581403754
3.409072478
3.90418529
3.690349877
3.806561724
3.544010191
3.127372439
3.24771788
3.530246884
3.722794418
3.5677497346
3.0965373025
2.8525819799
3.367520651
3.817070462
2.950334408
3.246156884
3.348616864
3.580611064
3.486136227
3.820764118
4.218342056
3.573452757
4.105483384
2.816090378
3.272507905
3.058315389
3.324986154
3.548097969
3.890562794
3.591946919
3.886223958
3.183277814
3.66589655
3.678262764
2.413325682
3.681485814
3.531591614
3.6865277287
3.538301594
3.079911914
4.107112166
3.645669574
3.538926414
3.751240614
4.024446394
2.775049219
3.604853785
3.911330636
3.582457914
3.361463065
3.654606867
3.64218257
3.294169005
3.38880486
3.4399209401
3.499410424
3.440302939
3.312841634
3.525047592
3.588187374
3.924132904
3.659905117
3.257472664
3.350660614
3.775106271
3.635298379
3.3700933257
3.166600115
3.36168739
3.255965634
3.5121509173
3.644885653
3.255404201
3.669258849
3.520007602
3.494122246
3.16719075884
2.981148276
3.256823864
3.480105627
3.376514054
3.426949945
3.376273305
3.570372334
3.856800537
3.1007650902
3.651629234
3.652820172
3.02493358
3.573410845
3.308802945
3.252964575
3.647448046
3.678764479
3.5947563402
3.6631962956
3.7289529
2.951241397
3.867677982
3.397360238
3.677054078
3.7032352137
3.155942871
3.391491977
3.7869261724
3.608212485
3.694737721
3.195592059
3.7758119
3.752431181
3.332757422
4.3582287905
4.030631057
3.614910247
3.604456431
3.7312465431
3.02139439
3.596451509
4.210710502
3.9984299109
3.398947505
3.048050075
3.79493287
4.2225575
3.3414269535
3.772132805
3.295881474
3.701428084
3.11446589
3.502591334
3.495090501
3.92879504
4.1367479018
4.37906736
3.278101365
4.06156057
3.504026253
4.0564576
3.658684398
4.24946411
4.29747886
3.5597647977
3.3984773
3.66187064
3.304837541
3.7842221916
3.22532301
4.1500319461
3.967884357
3.5967088099
4.1706934008
4.311576089976
3.893949635
3.623995039
4.053602928
3.033781511
3.771097886
3.664743314
3.553645199
4.0315006507
3.853676742
3.851312105
3.42663686
3.74314993
3.185847025
4.08802108
3.574717896
3.586259362
3.904881936
4.356495946
3.33236396
4.022519949
3.705075897
3.862303123
4.19769538
3.753900088
3.17772959
3.35785678
3.742388333
3.730285578
3.619070785
3.541059228
4.035810089
3.972756079
4.084212355
3.6394839239
3.57925182
3.75758648
4.219792969
3.557852993
3.61306382
4.06696105
4.322174723
3.416349408
3.425395016
3.246941896
3.1416097047
3.438098278
3.115963924
3.099253537
2.825677614
3.40919308
3.383380034
3.196910806
2.934076475
3.707130572
3.397353533
3.576413744
3.537062556
3.559292614
2.787467494
3.359686625
4.002963206
3.240969051
3.659582912
3.084102801
3.686148568
3.145147386
3.075108426
3.051244234
3.4765584016
3.605851506
3.517881348
3.122450579
3.899916734
3.480366256
2.7408391435
3.034742762
3.4012923475
3.156732976
3.308614311
3.154464588
3.409552738
3.55566991
3.316776366
3.008311865
3.127508486
3.855384446
3.2050402608
3.019493702
3.6620284645
2.988701109
3.294886126
2.9229469044
3.322207736
3.222513636
3.585920177
4.105389769
2.779784204
3.036508839
2.932221167
2.997414193
3.1296049167
3.674451183
3.185325706
3.614561142
2.781761737
2.657274736
2.961838676
2.908277698
4.06677137
3.312795669
2.885946913
2.847885094
3.2098041255
3.269673705
3.320747261
3.18039395651
3.267419171
2.735951464
3.9342795961
3.100982244
3.244117806
3.135382526
2.891200652
3.489042666
3.002106285
2.805337224
3.370032843
3.205959456
3.937128816
3.520234396
3.042809604
3.163045355
3.296908894
4.0571417928
3.838539043
3.682132467
3.883326691
3.687217474
3.206440865
2.948151816
3.765925756
2.922581936
3.237643229
3.83818215
3.8009423428
3.215213514
3.249162077
3.601281693
3.325612359
3.023929057
3.851373001
3.397151282
3.571239383
3.343517023
2.995692548
3.664785187
3.698151957
2.5820017258
3.078139406
3.271720077
3.5216632157
2.786133617
3.222788981
3.199276397
3.301305808
2.74647566
3.172069883
3.643552029
3.7103977267
3.471920258
3.450288577
3.192205848
3.442606633
3.1275442003
2.897429061
3.562622099
2.7454317281
3.3915369378
2.6867004056
3.356094079
2.787832101
2.912708471
3.3841046234
3.43691174
3.76325977
3.391422426
2.897973273
3.3285260978
3.7529927176
3.414494394
4.069981724
3.220523057
3.158910487
3.226301355
3.105175997
3.271074157
3.216776881
3.659944492
3.064512557
3.488993167
3.074181563
3.891091314
3.697489267
3.592701438
3.857457446
3.885610611
3.6524407659
3.545315243
3.710215417
2.978033133
3.428454168
3.066828845
2.996940082
3.226984788
3.185241143
3.147189585
3.075330183
2.935903546
3.17242512961
2.859193053
3.295314122
3.285037365
3.420463695
3.185910614
3.584477493
3.130322401
3.634228403
3.311310507
3.3074643116
3.750141242
3.772511062
2.993239946
3.20478375
2.773832296
3.393726917
3.7561300395
3.70109128739
3.417667527
3.545813694
3.452322196
2.938277743
2.88293977
3.23342906
3.7939220305
3.67561487
2.6086254132
3.298492525
3.239020289
3.4732974824
3.07634997
3.4670189976
3.50997243
3.662191287
3.27142336
3.109135798
3.64090403
3.913822768
3.461673133
2.975157302
3.972914948
3.368201967
3.6876622522
3.973565138
3.295095435
3.2846162236
3.604499991
3.662860229
3.912024707
3.895263782
3.13903155
3.143052469
4.02721932
4.07394743
3.231492086
3.31294175
3.492621301
3.336407075
3.60965906
3.70406610300001
3.93174799
3.82635769
3.52577609
3.020373767
4.19751226
3.64553223
3.24757790587
2.956383478
3.392117661
3.484512313
3.35458546
3.847912336
4.23967612
2.7538380159
3.718316621
2.52630024
3.848791066
3.4064737683
3.59691818
3.786918751
3.698679437
4.235860538
3.744929907
3.402505682
3.88025708
3.975443077
3.7360830899
3.00218651
3.97244713
2.89503507
3.48917616
4.085303344
3.93329874
3.373590104
3.48003558
3.036156174
3.901109249
3.5058177939
3.787458362
3.69663929
3.113475695
3.717777613
3.894515243
3.05312161
3.9255573695
3.3516309448
4.28888869
3.95169462
3.952124123
3.344386093
3.359962353
4.19226818
4.0281834
3.874549706
3.9199246
3.828632
3.53573279
3.184271915
2.64191751
4.4443539616
3.236444411
4.0887941855
3.077449289
3.810760764
3.782564067
3.530181717
3.537716647
4.480066717
3.200269017
2.922716223
3.539142611
3.637450193
3.378387127
3.283902707
3.613631847
2.792254167
3.467936948
3.921982317
3.841733097
3.2224608291
3.643199647
3.597609317
3.416064817
3.373358747
3.970789907
3.486592037
3.056173195
3.953597078
3.331893369
2.953203657
4.041251427
3.433845757
3.2658010563
3.244901223
3.69999319900001
3.101048847
3.592219467
3.103091623
3.340291778
3.488689687
3.673553289
3.180685997
3.3736356916
3.511050911
3.1901168273
2.946289619
3.369768447
3.568586819
3.530138071
3.298415989
3.545300969
3.987073267
2.648611369
3.072510157
3.262874487
3.272941863
3.454917678
3.653667283
4.339438937
3.639746137
2.9957428
3.613882537
3.324938157
3.482501092
3.445165609
4.149191447
3.567218811
2.801741642
3.357005069
3.050474389
4.135727317
3.647072297
4.101126135
3.032751517
3.440669087
3.265028739
3.547687887
3.919449567
3.380526121
3.1664779
3.407476278
3.203454829
3.4410698628
3.597677637
3.159598007
3.282793677
3.783731907
2.987958964
3.750450894
3.456445189
3.276603239
3.646666351
4.691436707
3.837524641
3.067370998
3.581419027
3.047748589
3.636285919
3.315912197
3.819217809
3.494307503
3.491984724
3.358532583
3.7937971433
3.7721839683
3.7928565943
3.3974647813
3.9133394993
4.0209727143
3.8915136093
3.4202402713
3.6504834643
3.0654534863
3.9174982743
3.9090074033
3.2129334013
3.7542801783
3.9160459863
3.9002269343
3.1648439123
3.4186007743
3.3324675463
3.8491066003
3.2708145643
3.8278328443
3.7687154643
3.2975117543
2.9832556357
3.1320545927
3.4601386383
3.2728032443
3.7869871752
3.2856406443
3.5574340932
3.4897846838
3.6372534943
3.5275484953
3.1948722743
2.9663138443
2.8700927693
4.0170260313
3.2076534243
3.1184041843
4.3919644553
3.5080485923
3.4052260243
3.7221117813
4.1105190473
3.55564553781
3.3300412943
3.7533755607
3.6189422743
3.7384869023
3.2072557873
3.6785237483
3.1115866043
3.5908735264
2.6553200343
3.1987954643
2.8369901403
3.6472439907
3.5202941843
3.5026789553
3.3988789043
3.6991575067
3.0175863903
3.7096329723
4.2644926443
4.2637158803
3.3901032967
3.6785342233
4.0343109433
3.7076691193
3.2952174183
3.3744584857
3.8295759343
4.2410829863
3.3269051723
3.9074839143
3.3506633233
3.6185750223
3.5685080378
3.5656843183
3.9702870103
3.6642130833
4.7496766403
4.0252657912
4.4347011663
4.1897452813
3.9218041613
4.0821442343
3.2072985033
3.4721491873
3.5735009743
3.58472990089
4.0847359903
3.6473881843
3.7171270867
3.8840207163
3.4921770033
3.59118427439
4.0560884713
3.3916045923
2.940067287
2.522705201
3.018716966
3.708048314
2.886587397
2.94128634
2.585086489
2.755419902
3.18932589
2.641520947
3.605770386
2.92633595
3.507017801
3.62652876
3.09263665
3.867106062
3.00973402
3.135456796
3.06562431
3.295512214
3.50009584
3.346729459
3.691686011
2.633270799
2.919859019
3.5156058718
3.84538747
2.720766372
3.034535292
4.066857176
3.797392535
3.6810974169
3.00862399
3.563017422
3.4003027348
3.4671155428
4.082989656
3.683565524
3.5388757297
3.328172186
3.11005746
3.989230097
3.37331897
3.595372086
3.367916391
3.25717024
3.06932656
3.24898163
2.933887641
2.890666971
3.270202113
3.43806722
3.348196715
2.736180131
3.002220347
2.666646575
2.935781602
3.574249198
3.227700231
2.89135553
2.861837083
2.99519486
3.0488680172
2.952290625
3.3300114686
2.773979569
3.80245654
2.8788589936
3.595542602
3.28137799
3.004047315
3.443606548
3.27483124
3.469981149
3.4772650224
3.128609026
2.411348005
3.356457972
3.80486877
3.26289911
2.659056625
2.99369436
3.66235011
3.009742212
3.262387452
3.704941012
3.28152088
2.897039799
3.205273655
3.346044701
3.339891688
3.46859201
3.419168407
3.698431817
3.43682263
3.18998016971
3.411925716
3.887640208
3.587620699
3.222140352
3.607786242
3.7025882485
3.39857846
3.935303068
3.423249081
4.055357161
2.787057421
3.619113546
3.195012119
2.9372438527
3.304400686
3.550352443
3.46214959
3.979897499
3.909501517
3.259496828
3.129285589
3.500553944
3.485554548
3.836087071402
3.38861079
4.003492391
3.613865878
3.778402442
3.221717991
3.282133283
3.171005283
4.1675647419
3.3706637342
4.138608684
3.01690824463
3.648108639
3.313143189
3.756182481
3.630921179
3.3310325895
3.5862487648
3.067468805
3.288550023
3.465118356
3.190943201
4.1505685709
3.802775435
4.02342048791
3.071641195
3.573332687
3.99997653699999
3.772065454
3.174221285
3.0124330429
3.470906455
3.407603321
3.643226221
3.003957209
4.010945235
2.96721602
3.5132326393
2.81081483139
3.236168751
3.352338228
3.702395133
3.711065105
3.50119402
3.521768618
3.293265291
3.105829778
3.61702966
3.613965568
3.029435688
3.0743462502
3.712523889
2.977764251
3.02356947
3.6475697152
2.980491101
3.724748357
3.593918691
3.658296646
3.949418357
3.585145119
2.916696501
3.19872085
3.7197401247
2.7220127789
3.602155378
3.649331981
3.884394151
3.3270472024
4.011050096
3.324500766
3.49779871
3.0216824884
3.613178391
3.076704311
3.204100749
3.65782199
3.756612312
3.397677194
4.085138615
4.029578338
2.791905898
3.348837543
3.62714255
3.898227559
3.9063169689
4.22480849800001
3.656468035
4.064072
4.151018311
3.33026712059999
3.399557809
3.20913032
3.78536352
3.494984947
3.49532588
2.907478746
3.768698461
3.40408523
3.155475705
3.313381448
2.933953995
4.24996974
3.1691523271
3.596044137
3.860900483
3.337871063
3.2657180515
3.82623353
2.980248625
3.305895304
3.6113237579
3.58156934
2.929407281
3.2070869635
3.6619355306
3.064006737
3.683699709
3.04004703
3.355420975
4.250071243
3.714903257
3.4429659687
3.308642414
3.953932096
3.711003643
3.780347019
3.4077479805
3.424438495
3.51085232
3.46037611
3.850921057
3.3892762466
3.7185998678
3.34708086
3.79152092
3.469833075
3.8554728997
3.54483718
4.116714763
3.83386133
4.06317678
3.838684228
3.795664565
3.738362315
3.691370079
3.48273937
3.15344916
3.04928411
3.90612536
3.977577062
3.248474248
3.29331619
3.31236998
3.5990506
3.86496822
3.877696265
3.3190721325
3.829743066
4.4727749413
3.21819281
3.371783042
3.914866623
3.27958257
4.28429413
3.261131033
3.65875305
3.66895032
3.090356394
3.4832599158
3.9331585838
3.625152446
3.71945787
3.779860506
3.08930214
2.99795008
3.87183072
3.511824252
3.703903372
3.002210012
3.08955666
3.43872633
3.387286669
3.28182556
3.20041118
2.751486135
3.539185496
3.74110006
2.94134948
3.27407109
3.319576618
2.612185229
3.414313314
3.754548992
2.95354656
2.867874242
3.628211578
2.926022823
3.589686588
3.48045244
3.015124585
3.627312009
2.759160856
3.695624131
2.730518905
3.238383777
2.89551139
3.47788149
2.77640685
3.1336232
3.7205086716
2.73872153
3.031917085
3.28416516
2.814224644
3.3269436
2.8972786609
2.942849228
2.723429947
3.629103355
3.266048071
3.9401218815
3.08089206
3.548677165
3.286709897
3.18916392
3.471130539
3.18023296
2.93768657
3.210285095
2.978798655
3.41232169
2.5159242
3.533350509
3.24504007
3.310521515
3.391818479
2.82552677
3.49655855
2.930268968
3.064588405
3.255672161
3.236925463
3.20790826
3.171744113
2.70763094
3.53040688
2.741501098
3.8166994389
3.4418064
3.502503427
2.958687809
2.903198051
3.29994065
3.378862634
3.256659653
3.4249715398
2.936164699
2.87234754
4.045465916
3.15102244
3.320716357
2.944574454
3.154233981
3.02443739
3.442570459
2.616578302
2.530158792
3.2687534697
2.9981117855
3.55490486
3.273088102
3.21276285
3.2648057944
2.92362823
3.23170164
3.85815188
2.762510794
3.503566027
2.27681839
2.440948419
2.684518495
3.363195699
4.000717987
3.278010057
4.056504187
3.137512887
3.264800376
3.095607397
3.751949904
3.474733558
3.116342948
3.05205981
3.628355567
3.487242613
2.77045456
2.693794921
3.333939137
3.166138979
3.051331561
3.381504238
3.567897277
3.393188296
3.073731267
3.312304447
3.532354597
3.434298647
3.153610652
3.041081699
3.027187552
2.90431549
3.343942233
3.410961925
3.973224326
3.285179017
2.804792032
3.101783222
2.898281687
3.490942547
2.723715827
3.035609559
2.143722909
3.204525979
3.389721037
3.064388914
2.991299855
4.089119167
3.070827877
3.519576213
3.4854286732
2.669749659
3.045127618
3.348727009
2.832367437
3.266344237
2.939930042
2.854124627
3.574552296
3.302057937
2.639005556
3.124674107
3.068084005
2.978303796
2.988168527
2.617051827
3.2068173385
3.119880729
3.246694737
3.168957852
3.952345717
3.426417317
3.8621133659
3.174698167
3.405299105
3.422040832
3.8302822335
3.337992597
3.22142934036
3.204868787
3.314181537
3.535130606
2.478284219
3.110571747
3.423665685
2.963773997
3.209869658
2.887832869
2.631277547
3.439772207
3.610035231
3.376611649
3.100940867
3.119782088
3.043076182
3.866269965
3.099308927
3.121598994
2.685463408
3.632796187
3.266962728
2.818788423
3.8300036397
3.1285307863
2.7394163593
3.53684385142
3.5032580483
3.2893711313
3.8534807787
3.3324593337
3.0679690137
3.2021568237
2.7983922743
3.3678990277
3.6268827317
3.2807039197
3.4740753083
3.1371494583
3.0969768993
3.6713863227
3.2817897897
3.5150446333
3.21963547138
2.9027773437
3.0525835777
3.4884940363
2.6638687367
3.32722605304
3.3684068837
3.5567675187
3.9342642433
3.8243663837
3.8037546523
3.3426568937
3.0567237657
3.7333389972
3.2884841247
2.9399981547
3.2840160947
3.7834875237
3.2855660723
3.2655019267
3.1966087987
2.7085573667
3.5973447647
3.3728228447
3.4267043057
3.0802383137
3.3258504337
3.3489127073
3.5457938627
3.6485900287
3.7639220053
3.4499473363
2.9887622637
3.5016941937
2.7376216397
4.3200690133
3.2237009453
3.1684475523
3.3825428037
3.2795343817
3.6152909383
2.7426734697
3.5853198838
3.4484115593
3.8511270117
3.5787321463
3.3775316087
2.9620854263
2.7831448563
3.6982004497
3.2735372427
2.7916663613
3.4189917457
3.1332783557
3.1172500138
3.3318360663
3.1224316763
2.9762919457
3.4468007657
3.3858009053
3.0790837907
3.3914383703
3.0486065872
2.7598481702
4.0631884047
3.6497858123
3.3699546263
3.6770324937
2.8018390507
3.9515892882
3.6427725737
3.0417697997
3.2575797543
3.9498961783
3.1033721947
3.9191190587
3.4694751309
3.6343876937
3.5525782977
3.4241730107
3.4396711995
2.6542833515
3.0585159375
3.9885648745
3.1401070265
3.3041520115
3.4421215115
4.0852827495
2.9586325515
3.6802122995
2.6558961995
3.2624164909
2.7516223195
3.0607658165
3.1246862555
2.9017659725
2.9837686595
3.3395732215
3.0811923866
2.7618222495
3.0451360815
3.4602321315
2.9255196225
3.5793516215
2.8995003515
3.35818469419
2.9154464115
3.8215645525
3.0857856225
3.4942865255
3.3108070945
2.9452814625
3.1334879265
2.7373061545
3.0762702805
2.8478093925
2.7177968845
2.7897140915
3.2125820815
3.3077207495
3.6698818215
3.2421354165
3.5844907929
3.3882437775
3.5608685785
3.3090540705
2.5593792115
3.1832599265
3.1509189235
3.5131178815
3.4980569665
3.4505693015
3.3312348485
2.7811709395
2.9904430815
3.4202207815
3.4317108445
3.3730317472
3.243630581
3.2592115912
3.1774361095
3.7075044995
3.0639134155
3.3820887795
3.4076129715
3.1668040485
3.1664197295
2.9409536815
3.0261373065
3.5413491465
2.6945590095
3.7381228375
3.5724078925
3.5344095465
3.2581695315
3.1320274415
2.9866884605
2.9301411365
3.8687278815
2.9695678895
2.9696614315
3.3995362385
3.3689633845
4.1227209355
2.7427497635
3.5295789355
2.9808745752
3.3054848315
3.595707752
3.4378988185
3.3055473325
3.6571948115
2.9181550225
3.0610098655
2.9810437105
2.8149854395
3.5301367655
3.0943367205
3.3033945015
3.0555619495
2.6636309733
3.2234330553
3.7725890703
4.0010282787
3.6991470087
3.7229705087
3.2025939747
3.2125166627
3.7626471813
4.0163078917
3.8293086053
3.5654401717
3.3352123077
3.0855404191
3.4959254519
4.2457987833
2.9502952587
3.7200382767
3.3187740613
3.3754970353
3.9450255617
3.3228737933
4.1003914279
3.3693163067
3.2129931137
3.9037209242
3.7440853157
3.9665143337
3.4807214378
3.0323634367
3.8584516433
3.2980724823
2.9703110733
3.4563697237
3.4125547987
3.8612575462
3.2822361723
3.6478757077
3.7786353213
3.1810484903
3.0237485817
4.0245352693
3.6485701293
3.6321346847
3.3366108397
3.6590252688
3.2621237792
3.5713709113
3.6866995843
3.1318951037
3.1407814897
3.3355640233
2.7870710267
3.1833038275
3.4662727873
3.1561030417
3.4295549343
3.5036086763
3.1297058317
3.8313732987
3.2060094787
3.7150561343
3.2078322147
3.2496142113
4.1999018337
3.6463777983
3.3279227163
3.7752655767
4.1007493133
3.7842821737
2.7850599313
3.1627801033
3.4859151113
3.6180573033
3.241863699
3.1667642767
3.4404874477
3.5063473597
4.0501849387
3.0722365587
2.8428805957
3.2946994677
3.8437272403
3.9966783063
3.8225562767
3.1708832283
3.8259786123
3.6245416487
4.1948451277
3.8669943567
3.6301559797
3.1762675387
4.0411461113
3.5818751537
3.4995299283
4.4092247003
3.8793378977
3.0833687087
3.5170319737
3.2844655577
3.428067392
3.300973372
3.375101842
3.561635394
3.368590057
3.7401233474
2.4603394071
2.96636447
3.314544412
3.443003768
3.443811814
2.783043524
3.215366625
3.041063412
2.980812702
2.647373522
3.445827804
3.678685162
2.363226322
2.889693596
3.3924013037
3.673635694
3.156691136
3.190151681
2.823892518
2.775132394
3.584768721
2.590851452
3.122763045
3.087464828
3.162688804
3.372789262
3.052753573
2.911320444
2.644376236
3.241994051
2.821997822
3.844562158
2.539291422
3.240909834
2.238971227
2.723211842
3.375611155
2.807748932
3.331249424
3.3161276836
3.70603422
3.410215849
2.855043531
3.207282166
3.018026008
2.77976207
3.710550089
3.573936846
3.017528492
2.995675825
2.72451367
3.187950942
2.649288342
3.333379121
3.47669705
2.9497322747
2.556306637
2.433433565
3.24435158889
3.5026293564
3.568350806
2.864163192
3.475483433
3.645481212
3.2015074572
3.410823742
3.563679624
3.396989302
3.047660674
2.433609249
3.30241149
3.084910894
2.901847144
3.4204885091
3.172061662
3.7554361766
3.276620731
2.8190572801
3.040603196
4.062511582
3.4769250711
3.281173874
3.218690842
2.758941663
2.913784415
3.04844664101
3.289809608
3.126605624
3.347188557
3.685320188
3.423009092
2.914355022
3.1524333124
3.925676067
3.16776654
3.491830938
3.047509416
3.445323105
2.80553084
3.0058666662
3.66373452
3.362891011
2.6683045729
2.684026472
3.224114575
3.512239722
2.912932681
3.061614305
2.812978445
2.999436154
2.58748096
3.241405911
3.274053185
3.018291558
3.328357375
3.3645716844
3.572023356
2.767066465
3.246249385
3.000009481
3.315133962
2.507775637
2.975028981
2.845057636
3.174553603
3.126443604
3.230220405
3.120471781
2.9525043531
2.38838147
2.745884179
3.526294307
3.0378495019
2.7046321224
3.230433649
2.939622134
3.3967175898
3.39382177
2.73057228
3.158378114
3.164314232
2.792789781
3.435262515
3.546479946
3.9735764904
3.7426281859
2.973695782
3.292158802
2.914106514
4.0594318225
2.230864702
2.882590868
3.85003273
3.349094021
3.248961525
3.954166555
3.560500596
3.710484493
3.206526705
3.162686845
3.089574867
2.2928164019
3.29348166
3.028111673
3.006789474
3.030977129
3.8165469928
3.180920145
3.065174306
3.278391647
2.94084321
3.4599528747
3.2209839
3.021016273
3.403624094
2.8409677322
3.056134077
3.0573878
3.252742795
3.812320353
3.323246147
3.598177469
2.860446955
2.813994465
2.7044223694
3.028760807
2.676874289
3.759515189
3.132954333
3.710464134
3.46285864
2.5283684657
3.514538753
3.435337015
3.5816259
3.526580238
3.929382738
3.336604578
3.605673059
3.45966859
3.12346794581
3.203910018
3.487720923
3.784072079
3.408086057
3.932451072
3.08990468
3.9648353655
3.2747287274
3.891217583
3.75206988
3.589419658
3.6415129244
4.0656989193
3.59344337254
3.388978465
3.363715623
3.314706643
3.7932162
3.538520438
3.85026275
3.254368017
3.0460696611
3.462167122
3.624949098
3.6730983469
4.064721309
3.153522591
3.631851775
2.932159811
2.954509824
3.80542052
4.510255105
3.386154811
3.3630541
2.825024611
3.3647559383
3.369732941
3.009242778
3.374921248
3.218888188
3.703495595
3.798949558
3.803022171
3.420349712
3.5044318
2.744255138
3.5217986873
3.1969741
3.082288364
3.653867496
3.336797062
3.44060099
3.207611972
3.37213878
2.78949682
4.0111064318
3.294454653
3.77401162
3.825386095
3.886354163
3.368080548
3.021854165
3.28073678
3.348068435
3.238050184
2.935470087
3.4703202846
3.307410612
3.578319947
3.6841510335
3.092925909
2.99686774
3.488647232
3.378726282
3.438198169
3.908152233
3.660384169
2.805840256
3.433916799
3.573458612
2.726727563
3.250807706
3.115237254
2.730835608
4.166811028
3.527113911
3.130707884
3.28943886
3.493242031
3.711293064
3.956341146
3.787621688
3.223503568
3.5035822222
2.355051303
3.183702777
3.691629714
3.456155037
2.972750876
2.719880127
2.851002251
3.172997021
3.1157246365
3.264597678
3.250891162
3.403758613
3.045649337
2.791767714
2.718700065
2.987854335
3.355118637
3.23880895564
2.516579873
3.380583617
3.2839532702
3.557295827
2.869338937
2.839339708
3.436320667
2.992568185
2.551272136
2.717110099
3.685745093
3.105529333
3.4817707082
3.113747073
3.8377769526
2.842873887
3.559136847
3.235218975
3.383865187
3.581596229
3.2911811793
3.247306715
3.1718898015
3.184292121
2.980304681
3.284364992
3.403940626
3.115129349
2.868722527
3.852655717
3.042864014
3.286044397
3.48731178
3.0510188936
3.708287763
2.896320233
3.639841613
3.51895443
3.124289531
3.25281686
3.5745629537
3.209647503
3.193444067
3.394623066
3.2936281206
3.073181633
3.725335144
3.363762153
3.394483463
3.437126431
3.169684793
3.152373168
3.257183363
3.11770381
3.401890928
3.681930386
2.990112892
2.972434403
2.845499413
2.9022642896
2.852119475
3.723772704
3.559325353
2.930512045
3.1829966632
2.966013179
3.247553532
3.783934882
3.290296163
2.718930237
2.872527903
3.0164885944
4.187330354
3.853364097
3.44172329
3.834628307
3.883797069
3.035795347
4.0656588646
3.168155367
2.572464389
3.18664074
2.8383176799
3.52079962
2.93115848
2.518972165
2.63585119
3.348038367
2.93379319
3.352657555
3.549588906
3.18668322
3.1731151
3.444086512
3.436878447
2.72574018
3.63610845
2.94520839
2.60936722
3.644752157
2.856474186
3.3407701
3.420786044
3.51593022
3.913245673
3.039784042
3.04061729
3.107768753
3.59877055
3.343692943
3.05221639
2.77010421
3.703395185
3.48917335
2.97361108
2.94746531
3.240426215
3.111591031
3.37125963
3.11104884
2.95999463
3.760519258
3.60653674
2.460648813
3.03635631
3.316007273
3.11206277
3.055479675
2.87694371
3.08513952
3.030223447
2.90970222
2.984147079
3.33406293
3.6650637312
2.87649576
2.9704946191
3.15142955
3.75104541
3.41146172
3.49767476
2.71346478
3.688655822
3.289681523
3.221293713
3.44692573
3.15865958266
3.505561465
3.133126831
2.95604618
3.611521772
2.961956183
3.00749146
3.49652369
3.3404958635
3.10895268
3.264996333
3.29282806
3.30874647
2.506920398
2.996033035
3.259906769
3.51788121
3.307980849
3.690391911
2.843328276
3.565784036
2.955057799
3.41283512
2.943080743
3.57263001
3.12591886
2.730658678
3.26833814
3.07581694
2.77243084
3.397334693
3.122231412
3.572427132
3.4192125
2.77982221
3.53225671
3.88013957
3.302603972
3.240436544
2.87885985
2.957462489
2.990978828
3.83941166
3.24687702
3.30173926
3.42624435
3.3418828
3.2666954177
3.21842979
3.20005478
3.521374919
4.159606371
2.840708228
3.256553038
3.06541163
3.4599838649
3.549889155
3.109468472
2.93490227
3.7072881
3.194897384
3.391196327
2.948657986
4.075348526
3.41104828
3.333351839
3.09372438
2.722837983
3.38570519
3.45481642
3.42213367
3.58873271
2.80835888
2.85542242
3.45971858
3.371587419
2.6080889
3.32640008
3.98263099
2.600624303
3.53388602
3.855998168
2.655657103
2.98440162
3.1215898422
3.673152893
3.055167965
2.89479505
3.42623936
3.0795706
2.95473569
3.399061953
3.607794777
3.53058701
3.76103669
3.9746383
3.67721095
3.340956446
3.486258736
3.41835198
3.35854297
4.310820619
3.916636
3.551495971
3.172900305
4.01288535
3.252590997
3.380795607
2.765679771
3.25133792
3.938953817
3.1835287
2.68405931
3.482555757
3.308756349
3.143518374
3.446964548
3.029975474
2.459239337
3.789394073
3.41300137
2.96345228
3.563880997
2.64865899
3.13089003
2.882527351
3.557171287
3.0393622214
3.431529767
3.75211485
2.91084257
3.021420623
3.3397656
3.597103869
3.82561069
4.0144613722
3.5491352177
4.0725458662
3.2304028522
3.2313523942
3.0813543282
3.0749371252
4.1009958362
2.9458567322
3.3640151482
3.2273865445
4.0292129122
3.1941317182
3.5397350082
3.1324149982
3.3416125702
3.3478044072
3.0479439482
3.3810790355
3.2315650077
3.6466452152
3.7048221582
3.7264659202
3.4137883642
3.5042631172
2.7128400772
3.8999963532
3.4594036842
3.1149397882
2.8873725082
3.5112616812
2.6566631762
3.6925143322
3.1435754282
3.145095994
2.7118611782
3.0064839458
3.3409103282
2.8358434282
3.6379547212
3.2507355958
3.7824503092
3.7743172682
3.3885060977
3.6957622112
3.5780437462
3.6842649052
3.3031513782
3.5053995704
3.1243033442
3.1048168338
3.8986897582
3.3325458505
3.3474499342
3.8792848012
3.6760123762
3.9969549992
3.0788126193
3.3875519772
3.8516493102
2.9243076672
3.2397321282
2.9540589858
3.5133285922
3.4171804242
3.8096569922
3.276060995
3.5883365632
3.8482647321
3.4679594702
3.79621642876
3.4350946142
3.1378076882
3.6066782832
3.8103732532
3.4698415542
3.5258759032
3.4730041252
2.8874422942
2.9064896842
3.0884624062
3.6934098089
3.3479810882
3.3876432532
3.4437659732
3.3726049452
3.9153757002
3.0321785982
2.6435686302
3.3278938642
3.2759306134
3.6286089142
3.7152584262
3.0768094302
3.5018402942
2.8338856002
2.8343234562
2.8459686062
3.2725942222
3.2215837492
2.94779321
3.678567528
3.080856982
2.931966468
3.735678072
3.433206412
3.242520412
3.4065596458
3.179068724
3.207403498
2.875546462
3.455769738
3.400630702
3.542158321
4.208055789
3.033495089
2.9941138948
3.400338199
2.5337373
3.8880776023
3.851811988
3.278369752
3.121124272
3.337009582
3.292155643
3.909647786
3.494393302
3.67233128199999
3.439557192
3.058596192
2.7681039206
3.241248982
2.834200305
3.514406912
2.888655284
3.293961102
3.419956292
4.054307132
3.271406299
3.6153107547
3.278882429
3.766498052
4.066427504
3.701394168
3.516606252
3.357259103
3.894666662
3.040609479
3.394960962
3.8267603504
3.387666399
3.821081182
3.168780296
3.229798948
3.001728172
3.969092943
3.408838782
2.845832862
2.893791892
3.43277221729999
3.679251843
3.858252298
3.4594317988
3.1526987511
3.420329949
3.174490208
3.195498227
3.298339302
3.566010432
3.229641432
3.496376702
3.512488692
3.486216188
3.395428492
2.955499858
3.749306166
3.498898852
3.357894599
3.585152282
3.091241932
2.498965725
3.446171601
3.056478552
3.466786272
3.477647544
2.829265237
3.4879187708
3.623527322
3.209319132
3.077156889
3.1693983
2.848754672
3.162643382
3.538795242
3.399393061
3.448817663
3.22602633
2.718296872
4.221215769
3.100974282
2.75544599
3.4065969326
3.572858853
3.07542565
3.505609826
3.00494355
3.829860807
3.571784048
3.746540556
2.6157615234
2.534277929
3.484546925
3.198494765
3.09474286
3.44391702
3.45702126
3.2744425895
3.072259416
3.316051397
3.1331756
3.412220775
3.523078213
3.367163899
3.256393897
3.530196199
3.137017402
2.846710174
3.25636736827
3.26198572
3.851033246
2.685681987
3.04429344
3.70603685
3.299240524
2.952491448
2.893478737
3.423068454
3.658247219
2.897879473
3.778695061
3.38996471
3.243013784
3.27310599
3.232950294
3.728573912
3.670984817
3.43987505152
3.11210625
3.698061122
3.50672547
2.975234899
3.555818153
3.18564952
3.053564726
3.105936854
3.6632714708
3.14082753
3.0220674541
3.209243131
3.010742819
3.274432011
3.0543269108
3.199924091
3.152214031
2.820023066
3.334215222
3.868852106
3.097704806
3.589254997
3.192215405
3.55446039
3.515994737
2.554582466
3.63411439
3.876011889
2.868259592
3.480762908
2.952936366
3.741316453
3.2245438
2.882559802
3.364653201
3.2168743997
3.020935296
3.32823794
3.363820796
3.07940526
3.138639917
2.833904495
2.807447712
3.1657112967
3.0049247351
3.496289155
3.333980489
3.200036401
3.03723574
3.1941334516
4.000629255
2.50158889
3.598478529
3.759367064
3.185122466
3.584612594
3.164326394
3.3304095979
3.732646491
3.439822244
3.29240363
3.536645972
3.896884524
3.578562414
2.960756564
3.236714201
3.599641574
3.98869822
3.186221339
3.714591853
3.269903714
3.16841881
3.299656185
3.683179024
3.899908639
3.813112009
3.718685574
3.785416634
3.738816587
3.137068301
3.226613236
3.204625143
3.609111665
3.350347815
2.999410973
3.121664845
3.777189506
3.8344051678
3.1579406882
3.065616292
3.688589795
3.8559750145
3.677376626
3.288628895
4.318382528
3.395742064
3.419362193
3.64293593
3.283074854
3.398782704
4.225599374
3.468332343
3.409065354
3.091129941
3.083861332
3.963456836
3.354472729
3.603942672
3.049337526
3.74427040161
3.533658094
3.618324185
3.557396485
3.344938636
4.331194694
3.17083485
3.424454544
3.832961147
3.972685487
3.818750488
3.447753582
2.885559074
3.715293974
3.324048494
4.367237694
3.586501214
3.654990053
3.431834134
2.381285436
3.460702783
2.635986161
3.52601179
3.321109281
3.2612893389
3.947708594
2.845650154
3.329539931
3.954907144
3.718588812
4.263566174
3.794070438
3.749375352
3.672219104
3.456652924
3.36450317726
3.045310484
3.550470287
3.34106669021
2.788108794
3.320307501
3.585075845
3.888906708
2.821693599
3.322816247
2.480338663
3.5069249571
3.930603763
3.364982187
2.895798027
2.695970035
3.1383130204
3.748197485
3.463998241
3.415490645
3.124999306
3.23860076500001
3.629681067
3.369630052
3.006247521
3.410142692
2.944916967
3.005402593
3.360037085
2.685990215
2.440321178
2.534129937
2.950439995
3.067471355
3.456254846
2.751468245
2.953646434
3.166130497
2.975927517
3.33036174
3.6514093826
2.86204626
2.963581992
3.004426455
2.960011944
2.701785324
3.269348072
3.585022964
3.259357333
2.517459782
3.298311225
3.270341705
3.140045276
3.115213142
3.077426264
3.05384761
3.350106149
3.259993984
3.525203815
3.236776515
2.722678135
3.387632415
2.837716971
2.861845773
3.214846405
3.526871332
3.270563238
3.144010983
3.256038798
3.142162
3.328394823
3.080503762
2.812407757
2.889102385
3.468317775
2.986160389
2.854568437
3.045843647
3.094758235
3.158775388
2.984013518
3.085209373
3.374988811
3.321350673
3.229156315
3.243993777
2.869090645
3.719470682
3.078729315
3.542213434
3.267177735
3.712617397
2.956973073
3.099344976
3.911825785
3.691498485
3.083453433
2.944764037
2.9344316599
3.066087527
2.45681147792
3.404139027
3.487949237
3.999424193
3.841028787
2.98629074
2.908156415
3.297151875
3.07850734
3.094598505
3.322532439
3.44987396
3.30574409
3.296738738
3.7665577676
2.96447664
2.64231012
3.399979987
2.746675338
3.7728261379
3.2503917
3.53822703
2.97301512
2.96780986
3.55902896
2.831207611
3.2460400376
3.42823304
3.97166233
3.503916624
3.347135551
3.42024762
3.11908867
2.8956749965
3.15268135
3.35334925
2.988313003
3.366410662
2.646902414
3.068549405
3.12185658
3.359861829
3.66493708700001
3.668004418
3.81883457
2.6977588091
3.48603712
3.184341764
3.01747108
3.75975629
3.5920050901
3.275113044
2.94693702
3.402928933
3.9325384205
2.59788382
3.566713151
2.8913444015
3.52999922
3.054448167
2.84909551
2.502271408
3.534772529
2.87208191
2.9894424532
2.663370205
3.258366791
3.3388898
3.5024117731
2.98257434
3.787407637
2.943918657
3.653076755
3.079268702
3.1944148786
3.4215517953
3.4296551
3.6114509924
3.2412444093
2.75691313
3.275276632
3.231573219
3.27259269
2.658809425
3.09319605
2.786035164
2.919762801
3.7612110497
4.068100316
3.530484376
2.92499541
3.313075364
3.31050438
3.15826579
3.40362879
3.77468598
3.662587172
3.16580347
3.65925827609
3.07069615
3.5942544444
3.086743732
3.153814867
2.972376225
2.8684967612
3.455916779
3.20736489
3.451154816
3.197236859
3.31913965
3.62432539
3.59242999
3.424807134
3.543201907
2.89191571
2.48989437
3.75401967
3.44592129
3.33390582
2.87616973
3.619597026
3.77394486
3.266030487
3.255454988
3.024264573
3.19783432
3.676831982
3.03617701
3.32222298
3.342953019
3.33904447
2.764594813
3.61704414
3.580572776
3.9951554
3.27396731
3.509939781
2.95770177
3.38898455
3.3249232
3.22570877
3.717281037
3.08759748
3.356913779
4.197531603
3.41900019
3.56729647
3.12539244
3.75856986
3.408304104
3.290380446
3.588961833
3.23760583
3.571843078
3.34549832
3.56702215
2.95173525
3.314809202
3.610609799
2.87460994
3.59531624
3.894748522
3.580362879
2.63182703
3.58534266
3.559613178
3.551659354
3.0192886151
4.09492663
3.01595395
3.411010052
3.62802991
3.39157482
3.33714409
3.239680441
3.09780437
2.758684928
3.04953626
3.76071259
3.04094752
3.086708279
2.947731112
4.046412095
3.265205087
3.25710519
3.7103136658
3.16949498
2.957554075
3.02165551
3.33001389
4.167515152
3.017328808
2.96693259
3.13787135
3.361767654
2.95615101
3.967873123
3.56448918
3.70901408
3.4017733441
3.304541035
3.410866933
2.84886276
3.37532585
3.148195129
3.330345718
3.364201525
3.37649731
3.2151342
3.685486806
3.44401073964
3.795185493
3.9065111799
3.381876492
3.103223679
2.940811598
3.032427794
3.3911374075
3.6595823733
3.529796177
3.5531014899
3.406153937442
3.4171237139
3.494297435
3.871934872
3.730913992
2.8477940632
3.718505447
3.690895632
3.675090454
3.070761431
3.495446097
3.5879821696
3.288214722
3.607297198
3.724863006
3.9267257582
3.775015847
4.024980012
3.3219696915
3.167198962
3.982064501
3.9650480806
3.318958469
2.935916398
3.694352365
3.1738951165
4.061554384
3.6852409765
3.622227996
3.393115173
3.1280703949
3.744520923
3.125900547
3.5302113527
3.591973177
3.3470123878
3.9520130571
4.017689616
3.288462373
3.431643561
3.377319645
3.863154963
3.249488905
3.791615707
4.038533605
3.6170815158
3.9268252304
3.712052744
3.872881031
3.169478319
3.593195163
3.383751492
4.022354836
3.129575971
3.833479927
3.195093933
3.72902897327
3.764709866
3.473109486
3.448956368
3.7267102458
4.397441501
3.430393345
3.570015188
3.26371751
3.879331486
3.3738959138
3.076024886
3.277809804
3.56441306
3.98384557
3.520384514
3.800232014
3.596247093
3.607073445
3.962193655
2.896276187
3.869734709
3.7687226672
4.243526106
3.51632721
3.255115554
3.480318795
3.652610967
2.879580701
3.414999765
3.588674215
3.1491571541
3.368262016
2.587746782
2.628696721
3.05532091
3.166058873
3.162954573
3.0502608537
3.10978492
3.35635136
2.629046019
3.30042089
3.410604447
2.87181313
3.3200237442
3.5833971
3.688121105
3.01434245
3.523641375
2.912834079
2.896306084
3.257031585
2.879142226
2.663147395
3.09581593
3.2411728907
2.938522329
3.41740918
3.726290659
3.34817941
3.375965036
3.6315256136
3.591665713
3.43182633
3.25359131
2.806261882
3.3869245946
2.875133685
3.431912067
2.93634827
3.12948523
2.656842706
2.948198804
3.287683122
3.707292489
3.028345244
3.20791099
3.309204469
2.529860574
3.751482272
2.951166499
2.794668239
3.1152537497
3.43956106
2.74630159
3.312869547
3.230832672
2.433061138
2.66734606
3.645604869
3.4329605679
3.141946968
3.088202083
3.29596988
3.417557207
2.981765056
3.199177491
2.570295
3.209456501
3.07996688
3.192955436
2.877973907
3.47929947
3.403418617
2.982935178
3.27257572
2.695816329
2.47124515
3.225264446
3.509777228
3.123079117
2.881459903
3.051534523
3.397303855
3.25238269
3.426133974
3.2893773345
3.577117643
2.819751572
2.775578196
3.2729997789
2.872870706
3.3563868272
3.070626577
3.482548068
3.125724094
3.368684402
2.85306528
3.150212387
3.0936689449
2.730171403
2.776987941
3.185937511
2.7683395823
3.327708029
3.9515037579
3.698140331
3.637832803
3.090673823
3.757075074
3.549096932
3.336090594
2.998314802
2.974675407
2.914506739
3.6708725803
3.618117626
3.497219974
3.371900075
3.0556105442
3.427216195
3.066802323
3.596367401
3.4583825675
3.607410868
3.361365654
3.449285203
3.616797292
3.8936589965
3.541032761
2.954323081
3.981086044
3.2626955248
3.314144415
3.635924756
3.369079255
3.72609119838
2.756464972
3.50196616
3.160196668
3.544593636
3.386572421
3.069532821
3.186456891
3.00354424796
3.73930873
3.244407741
3.871601867
3.100921503
3.277386383
3.7142207033
3.41621091435
2.794806225
2.9091217665
2.906639477
2.789399972
3.318060531
3.111960571
3.623402429
3.677775751
3.383431881
3.976621801
3.608897939
3.776090877
3.3294759362
3.6399041088
2.853479374
3.552358201
3.413739729
3.478688851
3.024016795
2.809137506
3.000973528
3.561324038
3.174549517
2.680675996
3.164588184
3.183725491
3.160814645
3.2056573344
3.668185745
3.965432016
2.929895325
3.570175212
3.782205546
3.036315004
3.719034257
4.0562251935
3.476452214
3.276726907
4.371261149
2.789773434
3.258426928
3.9094037847
3.7385703261
3.5111593542
3.235008644
2.936862461
3.167572592
3.575919761
3.828859346
3.037646327
3.334850628
2.94055992
2.84855093
2.2547116198
3.2049693167
3.52701763
2.75798385
2.76620364
3.0483551
3.073505464
3.95448796
3.0641731308
2.519136805
2.647890468
3.08879933
3.25863757
3.193456801
3.045578756
2.70028918
2.72939669
2.984822132
3.365384176
2.87853223
3.465925694
2.89467047
3.48188362
2.595775101
2.745744626
2.76097158
3.231903946
2.39566384
2.71743823
3.421716161
2.527270856
2.99030409
2.60298111
3.914228707
3.271657757
2.33677043
2.699136932
3.3768901222
2.91448906
2.85402628
3.344722628
2.965089547
2.06954487
2.62422133
3.01921682
2.58964548
3.37368989
2.75228165
3.115882988
3.608228388
3.432856886
3.095492831
2.912992509
2.751337163725
3.60769261
2.49368812
3.02580498
3.380096002
2.88346412
2.939581794
2.56087227
2.993498413
3.34270124
2.94886184
2.88349516
3.06678303
3.057849559
2.77222504
3.0982519952
3.185589373
2.84974855
2.960678894
3.26561432
3.311485902
3.38527168
3.682118331
2.417660378
2.86721438
3.500531001
2.93142841
2.35264773
3.426437794
3.1370889
3.254788902
3.381979246
2.73764802829
2.547965467
2.76408028
3.013075469
2.381738584
2.311252264
2.60093271
2.06424205
3.403869749
2.75372046
3.535187613
3.0643841449
2.957323878
2.842531612
3.025707386
2.97630682
3.6120634652
2.986884521
2.815845406
2.3120640409
3.000591353
3.219093026
2.9497150827
3.130626433
2.678785956
2.712042754
2.959762966
2.498018723
2.81704613
2.633798949
3.226517507
3.225105523
3.08569811
3.145852626
2.94676917
3.784304687
2.841123789
3.234631755
2.91790866
2.907984009
3.005039939
2.550580841
3.188803431
2.932994695
3.262067247
2.727550604
3.23647156
3.296525638
3.1849557092
2.822764403
2.494607908
3.006766576
2.837108363
2.404921995
3.469679425
3.246391841
3.0176556248
3.31573678
3.906677434
3.051972338
2.8460531206
3.462292643
2.536344731
3.063826944
3.042794777
3.1092306567
3.2025746211
3.1629279929
2.909897614
3.327104021
2.85324037
3.808061355
3.194287577
2.79253531
2.820384143
3.374670047
3.317367065
2.723446185
2.97571457
2.774046725
3.688708187
3.358856581
2.999075135
2.9276970255
3.244285751
2.548174119
2.8489387
3.0291046965
3.6585375995
2.99324241
3.075434495
3.06923314
3.65019651
3.2292755135
3.884486321
2.620326275
2.438046628
2.9991468446
2.9900042
3.526274939
2.5397347492
2.841576335
3.004190418
3.267028796
3.448106292
3.03974704
3.12600849
3.128143063
2.832719807
3.288713921
2.798491696
3.724600794
3.622383474
3.2860987234
3.985807743
3.802781216
4.606324163
3.168974979
3.533640492
4.004628124
3.826648866
3.718546816
3.587717476
3.795068054
3.628565509
3.9904772011
3.560725552
3.862945232
4.490976398
3.792862097
4.003742224
3.813795334
3.8685612
4.173434587
3.436114898
4.2772773852
3.862659204
3.780856001
3.3619666809
3.444546249
3.924787327
3.754889206
2.794341704
3.740418002
3.548801541
4.120280636
3.6365162946
3.266591804
3.1563101687
4.222113644
3.711646286
3.593887136
3.133619961
3.846911664
3.539237885
3.4009880589
4.217643567
3.676758004
4.09636092469
3.851066484
4.441927004
3.606361504
3.619195764
3.775573174
3.440356614
3.891124621
3.25740485
3.830049974
3.359232786
3.897174514
3.043005017
3.148712329
3.41891183
3.788223864
4.4282271437
3.884955804
4.10785315
3.977012058
3.531674862
3.223695735
3.430875002
3.830679723
3.581310574
3.6374444061
3.86644762
3.404415814
3.774569076
3.479688308
3.404758476
3.757085198
4.799261774
3.811425404
3.810728188
4.003467304
3.707773748
3.758679181
3.473245186
3.824528242
3.805546159
4.097057496
3.601247289
3.9328439259
3.263706371
3.555152282
3.176074814
3.381524276
3.8340099
3.881914674
3.974122261
3.440669167
3.168450465
3.6837099318
3.7856234317
3.3764178252
3.8745684412
3.2320082618
3.80500744265
3.2188350918
2.8133691402
3.6121556068
4.0281087752
3.2961651338
3.7746438738
3.3621310892
3.5443478348
3.6840921588
3.0926223814
3.2550331918
3.6789587338
3.5428696648
4.0248179548
3.7542121328
3.8310380252
3.5387684188
3.1963224152
3.4837408968
3.9919109902
3.6684131968
3.1200605798
4.0500656668
3.8389483748
3.5646331178
3.8281733239
3.1877629252
3.6615716468
4.1481198928
4.1596604492
3.1822005388
3.5730642318
4.0063813148
3.3453162818
3.6187636258
3.6786345752
3.6874363218
3.5990101826
3.7522773202
3.6468101132
2.9644388118
4.0090731728
3.5715767372
3.7972507888
3.1664600998
4.4954297412
3.4653606728
3.4270351192
4.1734001616
3.4573818168
4.0272950738
3.6204412388
3.4100308082
2.7978118738
3.3285959178
4.2471133188
3.1460836177
3.8545225388
4.0680869028
3.7850165128
3.6304152568
3.7646016122
4.3027567291
3.5729330952
3.8859021018
3.4138568492
3.3418756788
3.2061315208
3.4692325038
3.3905843068
4.2700202888
4.2320722458
2.9667452222
3.1103563468
3.6796984808
4.0399457528
3.7746219938
4.4040145684
4.1891659118
4.0903909698
3.674582095
3.2881251828
3.4503241642
3.731209579
3.4440630368
3.4755736412
3.3927467112
3.2476747078
3.2716652902
4.3912804168
3.1887204492
3.7319413968
3.7624656132
3.6724996418
3.792945955
3.4253939831
3.290730755
2.676748397
2.950350998
2.97054815
2.971119508
2.721163372
2.640492024
3.475758654
3.580453898
2.931046628
2.845737888
3.212033085
3.745811088
2.647834183
2.8177597829
2.678416209
3.449035641
3.006739718
3.056041382
3.37873654
3.217145708
2.337160279
3.179413549
2.850483998
3.0684216549
2.861576688
2.682409013
2.673598218
2.8301871688
3.458505522
3.095428258
2.982414828
2.911254338
2.539157383
2.836395728
2.812709416
3.710250602
2.834982788
2.800709541
3.089253614
2.864021699
2.49954518
2.393269253
3.140307706
3.452187518
2.6971211314
3.368163347
3.0378441333
2.5301587
3.521077788
3.378124182
3.408945067
2.978293793
3.171539198
3.039774418
2.908622338
3.511918878
3.598761267
3.109618435
3.3465021723
3.561237135
3.279371728
3.330517012
2.857047623
3.017304308
2.8512441917
3.018266292
3.448865948
2.966877503
2.7625532964
2.813190248
3.569379698
3.154129048
3.098518487
3.05028148123
3.140680454
3.231920953
2.472676648
3.93221163
2.087827701
3.005182186
3.113097363
3.042186512
2.97626391
3.130033046
3.429782071
3.451626658
3.214795637
3.566371672
2.7637800108
3.748377258
3.125412748
2.57447945
2.3050899349
2.913311379
2.566723626
2.990051863
3.073001988
3.645214532
3.653261087
3.342485038
2.939226827
3.947207258
4.4136216107
3.456250022
4.182927826
3.863712214
3.53567506
3.835700563
3.757622926
3.221338473
3.746450199
3.480113869
3.632861354
3.917532293
3.607432079
3.647482532
3.792057096
3.468592352
4.225900536
3.700884718
3.567251642
3.9201466046
3.3535280316
3.451241152
4.783731309
3.501926794
4.437109872
4.154792342
3.491744839
3.771285123
3.8670231824
3.201379295
3.864897265
3.353273499
3.649023762
3.251320936
4.03481579
3.621232232
3.455019809
4.019180812
3.987006702
3.9528604055
3.055139401
3.557207606
3.254312513
3.766588596
3.218399742
4.0790149135
4.777792737
3.412003325
3.993695993
3.1289991599
3.8360313876
3.990760197
3.724104092
3.791513795
3.017840076
4.068371252
3.044378397
3.765258187
4.0391122286
3.96173859
4.1144926542
3.709184268
4.035758132
3.6226320913
2.955472172
3.0725501975
3.790661361
3.272804579
4.212142322
3.632322029
3.397405686
3.579078762
3.812111207
3.22059703
3.986676884
3.942419602
3.093654517
3.508850332
3.824404399
3.301482932
3.378100335
3.864600675
3.8053158647
3.767245715
3.8569439745
4.076777152
3.917263741
3.6322826
3.319262464
3.651935197
3.904068957
3.419208527
3.271068215
3.833359648
3.399627803
3.813700782
3.593868727
2.5685175032
3.00522005972
3.019217257
3.095061627
3.6262497155
2.988255245
3.299188073
3.40002994
3.512678432
3.176102091
3.4047196503
3.155913986
3.249417195
3.660481055
3.756421717
3.62611762
3.589631813
3.002549588
3.195030435
3.58337596
3.560087748
3.610307272
3.100534898
3.657913684
3.46000693
3.487226808
3.598841009
2.993844183
3.633543336
3.638608064
3.585649104
3.525837446
4.309092452
2.85648856413
3.572004132
2.72652896
3.02352763244
3.302190455
3.52195743
3.9407616172
2.85451879255
3.446436138
3.008341845
3.59111564
3.087736536
3.39199782
3.245037446
3.502390161
4.04420593
2.845980828
3.737401962
3.100294687
3.768396994
3.612309542
2.741641361
3.13922945
3.56682525
3.029878828
3.289315733
4.087091652
3.536555166
3.834542348
4.081101009
3.644733992
3.706132292
3.332200782
3.504619166
3.416968429
3.991359423
3.744177028
3.273225122
3.608833232
3.452665623
3.52918794
3.22049794
4.04410402
2.827582299
3.311784375
3.78092645
2.906738818
3.1386541687
3.5004734495
3.98369763
3.681903716
2.61584363
3.10345474
3.22880212
4.007363303
3.401665656
3.634320605
2.671718948
3.409594568
3.245485439
4.46478485
3.647702692
3.6042717159
3.134147451
4.037303245
2.973976829
2.691623287
2.676057624
2.837613264
3.333234742
3.243042324
3.094408012
2.533679114
3.248448893
1.856646558
2.8839679488
2.18081179
2.810604446
2.806034546
2.983939784
2.001732364
2.814119789
3.016599769
3.523608779
2.395693621
2.806918925
2.899662609
2.505626084
2.549168271
2.835499424
2.841815163
2.867809386
3.039816754
2.722892322
3.344329334
3.239244094
2.806791867
3.138271064
2.367972559
2.935769324
3.216475844
3.342820284
2.597290004
2.611219994
3.0552221519
3.4248346881
2.716986046
3.265003356
3.021884325
2.813959446
3.035692424
3.349024424
3.050770801
3.045217744
3.023425439
3.070332849
2.1857395391
2.660221955
3.173012132
3.394056264
2.820201434
2.885629364
3.000684894
2.972344111
3.637010783
2.735708064
3.307061254
3.292409004
2.652867344
3.112596484
3.677075519
2.903263713
3.139783064
3.311914761
2.5656844945
2.899175554
2.779639544
3.010715804
3.013064879
3.434382316
2.756492077
3.588492184
3.664610824
3.135993354
2.926849564
2.553704214
3.045397067
2.967044764
3.055816954
3.009659606
3.307321886
3.381642814
2.374921714
3.239369579
2.439178884
2.953786231
2.631236076
2.570019204
3.112268465
2.453701878
2.989548774
3.223961576
2.993302741
2.818961092
3.026205219
3.823949241
3.561986111
3.892091956
2.9682828107
3.9841293142
3.985050535
4.096138389
3.395611328
3.6418847431
3.516986793
3.417709336
3.767397491
3.335845376
3.642041513
3.638458039
3.959660826
3.9351682279
3.2678310142
3.443273329
3.96962846
4.543808358
2.966785078
3.483693043
4.18600663
3.782948893
3.722878808
3.495305343
3.787542942
3.556086198
3.105812957
3.876038105
3.282941317
3.7410151944
3.486517626
3.684323628
3.742585425
3.600393907
3.390661154
4.090285915
3.525275552
3.933836509
3.9886136765
3.432187364
3.344803873
3.530339244
4.431455769
3.917037068
3.681767042
3.799269753
3.992490486
3.886516157
4.351236485
3.91898332
3.403269703
3.565196327
4.287261395
3.378696254
3.476199349
3.565953245
3.736484043
3.4596003787
3.980696837
3.276184413
3.888291819
3.641246333
3.424474888
3.703711487
3.834417594
3.846764051
3.467764101
3.44142562544
3.626881337
4.203848349
3.632974008
3.463053428
3.969402059
3.266651503
3.857148229
4.16048155
4.189065626
3.466356556
4.093915465
3.65617707
4.151651377
3.7525597408
3.655162067
3.689848185
3.389914212
4.179955205
4.022997376
3.66071506
4.079142809
3.946206994
4.158026935
3.242806213
3.895399885
4.139434412
4.028108068
2.8905261988
3.689638288
3.934204797
2.7580330452
3.094883237
3.378120993
3.009605242
3.048429783
3.249860827
3.556832971
3.714862157
3.247038529
3.280162682
3.546140037
3.5068348602
3.822423961
3.169619867
2.93267837
3.327954173
3.5753612854
4.569670915
3.596445128
3.038134835
3.492942746
2.775098777
2.885954987
4.033677536
3.346167357
3.6361817028
3.6887440241
3.680174897
3.045508428
3.117218973
3.452383619
3.331471232
3.267892022
3.304905649
3.3438180082
3.751228417
4.037459447
3.010392567
3.362116455
3.092352381
3.330441208
2.794345789
3.009629553
3.197489836
3.242039547
3.924418669
3.730024574
2.506213143
3.168370927
2.903693647
3.674484578
3.624641117
3.446257665
3.4065602729
3.291402507
2.780516257
3.847786906
3.243504263
3.142884311
3.096456092
3.355397374
3.296858281
3.247922725
3.008345278
3.016486297
3.446348647
3.252032661
3.048962903
3.936761643
2.922060437
3.631071299
3.84857053
3.9654851789
3.5262226213
3.676189857
3.490314987
4.055333386
3.251423597
3.856570897
3.432768702
3.422120177
3.533359903
3.6395086746
3.1984132063
3.7535859698
3.381722995
2.903662257
3.241416963
3.41929748
3.435213802
3.533898128
3.2360129425
3.834746363
3.202360463
2.825876628
2.935606157
3.060049944
3.46154409
3.2109440403
3.18878249
3.04837403
3.75746854
3.203531905
3.543221187
3.73365144
3.37588393
3.12496358
3.068332942
4.322867295
3.69232178
3.6762909
3.256534539
2.87206766724
3.80904278
3.36978041
3.650356174
3.627860618
3.27526966
3.438021638
3.326437897
3.486624455
4.11039558
3.040604863
3.637585925
3.459358898
3.631928686
3.670440835
3.863295905
3.652986426
3.51693684
3.270725908
3.170532368
3.57957589
3.853464673
3.792299842
3.1322024983
2.9536639547
3.654741557
2.873610175
3.150046725
3.64412573
3.278224451
3.77897775341
3.609161598
3.077042985
3.713288247
2.6945821615
3.892166739
3.62816067
3.398735897
3.94365609
3.13989409
3.287775355
3.761322711
3.07172841
3.546415735
3.52427884
3.507276356
3.6361953
4.03288999
3.578034282
3.91203464
3.88419629
3.700766205
4.056714582
3.657321344
4.483692348
3.460833328
3.133108894
4.3142998967
3.33949031
3.726103025
3.545636189
3.096571821
3.199436875
3.5117452961
3.75012547
3.990908292
3.0088070955
3.66711591
4.018295636
3.80812968
3.153517455
3.32428008
3.22530373
3.642489407
3.753999722
3.6753841937
3.47211267
3.319085292
3.166889
3.187247589
3.842685677
3.68120854
3.35435784
3.07660764
3.673952242
3.493878926
3.53352407
3.528337183
3.2907883827
3.6042842847
3.2895542157
3.3830015207
3.51724096665
3.3222542207
3.3445822177
3.1972232127
4.0259623647
3.5918647619
4.4637225577
4.1140386827
3.6327941957
3.0622801907
3.6859910247
2.9849669528
3.5390428757
4.1112323327
3.5160199691
2.8259174677
3.5522661007
4.5818010977
3.6560299607
3.1941752007
3.4738857357
3.3760385307
3.8447995357
3.2984879657
3.1762163067
3.2847402937
3.7296541802
3.1359073587
2.6729893207
2.6989105107
3.2641169227
3.9758461013
3.3722758357
3.7101600007
2.7220972284
3.0156305287
3.5987117307
4.0329675892
3.2507622607
3.8781282563
4.1048925007
3.7241991437
4.0760876757
3.4129296417
3.8465603707
4.6402726107
3.0681690897
3.4590876207
3.2468087007
3.2466466247
3.1239659327
3.1479953847
3.8028487407
3.608355841
3.8131128787
2.6864742527
3.3557153382
3.59183811795
3.3035982117
2.9871033787
3.8770166307
3.3831105297
3.8962277152
3.8823040107
3.6910317208
2.8998742407
3.4709099757
2.9529090807
2.8740524007
3.0612340427
3.6771551707
4.0522620207
3.5682315567
3.8316442007
2.9209173807
3.3042822007
3.5741609932
3.1329966657
3.4807443607
2.9430403707
3.3705599847
3.89208585825
3.4298055937
3.8927304207
3.4470545412
3.3036514275
3.5750373107
3.6062424807
4.1186392807
3.7566756677
3.4171787347
3.1408045007
3.2490404907
3.7548254217
3.8404402993
3.768422705
3.335976855
4.152133639
3.682899273
3.791387474
3.9150118985
3.987447784
3.602007245
3.592437288
3.57639868
3.869279143
2.98110071
3.457538985
3.556019765
3.449573845
2.898454794
3.0945162109
3.903053435
3.5175239175
3.649925387
2.987917238
3.70042239
3.836155485
4.15205495
3.782304614
3.250850041
3.4552259497
3.585183365
2.843570719
3.4331692602
3.593757238
3.351416764
3.659920015
3.786947445
3.4415091374
3.741151655
2.886276796
3.038426616
3.672600065
3.617801236
3.594298335
3.27116350206
3.539558575
3.70200822
3.793500551
4.160244975
3.8398383
3.220253041
3.266993265
3.55457613
3.7024526177
3.953799065
3.557690966
3.390583503
3.76304816
4.285028154
2.843894765
3.873100795
3.596802632
3.34921376
3.141215744
3.225385118
3.350777975
3.2970861314
3.536349455
4.318785675
3.850122139
3.661580255
3.4459343761
3.808597425
3.403459545
3.46288358
3.387915671
3.573686475
3.495835245
4.16326887
3.20104305
3.5202024354
3.783845795
3.750470883
3.765812084
3.124516615
3.54669048
4.7120889052
3.578343185
3.628821348
2.885732365
4.163371098
3.621688286
3.644049245
3.917583702
3.66967557438
3.34834614
3.378417858
3.434607665
3.451823188
3.509653726
4.11216381
2.855103935
3.702142055
4.246498081
2.969873184
3.82925811
3.67200639
3.44562823
3.35310392
3.682316171
3.34347972
3.395599113
3.21804553
3.20690291
2.57008281
3.43612668
3.350904
3.0678127088
3.214293429
3.631387671
3.232914986
3.3665456
3.41368
3.380294866915
3.087231976
3.097832643
3.105320347
2.75900104
2.889382762
3.971025093
3.326235106
4.0105708989
3.799107944
3.025081148
2.892961695
3.415872453
2.96572388
4.0982796
3.1019925245
3.2057189424
3.249311736
2.85854844
3.808263587
3.172959628
2.921484836
3.259804361
3.746044571
3.149149884
2.90287601
3.6631276
3.6794069208
3.5871110337
3.558127921
3.326015801
3.356641951
2.860441363
2.7480317718
3.942442995
3.280652093
3.30672656
3.33216006
3.16588737
3.275212007
3.249811428
3.60597604
3.63296401
3.4507571
3.334943105
3.258605961
3.539606306
3.057458796
2.71784308
3.222384576
3.027771783
3.325127585
3.4141508005
3.236067467
3.663568722
2.34544856
3.419614924
2.538299519
3.69999291
3.851354417
3.707188274
3.113076943
3.156407893
3.607766156
3.72847403
2.7966118749
3.432446198
3.03052475
3.87288617
3.274019409
3.614078609
3.7738749
3.1926328
3.44641623
2.732223286
2.775493716
3.569220483
3.230702097
3.1655326288
2.7192316895
3.130948693
3.5729286375
3.708630308
3.841236701
3.663284928
4.081981749
3.960249074
3.940795018
3.328049584
3.71197753
3.124652165
3.095419118
3.321150586
4.085018891
3.529321774
3.110634536
3.728990226
3.449014129
3.46575958
3.893998103
3.780636268
3.924211268
3.04632042666
3.21255575
3.0662850194
4.01581462
4.239736715
3.06218034
3.159510041
3.896233833
3.23295289
3.3547265846
3.771731763
3.984766293
3.64451038
3.1967069219
3.59128832
3.439516808
3.571693057
3.5751943641
4.039036659
4.306116332
3.489394888
3.03495773
3.717980017
3.4663306
3.3127069332
3.58913899
3.23145091
3.106538229
4.021277944
3.707674976
3.167964258
4.080838968
3.47558593
3.529883571
3.82095127
3.341932909
3.418776532
3.482139568
3.226971989
3.61260443
3.811252023
3.924350529
3.51733648654
3.37942565
3.416469108
3.98310294
3.230958963
3.78264991
3.6391588367
3.578188028
3.509159714
3.51589501
3.703873362
4.064565041
3.612538236
3.46380452
3.718213878
3.297050301
3.173716488
3.20915214
3.856476272
3.113085269
3.41946053
4.184665719
4.049814893
3.608329049
3.962826821
3.382290378
2.995758144
3.5869431445
3.343827305
3.184767244
3.568107418
3.4161832621
2.6505006096
4.13537861
3.317030386
3.59424201
2.797024793
2.461361044
3.4267811692
3.0414551813
3.700431683
4.185473973
2.916246825
2.855533155
2.854514342
2.629624556
3.378299682
3.639709552
3.249765813
2.898122658
2.830316942
3.0302769382
2.816962101
4.06605913
3.1328542055
3.282400801
3.531457255
3.416324902
3.491588766
3.191801585
3.829629162
2.762701698
3.240946408
3.5683124021
2.731448172
2.943497126
3.536309667
3.174973329
2.916743145
2.821349426
3.291715663
3.224025642
2.8091098906
2.820439142
3.456320797
3.196160652
3.25765094924
3.523453281
3.155419336
3.177997466
2.909046229
3.724790814
3.410679162
3.443399916
3.268166862
2.5134911836
3.8965297169
2.816729922
3.496836031
3.230486357
3.578738878
3.00297002
2.82179462
3.241220134
2.768171586
3.9638994293
2.990886982
3.487348552
3.033333825
3.370738963
3.943231675
3.329582503
3.07333732
2.782829882
3.088006321
3.082368182
3.522424098
3.704832928
3.5337049173
2.8736289621
2.8635232922
3.736820172
3.066299447
2.917252885
3.238702618
3.420492728
3.536396924
2.3439097071
2.846154439
2.758660192
2.806859346
3.145351958
3.753437976187
3.341784924
3.019652052
2.909513117
2.4399810525
2.762847303
3.207371874
3.638125405
3.596277145
3.39515941
3.0381080192
3.944845112
2.368387572
3.231338759
2.980075975
3.319698013
2.792822152
3.130628915
3.559101985
3.0705574287
2.675758215
3.383603409
2.611137685
2.262149409
2.789931143
3.549625565
2.778789825
2.756110547
3.512683395
2.778522596
2.9220112892
3.289326447
3.236868225
3.450579607
3.285028405
3.151416662
2.346554836
3.026746395
3.156417544
3.1656010012
3.256267005
2.923403185
2.478480545
2.675439789
3.500267205
2.647540101
3.497508399
3.385765326
3.487130527
3.081508075
2.83265012
3.040867245
3.024985251
2.273993675
3.120313825
3.0706441708
2.546018182
3.39903567201
3.184066685
3.45154384
2.8493548968
3.462241606
2.807896264
3.6467375001
3.145024592
2.893180108
2.877135555
2.523561418
2.894629445
3.2552633276
3.74965292
3.139422033
3.5464598732
3.3119923696
3.412074268
2.902526285
2.959812615
2.933188215
3.153511919
3.302168
3.592723567
3.031432677
2.40432575
2.826280745
2.801471919
2.881942251
3.428757785
2.952838542
2.68060180679
3.102226307
3.895000035
2.474421385
3.078354215
3.5794347764
3.1883949701
3.089248395
3.040718349
3.23796484
2.930040085
2.940093404
2.943196745
3.18594709
2.261277655
2.910488695
2.736412715
3.495968564
3.697538382
3.597474025
3.162374675
3.014990178
3.244591205
3.673806311
3.352491847
2.521301775
3.504996047
3.264222543
2.977771065
4.072868242
3.273604141
3.778946001
3.812925541
4.40977413695
4.585857725
2.995680018
3.292614559
3.669560813
3.9985968393
3.013785567
3.6209682749
3.529663546
4.100769384
3.7779779863
4.1609054115
4.202908101
3.36601712
3.617872884
3.567206981
3.310344004
3.1710925662
3.321668513
3.70819236
2.890678312
3.388910883
3.657560993
3.323993622
2.931904669
3.9901979706
3.806606283
3.465007489
3.427555449
3.944726999
3.0838662405
4.232262301
3.358652132
3.854156309
4.156496201
3.5985477706
3.942972069
4.413003291
3.481225035
3.827628364
3.823492481
3.772809769
4.173674841
3.383615944
3.6589910495
2.6768380319
4.212840273
3.890645193
3.373709845
3.941351777
3.846117983
3.470101403
3.800036304
3.619550009
3.770687878
3.395342213
3.581213461
4.436900339
3.890027795
3.373113198
3.905494025
3.756589519
3.937617767
3.82750636
3.7679885894
2.898493109
3.312730107
3.362388169
2.744187308
4.235816919
3.133745423
3.614076866
4.309968411
3.84233926
3.155666783
3.827177541
3.5425349151
3.774247661
4.127685877
3.811557887
3.193173151
3.344905388
3.064927153
3.546284441
3.43127233
3.241805959
3.462474284002
4.317142476
3.944127696
4.004114923
3.439954968
3.252162753
4.798846121
3.821508213
3.950099217
3.972996793
3.57031265
3.635578855
3.740554483
3.562677074
3.32715083499999
3.288976415
3.60631619799999
3.895304518
3.589160929
4.00817861
3.200614273
3.486642175
3.554840287
3.879134814
3.811992788
3.84594772
4.214496259
3.7779383213
3.2035073076
3.064537491
3.554130573
3.207610695
3.972022076
3.841146892
3.390919153
3.664862802
3.246264197
3.441711575
4.27410529
3.771998693
3.60689725346
3.985127592
3.98942587
2.925307945
3.636754112
3.8897028436
3.798914717
4.1180775308
3.950732002
4.26082436942
3.3873463203
3.862910729
3.746628192
2.865487597
3.7734369191
4.104068157
3.372625409
3.4927444335
3.479453494
3.311853751
3.7741659068
3.488141812
3.521670837
3.826519463
3.919381534
3.343851728
3.5020227142
4.028257987
2.98436106
3.4216806134
3.42126178
3.760655332
4.156039851
3.654887122
3.753834109
3.778013905
3.811830715
3.884782033
3.271512884
3.471470184
3.851904388
3.722652924
3.492706825
4.213941523
3.9212119418
4.003510726
3.871924105
4.196761179
2.827799816
4.31064352
4.2921390564
3.839111075
3.697434684
3.653839915
3.669444875
4.20412937
3.912532345145
3.583632152
3.674700246
3.656994599
2.8438396175
4.207595484
3.876676615
4.003496587
3.483206592
3.888054069
3.878140502
3.1617581942
3.726871751
3.628619985
3.736978655
3.441442298
3.187385941
3.1988731441
3.003891837
3.28981821
3.481627128
3.152086714
3.461631355
2.529388825
3.182463791
3.83312848514
3.012267728
3.4620036
4.3585563
3.500524475
3.772572363
3.150640955
3.50250261
3.29684676
3.111079029
3.515206855
4.01609261
3.737679847
3.132222137
3.508599326
2.766379359
3.414080485
3.133941229
3.181904875
3.232069029
3.380496265
3.767263917
3.279407771
2.935580449
3.180135239
2.8388616879
2.780196475
3.087665761
3.884605644
2.713546785
3.339508595
2.807978529
4.087773447
3.753194176
3.085265325
3.562762677
2.677572758
2.9662038726
3.28921763
3.68863641
3.214779949
3.945886655
3.736172184
3.149078403
3.378692727
3.45081841
3.251023675
3.089762701
3.509922145
3.346789855
3.516977262
3.792590986
3.397817405
3.236215605
3.8845300174
3.137974629
3.704390288
3.702635113
3.45592994211
2.7089707715
3.270805423
2.949688325
2.7791136664
3.23707656085
3.272028501
3.268858035
3.026480995
2.9420720686
3.2431104325
3.069994973
3.1628218128
3.22277857
2.922988901
3.544414017
3.268490074
3.432541543
3.430010227
2.749869634
3.026896563
3.48578673
3.518358248
3.0438641236
3.189771061
3.0541043808
3.463442306
3.1454403
2.985722711
3.081662536
3.400564878
3.456314059
3.976185403
2.72435926
3.31469455
3.077142017
3.56257653
3.857097535
3.411269288
3.12390818
3.352398819
3.08628632
3.38866961
3.94759408
3.16901603
3.58530763
2.869345552
3.520761487
3.0990352463
3.244272365
3.31161736
3.7711959336
3.633045868
2.977984031
3.679832118
3.81162237
3.0509333136
3.388347152
3.922802252
3.68976787
3.181708907
3.14184194
3.18207853
3.657585105
3.07820917
3.33434844
3.33163131
3.3918844267
3.1028597
3.21056622
3.224848184
3.030697641
3.317936061
3.50821132
3.656801275
3.72365824
2.74804596
3.75792817
2.929668124
2.891798043
2.8964998348
3.1466964374
3.002825038
3.251278142
2.844879928
3.2860746501
3.232355963
3.06643537
3.99238246
4.051194884
3.273634303
3.386653528
3.044525209
3.22205937
2.779607349
2.9599967106
2.950630979
2.98960295
3.898034493
3.620740042
3.532603275
3.78651058
2.73359383
3.08263159
3.194812027
2.399566548
3.374834055
3.8346251731
2.74235779
3.383224899
2.77218548
3.2842855142
3.356340494
2.860029464
3.55191981
3.050095835
3.18277443
2.707150217
3.800289682
3.000684038
3.519102382
3.25042217
2.883508269
3.20698704
3.40017558
3.53514695
3.110352849
3.33106775
3.4543318075
3.3600833591
2.6240128911
2.8092152179
3.0867153881
3.5178429652
4.1198113991
2.9411418771
3.4024932329
3.2184468069
3.4166581861
3.1884343289
3.3420769889
3.2724734355
3.2061250561
3.2451615741
2.6177731041
3.5155468051
3.3292323849
3.7060231431
2.8620035431
3.3241151269
3.5782265051
3.2364734169
3.8397571839
2.6230706611
3.4713345828
3.6096496031
3.7620582919
3.2101156339
3.408840206
3.1750823859
3.8584690862
3.7649285109
2.8919413591
3.2880790099
2.9762106621
3.1973075919
2.4698758291
3.3432672901
3.4859289139
3.4123647061
3.4632809589
3.6753056601
3.2351247963
2.3337046039
2.9451885631
3.0556911611
3.3030383151
3.7227204821
2.3794476302
3.1982496531
2.778201344081
3.7991991219
3.2438642479
3.6483925939
2.9039328491
3.6327342689
3.4136013341
3.0349553489
3.0215743341
2.8977510451
3.5110346869
3.8836891171
3.2988711091
2.8502332679
3.2605947431
3.3211360039
3.2677471049
3.0839210131
3.2487339889
3.8036303321
3.3995163591
3.6686962151
2.933712941
2.8459169231
3.5056877014
3.0519896509
2.6085051615
3.8769842566
3.1663018989
3.3492511429
3.5015549391
3.4775290279
3.3519042791
2.4647116789
3.4242507102
3.8300223511
2.9475264971
4.2493628851
3.5580461989
3.3393427401
3.0432749279
3.1436406279
3.3289619599
3.5011825751
2.7763106381
3.3113214141
3.0826641285
3.0640500901
4.0964505487
4.581758188
3.72188467
3.739613184
4.1090557466
3.575920854
4.02739685
4.057010004
3.867438715
3.91416889
4.51227666
3.916590417
5.07129841
4.921086284
4.05155519
3.667287099
4.095427283
4.06206525
4.08143199
4.229108773
3.4287515725
4.33090042
4.21212012
3.810046385
4.33818424299999
4.221026336
4.25915717
3.807190915
4.55992227
4.520331623
3.75802358
4.46953647
4.27434202
3.72430413
3.52102096
4.23155534
2.959507051
3.82163156
3.5021653
4.330342029
4.309551861
3.73996288
4.175842312
4.227673095
3.481777789
3.72410992
4.032057422
4.644919666
4.1424216
4.39780351
4.751206689
4.53509239
4.15270447
4.622285192
4.879461921
4.0632825
3.828061889
3.893848267
3.91192218
3.896423452
3.88003884
4.465306405
4.07662203
3.592204749
4.1400710149
4.78720602
4.312497135
3.871425028
3.92685744
2.94640233
3.8781790903
3.60478454
2.988001613
4.041441833
3.56483461
3.959463162
3.27630549
4.278128922
3.6499343114
3.51219053
3.96898828
3.17246902
3.6648446
3.78167158
3.72734195
3.714608956
4.22503385
4.0234675288
4.8151500799
3.48521218
3.282980196
3.766318918
4.643899552
4.348052027
4.167197633
3.986380229
3.65145474
3.96839446
3.57035174
4.1710989863
3.365268019
3.007047933
2.963026199
2.610198253
2.512165677
3.947033057
2.119267013
2.942723283
2.377773137
3.704474203
2.962914467
3.799153507
3.0171531259
2.987389232
2.540848069
3.024192877
3.018708767
3.4390873467
3.191404956
2.706842046
3.363748237
3.218283687
2.721760622
2.838032847
2.942293409
2.692129585
3.310673137
2.818806218
2.975986067
3.905026669
3.032403453
3.35564246
3.327621067
2.3004332094
3.38786699
3.3130446192
2.695719789
2.511073297
2.529522409
3.415560915
2.871906213
2.647046585
3.566882227
2.690544253
3.4426361721
3.318930067
2.769178687
3.131068876
2.986545843
3.119138625
3.1696272997
2.875422137
3.059638149
2.595720237
2.976319683
2.685674917
3.260643297
2.507439336
2.780243363
3.641698737
2.772950492
3.209598259
3.379633223
3.885472619
2.753702047
3.092833223
3.036745176
2.845374581
2.396688393
2.811069489
3.012767243
2.767645259
2.452904637
2.510158457
3.930199117
2.458090327
2.8936888246
3.000138567
2.662368516
2.752343275
3.153950302
2.871569107
2.729857727
3.647800761
3.486597461
3.069967531
2.174167029
2.965271077
2.714824849
3.392128579
3.195460637
3.212930722
3.029098627
3.0720622924
2.579232923
3.110718619
3.139480772
3.0516626143
2.835407772
2.847749884
3.384413173
3.272673873
3.095426773
3.232063485
2.906406317
3.701291623
4.069898044
3.288170063
3.862725956
3.867026563
3.001500934
3.714348979
3.328142564
3.3476792242
3.078914253
3.429946925
3.756910788
3.282010483
3.15582559
3.651957443
3.611893349
3.559481145
2.927297359
3.330413491
3.611448142
2.705093455
4.091594403
4.349889754
3.152135273
3.338988794
3.203320513
3.52952659
2.915008772
3.78024226
3.172032162
3.4710657656
2.9064741338
3.5347009103
3.3598539232
3.583420483
3.805080606
2.604500871
3.682040301
3.013370105
3.262062363
3.4608412512
2.718474606
2.944284815
2.639113304
2.988667443
3.133191155
3.308908361
3.20905717
3.092329533
2.836323894
3.580372343
3.3704580098
2.841516396
3.14412793851
3.328084193
2.9212421895
2.991050063
3.607274673
3.2176431403
3.159513223
4.097905638
3.883949053
3.716374099
2.8266787483
3.308258933
3.392937293
3.238382497
3.159329495
2.986175243
3.642796023
3.240777953
3.19282263
4.066031444
3.512439563
3.628790922
3.1968978787
3.031500649
3.225023678
3.072068454
3.399615982
3.127581951
3.414009033
3.222130683
3.2148925065
3.1853083009
2.702704126
3.770729028
3.078314263
3.640445952
2.91927709300001
4.3089374522
3.8394315286
3.578102013
3.059930883
3.368326419
3.083988262
2.8379421835
3.65212915
3.273652632
3.7745457855
4.000221661
2.9454877389
3.481804592
3.5682260017
3.283905729
3.738260371
3.275039098
3.39732454
3.3885502488
3.69559677
3.829466065
3.611902665
3.319740874
3.488547334
3.146092398
3.706973817
3.293666817
3.149104282
3.067481924
3.534210092
3.467564857
3.0903540568
3.772214316
2.937702757
3.385259828
3.6720946556
3.40199561
3.806501926
3.436628771
3.749066059
3.356827922
3.269940736
4.212618506
3.26599535
3.797816598
3.366417157
3.4339481582
3.412764825
3.447605923
3.390252276
3.726581583
3.4485593284
3.161887905
3.625979165
3.855036155
3.1238282133
3.641815621
3.114798853
3.7720674
3.25870102
3.406463203
3.961397848
2.854209105
3.543576559
3.530048594
3.6166872833
4.455583144
3.570971443
2.929903726
3.742787566
3.365893407
3.550033562
3.216831052
4.098766812
2.653487336
2.936635678
3.7420114299
3.589548862
3.552743938
2.94232061
3.1068105083
3.848387164
2.719566694
3.597696612
3.921995196
4.037433735
3.639639786
2.380867046
3.4269260455
3.7122977066
3.3756241325
3.124197923
3.227107163
2.950824234
4.1701223131
3.640570768
3.320213684
4.305507493
3.2731316
4.307188356
3.115365197
4.024152156
2.650782609
3.242216644
3.117763466
4.082175505
3.6525727849
3.299150411
3.217932996
3.925109935
2.937487245
3.272417045
3.898875457
3.635228506
3.5825058
3.579982621
3.8812413047
3.16165522
3.539203078
3.215614167
3.346231581
3.967639092
3.423666223
3.5252024
3.317814303
3.847333154
3.58226961
4.198463571
3.4153606882
3.547229806
3.569881367
3.671179435
3.425506617
3.841707561
3.457819142
3.899209033
3.0408230112
3.511044375
3.698594923
4.0220815741
2.93477184838
3.601683864
3.469191881
3.712247785
3.2318019206
3.591704609
4.130134139
3.388059845
3.22804972
3.886133212
3.437735872
3.5360598547
3.9137328815
3.458575875
3.882027513
3.483171784
3.732022325
4.186858053
3.974012223
3.132757247
3.792098522
3.115485252
3.6602144415
3.7880314674
3.425759318
3.8847768976
3.617885495
3.431350739
3.520701361
3.587074197
3.709459261
3.564370883
3.946320055
3.9295567379
3.879331478
3.967236478
3.53225039
3.17295508687
3.491804496
3.325791825
3.994053143
3.4661947667
3.187099919
3.592270886
3.680955078
3.601178374
3.733138883
3.624668235
3.621782085
3.958233838
3.201199914
4.029056929
3.844452752
3.240145153
2.901474426
3.165709043
3.460421278
3.154547085
2.958061431
2.805228575
3.716783997
3.628787446
3.05075492
4.382146149
4.316946961
4.406584309
3.8331029421
4.021029516
3.370959538
3.868999309
3.703954994
3.379963583
3.72156287
3.49450115
3.9613451754
3.37418112513
3.81344076
3.5593498622
3.213495175
3.198558571
3.971194135
4.209917242
3.04442582
3.686333359
3.5515991736
3.790737038
4.23519329
3.8650798485
3.76108822
3.0464696519
3.800917746
4.33561817
3.8313119547
3.786590759
3.161640261
3.33142401
3.60064383
3.33850944
4.214681422
3.033177413
3.375744135
3.7806849
3.755822247
3.62199452
3.87503392
3.830314164
3.456594015
3.9369165561
3.119736369
3.585670818
3.537661019
3.86144792
3.726575742
3.807854761
3.72993075
3.38054817
3.61509966
4.08370137
3.9530285228
4.029470889
3.0784296327
3.39415697
3.24262698
3.388175753
3.747998271
3.357340756
3.800650286
2.897265347
3.446213226
3.259407608
4.007552243
3.646680868
3.96397995
3.21161382
3.69049974
3.61768005
4.102990032
4.09732697
3.51140396
3.64526506
3.475458131
3.65487342
3.51555457936
3.499621192
3.838239214
4.12738381
3.077921793
3.375883
3.419119192
3.662037904
3.847413335
2.98936542
3.636215192
3.90934082
3.69773762
3.070432625
3.236270946
3.39006193
3.650279261
3.213974761
3.812600125
4.34643584
3.75772781
3.722540133
2.92927717
3.760711176
4.574496904
3.691093766
3.019226856
3.3965565828
3.331139012
3.913658799
3.632711826
3.556193716
3.241044986
3.628578395
3.890404619
3.199979294
3.370040816
3.676735383
3.455094206
3.53356883
3.403531669
2.584516979
3.478655594
3.969881604
3.185486275
3.319514386
2.854006665
3.479459285
4.294247046
2.681873576
3.800424779
3.413799236
3.780829776
2.9620645653
4.11156717
2.982243646
3.865475324
4.202637837
3.075388636
3.324639116
3.877816256
3.9796508199
3.032061956
3.424313827
3.821936488
3.212706165
3.731317445
3.348528116
3.085197993
3.298491796
3.780391063
3.796035361
2.948138895
3.40245733
3.945633191
3.51615143
3.174058316
3.499469184
3.216549357
4.003075616
3.383886351
3.299547926
4.116283466
3.674740396
4.150944262
4.021588943
2.749364236
3.8341525041
3.587634604
3.687868038
4.2519169506
3.659224844
3.776722846
4.20619956999999
4.016277821
3.949809596
3.69478686
3.211396181
3.608087125
3.740872727
4.04381717
4.154603845
3.771705893
4.04661292
3.6985519403
3.351979356
3.422027168
4.492471997
3.810622526
3.299581207
3.658596548
3.656681427
3.772184806
3.436591756
3.908689292
3.563846006
3.576313476
3.025069296
2.670961306
3.940480075
3.64550319
2.977237426
3.622856886
3.451703068
3.650746373
4.336324248
3.981807421
3.974899096
3.2156828426
4.395134352
3.117480924
3.280923558
3.829258289
3.257656858
3.678089231
3.855558594
4.967901634
3.983799751
4.328298382
3.552095698
4.423913809
3.657907814
3.5096221611
3.1879833411
4.339500006
4.167488901
3.6814384
3.172843718
3.717190233
3.666389976
3.986144626
4.427682716
3.3310513
3.380867777
3.718489507
4.240409721
3.858429288
3.771884081
3.916675798
4.106788229
4.0759828134
4.793810487
3.606987017
3.396603643
3.72303773
3.784350422
3.820050494
4.538612108
3.718925968
3.163420386
3.5503354734
3.6106474672
3.33003901
3.840953282
3.735998285
3.718079628
4.055635148
4.123894738
4.2936814
4.266515038
3.606258779
4.192066508
3.951765026
3.800804537
4.283817745
3.681964498
4.4139107034
3.8296237956
3.28224128
3.48579851
3.134418478
3.93169271
3.276122548
3.906952425
3.456681077
4.122098758
3.84121329
3.388459774
3.795887564
3.49972006
4.233278744
3.893373267
3.493058102
4.3397695987
3.230836788
3.382884074
4.266621022
3.333560388
3.995463095
3.9560567778
3.552468448
3.523218026
3.450159461
3.8197177864
4.238910953
4.53170527
3.900399618
4.09499599
3.3244505918
4.128292548
3.987871102
4.085570659
3.457239012
3.592455492
4.14622282
3.114215958
3.913177624
3.60978779
3.758709492
3.7989947824
3.366539686
3.458218252
4.125023781
4.00958103
3.952043233
4.516097619
4.491006942
4.088456942
4.3063959821
3.425308732
4.086060398
3.1638591127
3.595132252
2.945043095
3.836493402
3.253249542
3.579500332
4.12484437199999
3.922001187
4.588250597
3.3535787607
4.039331609
4.653215972
3.6544619095
3.535505322
3.6822410944
3.932663536
3.97776676
3.297735478
4.113314991
4.004529025
4.483154282
3.713937932
3.783165305
4.559854651
3.469699739
3.986989455
3.4364784575
4.147431018
4.092457815
3.0970236786
3.932742152
3.721140358
3.36932998
3.948233131
3.4804890877
3.962187907
4.318434023
3.276904316
3.480169304
4.108030412
4.426801767
4.121346583
4.391931115
4.485169929
3.458204055
4.040622895
4.36527797599999
3.072973357
4.686277049
4.09027506
3.644469532
3.17999137
4.152520561
4.289680865
3.788770361
3.37629696
4.251566285
3.996046209
4.321603641
4.176072662
4.044882268
3.5223097137
3.506449502
4.727999892
3.388104828
3.720243821
3.594731532
3.83031572
3.605168122
3.893074936
3.990493748
4.020926219
3.884611645
3.498546195
3.717178944
3.444408468
4.022307555
3.680583816
4.578782249
3.345801089
3.74030647
3.6534897
3.1533850648
3.5852623008
3.3435766118
3.6497346968
3.8463918442
4.4596574988
3.0348479428
4.0583859688
3.5752958708
3.1819867588
3.8455011688
3.7861214728
3.9508052349
4.1312000288
3.6784733482
3.3895766888
3.5823902688
3.4273897138
4.0825481438
3.3902565988
3.7213163788
3.2258728558
3.4483270852
4.0733758988
4.2995298388
3.0561291338
3.7182501998
3.8902582742
3.6450558458
3.3997712908
3.1739241328
3.3195770692
3.1376316068
3.7273660898
3.8203488312
3.2253602298
3.5345138878
3.7946582528
3.1196347138
3.9654827738
3.0604565872
3.2994973388
3.2578975288
3.2881053598
3.9145694888
3.4041055441
3.2269324448
3.5087907788
4.0075081625
3.5707606748
3.1757271202
4.4041007936
3.9326991968
3.3640914112
3.6498289078
3.0194141058
3.9395681522
3.4201758458
3.3033949158
3.3913618888
4.3492670688
3.4196433903
3.4482694548
4.1002727922
3.2350370548
2.8605463918
3.8238640068
3.4222255048
2.8074311548
3.1388481908
3.9106008818
3.5132147212
3.6079536338
2.9522091686
3.5088861296
3.3101860052
3.838177126
3.9765989338
3.6651882718
3.9022838112
3.3694240188
3.7661477653
3.5350199912
3.5899649802
3.1882619988
2.7045837558
3.5870124318
2.7031375612
3.4861934728
3.7118205088
4.0095224972
3.9676372028
3.2853327388
3.2672248976
3.8141873608
3.4366953988
2.6520211134
3.1656475868
4.4393534812
3.2786527365
3.393864045
3.082187571
2.675598098
2.966995886
2.827235378
3.6541767805
3.01702926
2.608322175
3.5655138843
2.371334051
3.451838489
3.325911689
3.358452521
2.919219281
3.7788650318
3.657847878
3.321011279
3.1993827655
2.568450999
3.495084545
3.397150321
3.7174652644
3.204950711
3.2181266517
3.230661185
3.734998835
3.170905316
3.655616361
3.230817811
3.528865461
3.33974949
2.375930428
3.931104265
3.587669913
3.550145881
2.968775644
4.249076757
3.396057741
3.531651836
3.123666822
2.571126253
2.693179111
3.297143589
3.31985910993
3.082491755
2.6747105426
3.246399111
3.298662251
3.45338224
3.147426041
3.2503370546
3.8301027298
3.3011829534
4.492938846
3.222875933
3.504638334
3.256648582
3.7639294053
3.128669151
2.857802001
2.878521645
3.758472104
2.680233285
3.354112678
3.768970936
3.715194954
3.184967381
3.097016801
3.352407901
3.177237251
3.388509576
3.204762715
3.573431424
3.126118636
3.3588010512
3.478461341
3.2112628887
3.523804313
3.505234158
3.474449749
3.340044533
3.961115088
3.266994392
3.104059715
3.702027645
3.555109711
3.133286763
2.95654359
3.251965465
3.005157803
2.953534443
3.483168841
3.839265853
4.01311401
3.18867486
3.003154495
3.865223017
2.774269725
3.403105757
3.51294584
3.4025927692
3.6910070198
2.5884202378
3.7513830902
3.5408946808
3.7127132598
3.7841048022
3.3774656562
2.7683671198
3.5048746102
3.8309611952
3.2578379402
3.7115450758
3.5317984712
2.7952195998
3.0075489652
2.7881667858
2.9292831602
3.3344263272
3.5491160752
3.7027254938
3.5118490128
3.0526470702
3.4209387372
3.6978920502
3.3251364198
2.8897948732
3.0401011998
2.7895800562
3.6031756502
2.6135081702
3.3676445952
3.5931187646
3.3024388292
3.8707225902
3.5589010248
3.0408264502
2.8443924522
3.2067291578
3.6782844108
3.6973565898
3.3574431842
2.3306977698
3.6532903868
2.9101933901
3.4835270398
3.4625516598
3.0152624168
3.6233063002
3.3410116202
3.0779119502
3.8774136142
3.9287362512
3.0011354278
3.2419287698
3.3309381702
4.0981614702
3.8588457828
3.1321694072
3.4584161902
3.3172259582
3.235252759
3.4138689602
3.1428687028
3.3461322972
3.0619944798
3.0509208448
4.1316321148
3.3756130142
3.9088212352
3.0471360498
3.2303097612
3.9044277698
3.4705408202
4.2424140512
2.7350843802
3.1058823898
3.6712953158
3.2630713292
3.2049162602
3.5575953498
2.9161019442
3.2163729102
3.1814830218
3.5649308898
2.9501436668
3.4382282912
2.8308027398
3.3837614718
3.4291502302
3.4146657672
3.2219302788
3.1430862002
3.2637201602
2.7630206712
3.3274181302
3.5699364898
3.4744797442
3.1581041902
3.0674262358
2.982137874
3.136885335
3.019082318
3.233359216
3.141861586
2.938795612
3.034722311
3.705299585
3.431006927
3.152871952
2.84168907
3.401783583
3.530336831
3.853973492
3.724440629
3.434767401
3.384287749
3.643593811
3.43926995
3.509723691
3.012500906
3.014642675
3.1628851268
3.075899371
3.234773671
3.01003128
3.071780653
2.813207133
3.2537058015
3.081403791
2.76316652
3.81796769
2.847884751
3.291498804
3.021905405
3.95982377
3.059084587
2.979626199
3.745441546
3.74245722
4.270542448
3.119011575
3.005601424
3.2366449465
3.361830294
3.87973861
3.796057134
3.328447449
3.391446208
3.686031335
3.31988231
2.826818541
3.253644755
4.227766822
2.92055302
3.187722524
3.518521139
4.0251869665
3.149296004
3.128772129
3.27091022
3.836694712
3.317949593
2.759189854
3.7358470115
3.255558896
3.6215488506
3.97929738
2.840204915
3.731650963
3.449655617
2.855833975
3.0792774712
3.882396279
2.352110468
3.41776461
3.2961231666
3.37615389
3.238463658
3.496836557
2.86438135
3.56673053
3.609161576
3.57878164
3.010299056
3.476681736
3.295042405
3.2520014606
3.316227158
4.111565071
3.058575984
3.363517268
3.003594535
2.973877524
3.563864422
3.254929314
2.683732403
3.115052854
2.860066721
3.34388798305
2.785896345
3.988491136
3.689217656
4.203439286
3.628181496
4.023841916
4.1019261039
3.095145231
3.854518036
3.666710186
3.822783368
3.329322786
4.177772266
4.180556656
3.1040988272
3.987838396
4.060503932
3.227401526
3.851299718
3.6319966766
3.498441101
3.099764385
3.636515884
3.560334497
3.165449814
3.585675592
3.968773336
4.199449009
3.633863756
3.768675396
3.840142786
3.155340882
3.442477374
2.730582118
3.333828863
4.365027826
3.6713490586
3.351752786
3.4817109759
3.453393063
3.4175544277
3.898191831
3.1643143187
4.384104486
3.651512163
3.545269386
4.166259619
3.560262878
4.073727184
2.961042756
3.756625366
3.911338856
3.9987577353
2.898827574
2.959953566
4.344730216
3.912591846
3.670308306
3.928220736
4.131474816
4.1860045362
3.556102566
3.942948686
4.403273876
4.922583366
3.256198193
3.765452306
3.909433176
3.933815359
4.269923026
3.367939762
3.745234453
3.963140956
3.324271906
3.858714276
3.770213946
3.586395926
3.348650286
3.549194506
3.726572112
4.097908616
4.88710210872
4.053340953
3.083352424
3.818849676
3.614704056
2.984409896
3.952051652
3.157232106
4.401213676
3.692232557
3.649640346
3.331763516
3.684726517
3.704672036
3.616567786
3.427121811
4.221106715
3.515287746
3.739047453
3.6161129577
3.41471015
2.92261699
4.425562091
3.146197269
3.57392334
3.443350802
3.80979767
3.698543373
4.245011269
3.996706747
3.727213342
4.51931185
4.35523737
3.396663112
3.7915303
3.3820186855
3.170762656
3.73221786
3.78147646
3.940637071
3.888930509
4.225061577
3.2811780098
3.553501192
3.972009151
4.05143084
3.594406194
3.18362203
3.573702305
4.31564308
3.253193893
4.001127294
3.33302555
3.654145152
3.0086975073
3.468868502
4.14732268
4.29896303
3.83475083
4.16394404
3.99593949
3.587734207
3.781697274
3.1018153681
3.4519636922
4.512934093
4.17739775
4.25518953
4.19570329
3.56013091
4.23478041400001
3.8634992884
4.0526550944
3.0800136
3.610262684
3.258780714
3.797501051
3.69292399
3.580085462
4.057292615
4.266640697
3.826279677
3.618532
3.47158053572
3.506807248
3.4916783
3.617407192
3.58741097
3.562056612
3.6723547996
2.762173742
3.852358515
2.9995199903
4.125446279
3.90884791
3.95174531
4.433388184
3.538099816
3.514843911
3.42118835
4.294172651
3.62383951
3.4946646
3.901653229
3.047269095
3.872455723
3.954930454
3.85791984
3.932897395
3.877976974
3.67927747
3.88721431
3.756073165
3.563026295
3.58700751
3.611963038
3.596719963
3.176682486
3.50235663
3.72152825
3.10262235
3.91211715
3.17164788
3.921071488
4.21737513
3.361017797
4.150737917
3.96822221
3.66779916
3.646516766
3.640811976
3.936870856
3.583849676
3.398258117
3.765562911
3.830406114
4.0977894256
3.98636226
3.375107184
3.84143666
3.4671230344
3.709010194
3.59382618
3.672309788
3.981090294
3.671288607
3.645875248
4.12323894
3.452733916
3.503476902
3.34515932
4.2681527
4.15906759
3.3985928529
3.92921868
3.94754629
3.38389539
3.325625769
3.418249359
4.063077688
4.31413972
4.5835009897
3.333775
4.30925678
3.309709569
3.477164361
4.273178615
3.23684336
3.63123269
3.647650289
4.041182226
3.834373887
3.827244064
3.511459478
4.124979307
3.2250016474
3.56433071
3.2587717235
3.413451804
3.87287163
2.9226500019
2.849781847
3.6496132578
4.351675321
3.537885162
3.736369068
3.5104803
4.21975629
3.236037466
4.275472185
4.15201842
3.189141262
4.274367616
3.086963096
3.76263402
3.140575914
3.846514685
4.1111395361
3.700053062
3.470536029
4.231647946
4.38526209
3.097885622
3.3226379648
3.74066742
3.6985879
3.83022073
4.199547704
3.678120171
3.3376149513
3.984391322
4.044822439
3.67093884
4.26419409
3.294875849
3.573508186
3.425705014
2.65947402
3.33368559
3.79414551
4.32025386
4.66182961
3.54566334
2.9700435837
3.60980492
3.5245250274
3.44876456
3.48133566
3.264152022
4.02122207
4.05771939
3.67043649
3.51081111
3.0528528
3.14566913
3.746967025
3.50800353
3.610719559
3.64737099
3.862579818
4.407818704
3.741924186
3.47981843
3.06496605
3.10309391
3.9010673407
3.475240587
4.2848340143
3.60837809
3.1497406795
3.66257659549
3.43598523
3.71039547
4.610038124
3.39966748
3.83063712
3.42941657
3.78819019
3.040277556
3.61938452
2.49973025
3.9492466031
3.370039078
4.24552281
2.84534668
2.90368549
4.00642819
3.28067336
3.12089779
3.00530971
4.356780234
3.713374204
3.07980215
3.97034087
3.795720367
3.557760996
3.19259817
3.29721706
4.2039940931
3.56300631
3.002321994
3.49570196
3.31030942
3.59176741
3.575320555
3.76583055
4.217071303
3.1096250065
3.269171089
3.6759511
4.011652612
3.480769686
3.335437605
3.636298237
3.87419386000001
3.69262348
3.939684266
2.70298871
3.116690578
3.612889646
4.05493446
3.349748115
3.67051866
2.82437413
3.323514111
3.262614054
3.659452618
3.43896717
3.481902425
3.465156838
3.7260487494
2.5963217064
3.75739699
3.891331792
3.709356007
3.402273545
3.37429757
3.700777597
2.84849107
4.020270224
3.868237172
3.090121041
2.905383209
3.5997134695
4.054946687
3.004573205
3.425767779
2.9764223074
2.159231861
3.1192508334
3.6165609173
3.658639762
3.459618341
2.8249721745
3.215518557
3.915727608
3.353088242
4.196437515
3.381678147
3.947733225
3.7271173491
3.947895666
3.260029092
3.703743993
3.4754924174
3.763755553
3.204893027
3.449748058
3.320228872
3.6291890637
3.5607257265
3.608543103
3.083588672
3.5207807313
2.760963326
2.571127822
3.458092733
3.65814026
2.681910105
3.1641630786
3.325750603
4.370566778
3.050543413
4.05375379767
3.936813338
4.089828299
3.771808182
3.285166403
3.357762522
4.086187615
3.255601822
3.730300152
3.892403983
3.496351945
3.688907532
3.4214131425
3.527488153
3.395103616
3.8157039305
2.9998028299
3.768803899
3.027694603
3.1995061464
2.963880379
3.75858259842
3.567820269
3.325511898
3.014907948
3.098524715
3.265970798
3.9799645566
3.077604928
4.426690428
3.2470213015
3.309945566
4.176022987
3.311807412
4.025226299
3.57086639
3.324219459
2.942401287
3.233038
3.223907089
3.14640122
3.597300238
3.7638079
3.2919632311
3.294210534
3.6071864536
3.047156377
3.809484078
3.185122518
4.146434652
3.529227814
4.080557373
3.815268552
2.644743736
4.450040478
2.672776669
3.884642656
4.20057542356
4.1038524079
4.335958101
3.98758487000001
4.0363222905
4.615088176
3.716993138
3.952792145
3.979154085
4.085614645
3.514707915
3.930832166
3.950888592
4.3771939959
3.9215672319
3.833796461
4.137540155
4.051287642
3.1584916
3.966332116
3.470718184
4.189852598
4.34965953
4.08842941
3.763143173
4.245517177
4.345816703
3.599956316
3.9865541509
3.6225231788
3.911746378
4.13998937
3.904658325
3.904039855
3.196131398
4.314812176
3.9631619183
4.59217326
5.06325648
3.406350046
4.700138246
4.189822175
3.714203081
3.453196425
4.541039643
3.916894102
3.5492794205
5.11782551
3.503092585
3.757410863
3.6347784329
4.569570945
3.84148856
4.61191737
3.143720621
4.2087025974
4.698048461
3.6787662714
3.584336172
3.862455764
3.582948249
4.201488378
3.090823915
4.204925923
4.047414962
3.62586608
3.9189067
4.001680595
4.122164091
3.965563023
3.836530046
4.277128684
3.517718655
3.535392552
3.33814569600001
3.773720939
2.86553581
5.3926098541
3.58745424071
3.245019776
4.21536253
3.514761089
5.067290542
3.109563247
3.488835921
3.584177746
3.899640038
4.184739269
4.263613957
3.607551949
4.243702816
4.713963036
4.225555483
3.187303116
3.69593114
3.553553511
3.763440505
3.72535447
3.802244634
3.302400613
3.43570842
3.206996667
4.054719634
2.8215035925
3.953062937
4.001138719
3.459465178
3.264410048
3.374924728
3.932364341
3.766693333
2.496799947
4.150797516
4.241102772
3.971733336
3.074750103
3.8676257719
3.628211775
3.0813942702
4.457916794
4.001017636
4.0171967
4.266120616
3.02735081
3.681398344
3.287953068
3.36802832
3.817412675
4.300662526
2.850199541
3.603126953
4.015181807
4.017593821
3.324937006845
3.111428064
3.290592806
3.9199471835
3.973094627
3.4631930735
3.862885143
4.2093398289
3.750279245
3.704673749
3.8639546441
3.575891473
3.816207076
3.942598543
3.496831606
2.889209322
3.570456406
3.673933987
3.899351449
3.451237218
3.757018472
4.101089723
2.81822813725
4.086508678
2.964330226
4.478033552
3.934548305
3.594282331
3.452734851
3.5342448471
3.577361616
3.145083007
3.197511537
3.304219275
3.839040114
3.48126227
3.94847147400001
3.2382880101
4.20073843
3.65815378
3.580271851
3.759906484
3.921958529
3.79884793
3.507589909
3.942159534
2.724084859
3.000414619
3.93356549878
3.168183324
3.846774049
3.41910475
4.086945323
3.73955668000001
3.4706084796
3.04179004
3.014264589
3.893557647
4.026454364
3.34628734
3.55855585
4.124424929
3.55124917
3.8775761984
3.0835663526
3.248944084
3.579518199
3.510790355
2.521318831
3.016557808
3.274605083
3.25117647
3.180365477
2.846077365
3.461003545
3.640450337
2.548195089
3.832670916
3.693934875
3.078633032
3.002422511
3.083426801
3.25350552
2.994288199
3.442548714
3.39720546
2.954935425
2.867379055
3.183117983
3.57925887
3.533865703
2.988553825
3.364443315
3.124291875
3.042736205
3.1076098455
3.318308325
2.975525527
2.847212318
3.408829275
3.223489855
3.092381267
2.727862855
3.102123494
3.444973242
3.738622055
2.997444907
3.094164695
2.670855305
2.627175581
3.450480925
3.534076458
2.759615056
2.905247305
3.351503526
2.981169674
3.1075920831
3.237293485
3.173327621
2.97458042
3.311165967
3.5162359797
2.841685925
3.196995368
2.85273068581
2.86951659
3.272445939
3.051855474
3.20068131
3.603396585
3.344281952
3.383218305
3.172360622
2.935073585
3.663300798
2.697980934
2.729084846
2.929971415
3.526854105
3.162318635
3.236847335
3.342203285
2.687439195
3.9323379875
3.226844689
3.516727592
3.419208305
2.802989439
3.052261634
3.640174273
3.0947003606
2.82494816
2.877312255
3.629903425
3.425142345
2.681940125
2.859705677
2.771979285
3.729909525
2.799594565
3.396860432
2.660519883
3.369347453
2.97878938739
3.406975905
3.876743539
3.3435443473
3.83416737
4.435564874
4.241211068
3.575295034
4.067269575
3.216027859
4.037632118
3.368911708
3.34652172
3.0838116137
3.8797677285
3.30816926
4.030996783
3.09774609
3.695778122
3.72962296
3.822763447
3.989748621813
3.55566525
3.8373332687
3.656006508
4.092353731
3.983466234
3.216542702
3.546209552
3.322550165
4.07421852
3.765682413
3.949311526
3.710783284
3.767108836
4.022962252
3.9164428211
3.943710994
3.88978349
3.7710440865
4.11092992
3.726410094
3.212102437
3.89707748
3.844592735
4.078413703
4.012556605
3.9614755488
3.207893065
3.53382164
3.777001592
3.925184393
3.386473578
3.6499732
4.087578102
3.532929745
4.458539867
3.863138244
3.63837427
3.9103750696
3.530241702
3.104098821
4.009079703
3.782795069
3.907946515
3.2388188953
3.4580273279
3.488022776
3.820527339
4.122046711
4.565589513
3.970712221
3.36667703
3.517767049
3.75953795
3.249732967
3.780994498
4.21417432
3.522464285
3.617199276
3.385405068
3.223112575
3.109927116
4.01559398
3.448249162
3.6682604076
3.432294495
3.52410813
3.737851871
3.5729775687
3.73972662
3.714366185
4.017597781
3.32395755
3.820491085
3.784459959
3.960544708
3.7128182107
3.682462092
3.984024253
3.18207812
3.920443285
3.16885564
3.403290548
4.05190325
3.830803386
3.475263814
4.646890526
4.698877175
4.673085391
3.797573757
4.196570312
3.325693176
4.04590121
3.147484706
4.145764824
3.4454215064
3.483426508
4.307798476
3.564423288
4.533080531
4.079579375
3.409228836
4.482621808
3.711423745
4.045942895
3.885915236
4.234710927
3.819503035
3.157966716
3.4633882109
3.514805946
3.512540639
4.210272491
3.1386473767
3.490765104
3.744904168
4.239705812
3.00384174
3.4404319453
3.191836106
3.528571675
2.843029561
3.0871828731
3.74731742
3.41232847
4.219289727
3.688978646
3.172392387
3.752292046
3.924297554
3.326372694
3.9169452903
3.738242789
3.873257952
3.75866359
3.875520814
3.981503891
3.946429258
3.526758833
4.362821878
4.170039196
3.255443079
3.7983423059
3.6725348455
3.707833816
3.7320672315
3.372438355
3.862840896
3.639023624
3.373082183
3.300897434
3.5064316575
3.659907843
4.779969244
4.374076818
3.706795214
3.578597926
4.5647067459
4.045517784
3.65014557
3.285559841
3.75929344
3.577303241
3.63298420915
4.214004796
3.758098615
3.3047409477
3.593546251
4.617692357
4.12835328
3.5965131525
4.0019102212
4.134224496
4.02778134
4.211594134
3.264143481
3.898913164
4.203816218
3.741767512
3.042123336
3.782342406
3.287575494
3.796273326
2.81229884
3.192586918
4.196050317
3.033881295
3.83322907
4.0386787094
3.043633492
3.02697815
4.07151512408
3.4771155583
3.216766569
3.910169335
3.568330187
4.162967911
3.78936315
3.71762783
3.662001752
4.387056926
3.732661205
2.98333979
3.30418744
3.175041517
3.77732977100001
3.489905622
3.635290938
3.6523167461
4.027276779
4.02806409
3.425353949
3.480145483
4.08424911
3.87987555
3.669033411
3.5888014768
3.98658897
3.146544337
3.2383084835
3.266285025
4.027628545
4.234462968
3.92639254
3.801350905
3.168250273
3.2475566
3.709322485
3.906768731
3.667326314
4.068300588
3.849351679
3.238421789
3.956230445
3.706504915
3.72114106
3.0583776917
2.48308687
3.52477051769385
3.59458887
4.070471506
3.40189341
3.5227751575
3.300206054
3.0422450252
2.768916685
3.622536442
3.707759711
3.826245493
3.360894431
3.559084432
3.512593012
4.058255337
3.923286642
3.196745861
3.5275369052
3.4870702386
3.7696287517
3.472945972
4.189375166
3.651277733
2.966680888
4.234465268
4.025896301
4.05100563409999
3.570225565
3.47806161
3.692483699
4.584062215
4.22289596
3.351463565
3.231344865
2.913770145
3.90811422
4.331064273
3.948233132
3.241941696
3.162859061
3.245259022
3.21099267
3.704717498
3.58989981
3.890126799
2.906613518
3.657507839
3.4263095925
3.290828379
3.411715119
3.697752161
3.752597851
3.284514281
3.133639499
3.6821889328
2.899649976
3.180896077
3.106397599
3.243612319
3.842512098
2.806665916
2.998100162
3.2115029694
2.461076985
3.399918775
3.005313962
3.510218324
4.2250702629
3.005063425
3.042703079
3.0029805704
3.470683362
4.073685899
2.735454895
3.277818224
2.871634014
3.269603211
3.904688966
3.897405444
3.123638143
3.088765147
3.219732116
3.3372051201
2.592286212
3.449299899
2.822689665
3.465479496
3.485736807
3.083169604
2.945474313
2.506363369
3.198395397
3.345187734
3.094445953
3.119234282
3.606685441
3.208136559
3.265908989
3.015872627
2.887702303
3.104830901
3.399421619
3.311981105
3.029561147
3.115129293
3.439233309
3.179055282
3.2351465104
3.471532487
2.818375269
3.653954072
3.051571251
2.835972076
3.385497297
2.446108184
2.6405254682
3.131331265
3.617911599
2.886313099
3.029215283
2.7112739867
4.0407618933
3.239525593
3.971726319
3.4951617357
2.767275391
3.890361732
3.172950739
2.496917778
3.2161146385
3.380780302
3.087767273
3.107932345
3.600535617
3.087907172
3.049290079
2.970229999
2.85449837
2.972938276
3.226638922
3.386370411
3.034325974
3.522749939
3.705423755
3.8730722379
3.405405513
3.147335447
3.677302098
3.694827448
4.606307288
3.477683307
3.339651458
3.839655724
3.439139734
3.797269692
3.683293001
3.4363085874
3.232649048
3.726496598
3.571277916
2.942447378
3.904016369
4.0682390725
4.11673063
3.8658242055
4.512414919
3.968755298
3.7928141302
4.481831172
4.143424138
4.932185322
3.541539868
4.663856118
3.8733289869
4.681511588
4.547326423
2.76492908
3.419098151
4.054963198
3.657547108
3.596254618
3.25759767
4.863352038
3.600905187
3.570625708
3.475788377
4.220843775
2.937051902
3.752927743
3.591131518
3.955888804
3.358730828
4.196371638
3.343626247
3.441506759
3.923305878
3.450464468
3.305398951
3.500484521
3.2168989107
4.403785227
4.181525628
3.481016498
3.83022873
3.864483417
3.965970048
4.651587143
3.309500432
3.462572598
4.757073798
3.450146404
3.783148768
3.660396612
3.742298734
3.226911128
3.378557832
3.836912628
3.232220258
3.46237607
3.553539743
3.369792017
4.302775778
4.078244648
3.762205053
3.160579798
3.718022223
3.653696021
3.293955478
4.133354948
3.30701976463
3.212774007
3.4809265568
4.386651013
3.6176862074
3.545867938
3.108372028
3.498598606
3.782844791
3.742205671
3.565101896
3.978877628
3.334140289
3.266997679
4.047925088
3.455567092
4.440032839
4.024622177
3.4774655295
3.299475102
4.004033353
3.865090979
3.845812625
3.7375083355
3.839223156
3.930952677
3.392748536
3.7333622099
4.306713357
3.4529667018
4.436613176
4.228194374
3.528212346
3.502713109
4.15742387
3.522039855
3.595010852
3.336976589
3.441228576
3.736586629
4.395299581
4.717845779
4.4738783645
4.245344355
4.04601432
4.068987582
3.365574903
4.441660473
4.411586939
5.150376501
3.4022960937
3.178615265
3.891980201
3.537019454
3.69479567
4.076889495
3.884580642
4.672074579
3.781837048
3.846771531
3.323471497
4.164120522
3.318921821
3.395005483
3.584425002
3.975553725
4.318793311
4.08120674
3.527175412
4.547772842
3.688231433
3.954160349
4.1185381497
4.150399965
3.98056107
4.056839509
3.181859771
3.883417221
3.902814744
3.81604658681
2.961787755
3.718707014
4.492121776
3.770104361
4.618769428
3.984127222
4.357252099
4.033479558
3.8503309476
4.3476139286
3.511921666
3.065845883
3.353955996
3.995707509
4.108813835
4.747861986
3.308799553
3.540281672
4.062341001
3.264939069
3.698716799
4.2758969561
3.569460084
3.244128549
3.995517479
3.755855387
3.981011627
3.060185053
3.3694321572
4.10232524
4.034984291
3.847631076
3.641771301
3.7931417166
4.599306993
3.403364459
3.733820359
4.183056608
4.434152606
3.002681418
3.08384613
3.639915981
3.407032228
3.735984014
3.684265226
3.806598679
3.381927767
2.8963234588
3.4985982284
3.776596016
3.276973226
3.157263896
3.623150381
3.967469247
3.073821141
3.83305534
3.162332509
3.926364481
3.7952402504
3.346257427
3.8811847445
3.8042917
3.124806052
4.143774551
4.575295773
3.886255702
3.985740506
4.201168226
3.015591513
3.793992344
3.174695712
3.8253386477
3.681470466
3.472065116
4.028619284
3.82271592
3.433838875
3.341291568
3.093306994
4.653463402
3.671828027
2.959917546
3.776296521
3.665460752
3.173145741
3.826820814
4.342194506
4.090094268
3.254872695
3.746819239
3.275273251
3.286484638
3.373855218
2.965612896
3.079013685
3.960059906
4.327548713
3.1656730393
3.244304267
4.331333034
3.425907684
3.829212436
3.722717868
4.273228896
4.089478723
3.301855125
3.464103507
4.145564731
3.622375877
3.624418104
3.42909795
3.987154292
2.7139674717
3.729628288
2.856499813
3.462174051
3.366771873
3.516962343
3.551057893
3.699711426
3.345208213
3.424927756
3.745652466
3.915843654
3.935341149
3.716048535
3.680562226
3.868010113
3.762798474
3.6271258032
3.368611093
3.6026224888
4.025246646
3.579970758
3.768428046
4.0567544895
3.3855559845
4.0084132225
3.3417794455
3.8286087655
2.7605739155
3.2718353015
3.4151232145
3.8880784155
2.2081304455
3.5391729345
3.3799142595
3.2673194395
3.1906989145
3.0872238115
3.3065425155
3.1914529472
3.5010984205
2.9620395765
3.504390044
3.0217523845
3.4698970245
3.9560948055
3.305108053
3.5286620879
4.2873785855
3.4899729845
3.5972634645
3.1407584545
3.0522138335
3.0313626945
3.7336749285
3.4169943965
2.8583468495
2.9140347245
3.4113309135
3.8732506745
3.5662674825
2.9214720695
3.6151338865
3.4319585755
3.3660233455
3.3052322095
3.0363365285
3.3428615455
3.1937651105
2.9607873725
3.3028759825
2.9541200715
3.1962166055
3.4433378355
3.0956243455
3.4086420735
3.5668222395
3.66386048
3.9748000375
3.7101992375
3.412228733
2.8471560205
3.2744267565
3.2817649395
3.5656666245
3.9872289185
3.8155850818
3.7394279055
3.7149794485
3.5521270795
3.7642181735
2.5359857705
3.6909486715
3.8711973541
2.9310748935
3.2999268215
2.8717674005
3.3819633635
3.4146260435
4.0276256945
2.8473748126
4.2836796945
3.4970854865
3.7956691905
3.6731761215
3.4515762501
3.2906863955
2.9965992705
3.6289646952
4.11470035449999
2.6514253325
3.3047549995
3.5483923765
3.3812055155
3.0388585106
3.4820814255
2.6812198155
2.9590903655
3.7543417315
3.7777260835
3.9437484015
3.6782888245
3.2410369455
3.755428316
3.24121579
2.892966598
3.323479406
4.12829032
3.925793686
3.685631062
3.5320839
3.655921818
3.385477269
3.94275111
3.157103781
3.485505405
4.1804560995
2.563670928
3.821535947
3.358206578
3.46096025
2.7345898927
3.395260449
3.281194643
2.9315108011
3.296829093
2.920195988
3.010993737
2.94612521
3.646017058
3.206282526
3.575405228
3.024108324
3.69677819
3.498828511
3.052537706
3.00581685
3.505936465
2.840496066
3.31797209299999
3.430537033
3.337718146
3.908923809
2.887176268
4.116857396
3.422442322
2.687317087
3.620282146
3.203882368
3.081809172
3.227787601
3.047747081
4.130389918
3.7195310157
3.6183752999
3.569799066
2.691892867
3.28909925
2.758763346
3.1964264011
2.831259198
3.8911690646
2.669985672
3.376283485
3.09302148
3.030784269
3.0178359689
3.631580686
3.605587469
2.9322217502
3.0792156568
3.222038528
3.035857205
3.065903439
3.05746698
3.799691257
3.7418567009
3.480815579
3.676474099
3.582148667
4.27945107
3.518718872
3.26937589125
2.751758738
3.773003998
3.708377518
2.962815645
3.596354029
2.714366045
3.81301798
3.708519498
3.3710256826
2.971479705
3.360972017
3.505471838
3.368858258
3.8068575584
3.83464043
3.755907508
2.933228858
3.54260071
3.130786018
2.96288433
3.68959391
4.087137857
3.349721789
3.862856967
3.765061987
2.902894611
4.205782753
3.746383603
3.69146345
3.318772739
3.554492246
3.560568207
3.889515506
3.409994716
3.721830555
3.313592175
3.771366498
3.860674713
3.833182948
4.387294122
3.128577603
3.266752697
3.6938885875
4.274103737
3.49198988
3.502164497
3.242414978
3.217166922
3.959144867
3.214523232
3.304798604
3.89366126401
3.144242953
3.912208708
3.613651018
4.458244294
3.624630679
4.316097837
3.773449255
3.798542244
3.97796748
3.750594237
3.674043102
3.495016894
3.193328003
4.018533193
3.319553647
3.244410032
3.546548592
4.005668419
4.227020644
4.263247515
4.108937273
3.816873493
2.814664563
4.273745537
2.9908906278
3.977587322
4.328453166
4.038197142
3.945126338
3.475304007
3.358785996
2.980570719
4.4265774959
4.39223596
3.127149249
3.60215311806
3.089572793
4.2455531455
2.993816334
3.718415963
3.916962842
4.028389133
3.806997727
4.4909615
3.564886063
3.893469985
3.6876884467
3.403145761
3.452978855
3.292814487
3.63037845
4.072630493
3.914342076
3.350038435
3.936683433
3.1257632085
3.312687128
4.04938214
4.018278366
3.602032981
3.695155077
3.2047618822
4.0922107104
2.902387422
4.16870188
3.247772555
3.20540244
4.337141728
3.61536080467
4.30036690967
3.53864099367
3.79392676267
3.65565724367
3.46047657567
3.54746122567
3.35955095583
3.65959904567
3.55039347467
3.81374576167
4.04455228867
3.81646520167
3.56289654113
3.15109279367
2.96617581967
4.13880977667
3.51789964233
3.94793144167
3.35641209667
3.84262735867
3.86977919967
3.82404194867
3.65650002167
3.61880287687
2.98244302167
3.41454575967
3.32727499767
3.02597950167
3.38958972367
3.58093361733
3.54371337467
3.35258360067
4.30431743067
3.51830507437
4.16524745167
2.93059116867
4.30090194567
3.14720222367
3.09443185227
3.64048103167
3.74988461167
4.02435748797
2.92779105667
3.66150892767
4.09677536467
3.35904420167
3.78921289667
3.71404967267
3.03540921367
3.72785392767
4.14537482267
3.94128194867
3.79007961167
3.47128110267
3.56212979267
3.52973328067
3.63649965867
3.50766245267
3.51613421167
3.15065484667
4.08803248567
3.86250512867
3.77153112467
2.87423459567
3.49492590067
3.20186193767
3.51559102867
4.17903537167
4.24744029167
3.12012374647
3.75143718067
3.68354026067
3.75238834267
3.80056801067
3.86318643167
3.12622746067
4.00398201537
4.15826912167
3.61662716567
3.51183048467
4.02855751567
3.35642314567
3.72848376967
3.37570671967
3.51139242967
3.81367173567
3.41210970767
3.88015444067
3.39491543643
2.94636645467
4.04998488567
3.18490063467
4.21478174167
3.41865745467
4.20236742467
3.47991830267
3.92891508167
2.91881730467
3.24054010367
3.389072145
3.450502856
4.448764955
3.1771366602
3.67187616
3.17201195
3.715277136
3.412139883
3.25876612
3.419288864
3.381933583
3.6696225442
3.720497061
3.573756894
3.39422108
3.15613427
3.266197997
3.61124863
3.686342666
3.27917092783
3.700807502
3.452279231
3.258982495
3.5811441066
3.713027422
3.27617637
3.386921042
3.72183768
3.639251893
3.265959687
2.998860995
3.04368868
3.025017786
3.646739133
3.46411675
3.9852494
2.87807852
3.5100004
3.3993760438
3.606591552
3.30135675
3.2450050698
3.21027429
3.092407062
3.69173373
2.98326982
3.33527543
3.146567723
2.641253667
2.7271639418
2.777408338
2.851203568
2.5554196
3.2841807774
2.679108078
3.1553351678
3.30732455
2.5200027424
2.572492614
3.8203393881
3.287726391
2.8150517776
3.6718943188
3.4661165
3.193509035
3.514146497
3.337999107
2.94301557
3.034381166
3.58562826
3.754231167
2.932166077
3.941257568
3.649449684
3.52086043
3.28655901
3.650475748
3.107007238
2.587161577
3.428478546
3.838201606
3.66002125
2.81234433
3.003216819
3.28957198
3.800699429
2.914436295
3.1512561
3.4538212
2.877344744
3.0802307642
2.99960526
4.00751946
3.810325788
3.12394846
2.672080209
3.041848849
3.399727212
3.0010730942
3.057247832
3.034314057
3.190871021
3.152770239
3.569981034
3.183889315
2.971575545
2.5655728988
3.385978491
3.3245516178
4.300403213
3.507850413
3.392002011
3.147334015
3.704633481
3.606510423
3.5854606004
3.486259637
2.910124205
3.000606341
3.043706725
3.524973471
3.370793055
3.04765352
3.993647911
3.155822765
2.938520162
2.6955765372
3.077551175
3.950660461
3.256491525
3.429499928
3.653033957
3.461556633
3.215766953
3.6410374857
3.603515584
2.879968243
3.674767162
3.851176832
3.244381197
3.618628104
3.731134841
3.273136931
3.146829185
3.485148271
2.8697625857
2.949176871
3.347332685
3.933382021
3.423917488
3.435485525
3.088684538
3.0657083122
3.252321493
3.653936293
3.075571101
3.895381751
4.650717829
3.160534918
3.016123817
3.922778137
3.385401361
3.912092921
3.065114923
3.056305053
3.3053228343
3.138015923
3.72773477394
3.24831046
3.483332167
3.8335114895
2.890147303
3.677672236
4.203723753
3.286393327
2.341522935
3.6547075718
3.066833465
3.959965787
3.033391839
3.49095493
3.275021019
3.732687707
3.076617497
3.671327997
3.385718527
3.48064446944
3.528147992
3.535119355
2.9729557856
3.312059715
3.337273165
3.281873849
3.383953509
3.370283553
3.952343044
3.17381392
2.962282737
3.639452157
3.43032148
3.78915465
4.15238275
4.1921539145
4.411394205
4.1861268913
4.358069612
3.446114272
4.14804008
4.151231166
4.088999777
4.032263642
3.619865314
3.739027705
3.79026141
3.747051952
4.063825787
3.87067976
4.050163225
4.235738802
3.214824936
3.808878366
4.287916515
4.397237888
4.099713696
3.536125402
4.631014646
3.9977392974
3.403828697
3.595310085
3.716018369
4.035014595
5.129616221
3.370697609
4.31859654
3.941020171
4.005869859
4.093831446
3.391683706
3.862164
3.774391788
3.910211839
4.697814292
3.671757885
3.879370281
4.4894752905
4.046709549
3.766994086
3.3582218785
4.046873207
3.791078195
3.85639829
4.244123205
4.697430113
4.179927909
3.83817503
4.350136199
3.348231863
4.193566263
4.683472298
3.642653192
3.44338608
3.731912626
4.002488903
3.69236641
3.323680415
4.052527276
3.878629795
3.400560549
3.8822044334
4.203072354
3.8504393
4.516559583
4.39374739
4.646718585
3.709370445
3.80008266
3.76417852
3.359455335
3.990309705
3.769704283
4.35991704
4.2036895
3.91440158
3.80965583
4.04443774
3.191449426
4.09015465
3.746484715
5.08680281
4.61498429
3.567466165
4.039233694
4.016947327
3.923509065
4.043800172
3.765638179
3.67535129
4.06807223
3.554428685
4.09891362
3.981584295
3.916354245
3.4635256
3.844070654
3.547163074
3.78632201903
3.74832381
3.438649047
3.698653573498
2.826714873
3.133329738
2.976514315
3.524021263
3.496921276
3.200537867
2.995572621
3.25099917
3.949804449
3.164299211
3.6128572
3.31014053
2.88056491
3.134270978
3.742588279
3.1460123
3.465812558
3.95260509
4.056027046
3.85742705
2.964750777
3.22326788
4.25103449
2.975622844
3.8936319628
3.619266748
3.1419600791
3.236944844
2.88583792
3.634905022
2.973645299
3.6273883293
3.0921618108
3.533064651
3.510763863
2.96823304
3.49141792
3.716832962
3.127531808
3.57340812
3.290518874
3.657133761
3.541315316
3.3759621619
3.2887867336
3.292829484
3.252682357
2.89045019
3.206486846
2.94220112
3.72995158
3.636343394
4.2540104689
3.970481294
3.28960725253
3.123889182
3.73457231
3.676012183
2.76903677
3.36291914
2.41363968
3.445025564
4.30995771
2.67079405
4.113700099
3.8997875265
3.525719363
3.322882023
3.588542911
3.147665155
4.086018512
3.481584737
2.9231182159
3.207844615
3.612379274
3.106705911
2.691308726
2.69337166
3.31960729
3.966477723
3.273526997
4.255395053
3.215800699
4.187331826
3.666854525
2.84182338
3.362300484
3.47948621
3.221767989
3.114836139
3.368363608
3.3253437874
3.6140414725
2.4505088365
2.8515550925
3.4421574794
3.47607642985
3.1247565125
3.5871000858
3.9445555885
3.559390133
3.2769669625
3.4627356655
3.2155068675
2.9473407515
3.26576829516
3.4585941905
3.6406694635
3.9147048685
4.1847976125
3.2452459436
3.0257870845
3.0926226765
3.4658130615
3.3728900865
2.9584983835
3.7503368425
3.4519383025
3.8796630225
4.2442279345
3.2670411975
3.0064021775
3.4638762467
4.3340224785
4.1870526995
3.1579474135
3.5861645515
3.5597573165
2.8237870295
2.5639672315
3.2930818015
3.0264617056
3.2335943785
3.36493023514
3.1708233935
3.015318829
3.1874160599
2.9817581785
3.3123719445
2.4494290015
3.377688269
3.3024505165
2.8281531275
4.4924411965
3.3720676835
2.7839109455
2.88479898621
3.6765961495
3.0845572855
3.6438595865
2.8900798185
3.282987706
3.4412159475
3.4693665298
3.1589972945
3.0075475415
3.1318917779
3.8158524775
3.8804439604
3.3679670385
4.1970769311
3.3421751275
3.0119527355
3.8459667052
2.8406233607
3.2114800655
3.5909236515
3.4898816285
3.7297995215
3.7958784805
3.7408144065
3.7887109483
2.8645092975
3.0650430435
3.930198676
3.8162003905
3.3139483175
3.1426987115
3.6116088415
4.0462625015
4.3670903455
3.51512975605
3.167221204
3.1573316425
3.4531434625
2.9997495135
3.4853050415
3.8523624725
3.5842891425
3.0898379695
3.7744973895
3.3178075201
3.234684143
3.7314740529
3.563895897
3.419200398
3.327731597
3.49799647
3.212177171
2.926970581
3.512994756
2.880168098
3.049050608
3.136161979
3.859146721
3.331520062
3.70960934
3.37609737
2.859848416
4.084655473
2.88051599
2.972548367
3.185120357
3.51540481
4.204709145
3.92509215
3.571635804
3.509085283
3.966722675
3.7954343686
3.49508504
3.4541883
3.0750469971
3.3081488
3.527709602
3.03376228
3.049561647
3.351694005
3.378160852
2.594896911
4.278197288
2.567357279
4.01514298
3.206641132
3.04453541
3.117228945
2.7290165345
3.178341456
3.66223057
3.727029406
3.0304076149
3.5757445384
3.05463734
3.143797976
3.219346431
3.950086262
3.258770207
3.75155957
3.055645045
3.377130572
2.7664873417
3.5692378327
3.073459426
3.3026092781
3.44634373
3.934498381
3.720650033
3.737964336
3.345202616
3.7669724
3.343054992
3.09834485
3.569326808
3.48602758
3.37151424
3.070343932
3.228705463
3.347869823
3.584071258
2.91317593
3.636851258
3.59003048
2.985731921
3.211118595
3.37884538
2.434619161
3.444681042
2.504471959
4.137738556
3.2519605609
3.8673537267
3.382244398
3.491628406
3.522781733
2.95988179
2.52858811602
3.8895503528
3.07959477
2.969053692
3.1009968652
2.34941803
4.224328014
3.748943131
3.83811634
4.487989143
4.530487547
3.831876091
4.738954895
3.572519242
3.766726941
4.081337333
4.534079873
4.029500191
3.683857496
3.784179822
3.392995082
3.930710037
3.140010498
4.027441882
3.612463422
3.753935729
3.900175887
3.756823423
3.631880532
3.7804804361
3.47672582
4.203799198
3.068042031
2.986233203
3.567524741
3.796283274
2.898782996
4.502877975
3.895756188
3.666554538
3.923331115
4.057995783
3.746415685
4.290287621
3.381544666
3.8028807669
3.072391071
3.884199411
3.820761886
3.790248377
3.924049363
3.869428011
3.7883233369
3.274183156
3.757128775
3.520862441
3.59705749
3.66773864
3.638144273
4.049582041
3.485803141
3.200707913
3.659667991
3.843754325
4.3526794572
3.453428681
3.402779736
3.23735648
4.0740273407
3.4457898695
3.351347719
3.621689486
4.355105069
3.83702547
4.177866323
4.440171159
3.504657197
3.631865321
3.930825021
3.132686557
4.190956694
3.644998543
3.297784056
4.294425231
3.048209181
3.094877023
2.937285506
3.63690747
4.079944023
3.395637473
4.292684991
3.398508133
3.154939325
3.966140545
3.415785908
4.049594941
3.732845243
4.1541702
4.3545859221
3.795462173
3.037295279
4.018916637
4.050374181
3.822042703
4.0167215458
3.533785693
3.527110281
3.533522036
4.483955962
4.127594064
3.70035719
4.810992674
3.081287904
3.809825978
3.9546154571
3.116605828
3.512303015
4.373182441
3.957513144
3.278912912
4.405935027
3.318780587
3.8115319501
4.1084099312
3.6157754223
3.787817442
3.7794125747
3.3280783434
3.9039654321
4.236913984
3.76014511269
3.652988971
2.971760176
3.812665762
4.323948254
3.7702549201
4.266057488
3.71833747
3.362688789
3.358789881
4.17448885
4.410970389
4.440332832
3.409029472
4.426204806
3.476950049
3.54778088211
4.360685195
4.09114978
3.530955468
3.1505315568
4.677477172
4.079191443
3.8379835733
3.438153255
3.625277155
4.1938519922
3.933139194
3.718509039
2.941436432
4.428183206
4.0389920857
3.024509422
3.92631056685
4.258368671
3.357683384
3.855966598
3.885340569
3.907256314
4.527782066
4.105469541
3.909584222
3.616702374
4.959394798
4.209659357
3.783468923
4.206365903
4.210488387
4.048683234
4.44216224
3.741712689
4.0785979156
4.278701252
3.695433546
3.264405858
4.1149675085
4.135942578
4.335387779
4.245788105
4.110217992
4.303818764
3.772733222
3.712302355
4.127363849
3.377874601
3.613646383
3.793754559
3.833747127
4.298094263
4.029192475
3.823183642
3.3551990211
3.54266565
4.056341417
4.293781621
4.162110432
3.825051592
4.0663668098
3.322930752
3.2524246143
3.45833545
3.72839214
4.525441849
3.35281012
3.947241849
3.86080476
3.37303808
3.939261605
3.90254581
3.31501073
4.131455594
3.594525535
3.270686167
3.596180604
3.7924464173
3.665130791
3.420896548
3.274822719
3.27727408
3.35102852
3.144560351
3.26975755
3.20422904
3.59396959
4.036929608
4.3563598015
3.620698082
3.675393596
3.561333316
3.306970073
3.933839115
3.871771272
3.342661722
3.877968066
3.19128105
2.753895104
3.4957115945
3.69797648
3.96093544
3.413460795
3.850225835
4.090018095
3.695874614
3.658603985
3.376329
3.315302622
4.1709771823
3.606337866
3.73388402
3.68609245
3.435418928
3.588268619
3.737718479
3.241277089
3.5037473
3.506755754
3.40659174
3.37454165
3.3415914168
3.614495785
3.7699494044
3.988699585
3.3926769
4.41508752
2.974031971
3.537698433
3.4810848037
3.51726575
3.8335482926
3.80894972869
4.253540545
3.716229308
3.873732327
3.804771248
3.913609032
3.645921677
3.5459884
3.273171675
4.10535548
3.55067392
3.68129938
3.263517675
4.10555012
3.55095123
3.59578057
3.97578485
4.076773247
3.85029616
3.1289456
4.029945959
3.6228951138
3.634235248
3.77651286
3.8426056332
2.911033933
3.32283888
3.6296791913
2.7776530497
3.4407598963
2.9063885773
3.0802869813
2.6285291523
3.5436482453
3.4926853413
3.7790442043
3.4455758628
3.3819911413
3.3456470693
3.7154862092
3.4635412943
3.0160994643
3.2653785363
3.5082044253
3.0865799323
2.6303834633
3.3344387597
3.9663414207
3.2913837337
3.1638767057
3.7308325213
3.4080095333
3.1459889413
3.6283949253
4.3470917913
3.4814703893
3.71425332646
3.34294537518
2.98078536798
3.5061352603
3.3458742923
3.1624589383
2.4801833913
3.4873764247
3.3593556377
2.82768667471
3.6561879013
3.5790074163
3.2225645383
3.0498643583
3.0451367603
3.2343601937
3.5323228113
3.3740643073
2.8897893137
2.7208981683
3.0471014913
3.1854219963
3.2385487413
3.0873119683
3.1714787187
3.3253435487
3.7416128537
3.3019764877
2.7872043913
4.2390194913
2.8679553513
3.4700367293
3.4261933443
2.9025784666
3.77454619588
2.9844039633
3.1762484973
3.383831658
3.7308458492
3.2202942343
3.0142104983
3.8796975553
3.1980902113
3.4571914113
3.1175224563
3.3327176073
3.4006983883
3.1933181093
2.9685242137
3.6532354243
3.6157396673
3.4321826253
3.6215593243
3.5196111586
2.9491800713
3.5374369773
3.3992768303
2.9592741053
3.5108582003
3.8038260635
3.6424935413
3.3820735813
3.1278572317
3.2996776003
3.6260110413
3.7293317783
3.0966865663
3.2984039313
3.9682448263
3.1027279773
3.2242173333
2.780094409
3.393702589
4.397112511
3.330913539
3.384194339
3.880849969
3.786350689
3.117128966
4.294361574
2.840072569
3.380821829
3.323414083
3.159639947
3.402188332
3.49927881
3.38557978
3.283985002
3.667706268
4.028700402
3.385022021
2.881921679
3.608705382
3.0667402263
3.518498799
3.882044898
3.420671319
3.392366597
3.387733529
3.918717082
3.338457372
3.3644355
3.943403319
3.457703576
3.141403672
3.871287879
3.0245807604
3.062310504
3.232732223
3.729531259
3.768546129
3.465585383
3.698189032
3.127238239
3.301901889
3.307713389
3.128124448
3.23195433
2.942882949
3.567393083
3.209902863
4.132840928
3.017430934
3.54626394
4.558792507
3.716755711
3.556499106
4.001880734
3.461145363
3.531327153
3.107948418
4.333595562
3.613928229
3.18001694166
3.142885198
3.2613886688
3.535387459
3.016036765
3.251825419
3.985823759
3.885641939
2.904094979
3.509532179
3.691201431
4.395315366
3.007018418
3.6105871108
4.242896099
2.932858981
3.439095528
2.780174229
3.861285267
3.861399368
3.197437914
3.974107482
3.611546608
4.073177808
4.003206292
3.554621089
3.963417339
3.329927469
3.962457952
3.5497393796
4.188710543
4.367730873
4.565632177
3.065749242
2.791087825
4.122768089
3.850217587
4.035305629
3.627543474
4.185379362
3.637102126
3.512151965
4.1799561573
3.542572817
4.269434201
3.453018584
2.895763497
3.357952769
3.1641843106
3.325168661
3.762399437
3.01505122
3.977939843
3.266763483
4.3319731531
3.987414779
3.694604475
3.7414696399
3.524925614
3.4077338731
4.227657681
4.163654384
4.2625693039
3.993104479
3.5036994307
3.6221115566
3.3532915199
3.250090658
3.618559839
3.175493956
4.069428964
3.484909881
3.586265563
3.9933521556
3.5476530702
3.439410721
3.2703614845
3.507908959
4.208601679
3.481654899
3.566927916
3.7053790838
4.432065916
3.357976371
3.785904903
4.672333909
3.383233789
3.645562393
3.711647448062
4.330643341
3.662504285
3.139864107
3.537110972
3.645809945
3.6413013295
3.50405923
4.301646235
4.0909003945
3.339909648
3.441213534
3.451247639
2.884293639
3.232491275
4.485836386
4.037371538
3.613075273
3.250383299
4.014538546
3.696912519
3.122022879
3.581353106
3.705358486
3.621483957
3.0966977707
3.143598422
3.308527916
3.671072714
3.659948095
3.9770129589
3.079821402
3.585284585
3.537992943
3.892797958
2.8178204
3.437001531
4.143802846
3.778944353
3.3410987356
3.836526876
3.4659329693
3.219922209
3.177281461
3.847199645
3.6577053581
4.050320504
3.6210947803
3.363340269
3.401896959
3.8148776488
2.93294076
3.3800822981
3.410397842
3.572819209
3.0725652834
3.22225739
3.345937919
3.03621142
2.944401362
3.16088741
3.609110165
4.070184913
3.535634265
3.663469311
3.69305429
3.38708594
3.34489514
2.94735482
3.215482888
3.26119637
3.405193386
3.6933534
2.839471725
3.060512321
3.58187874
3.5016018895
2.883433251
3.749976101
2.75021897
3.31306836
3.39506983
2.93396172
3.206959794
3.599015232
3.45475204
3.11382169
3.065075632
3.81110961
3.54771051
3.65559648
3.060775079
3.06195598
3.08561633
3.7839904694
3.615641246
3.246271676
3.100740198
3.48743678
2.80915108
2.831951689
2.83002211
2.888225176
3.09516743
3.107109157
4.00108002
3.01666391
3.73645195
2.9175671
3.3097779914
4.148210855
3.40436493
3.211408414
2.948735169
3.493829497
3.35461123
3.524015177
3.39106745
3.50278265
3.696922963
3.36528029
2.835214403
3.39228469
3.110064511
3.11534407
3.4622349159
2.81823445
3.249899283
3.488314905
3.677903666
3.31375619
2.9472737077
3.98329855
3.343587489
3.27413164
2.946695238
3.06828526
4.0089232279
4.008045593
3.761294465
3.702650735
2.951260094
3.37043356
3.33192042
3.181661897
3.22654491
3.674729998
3.20896349
3.458161459
3.720762779
4.1816908101
3.0270013701
4.0645433421
3.4111684397
3.5820086707
4.2897065941
3.6718325071
3.4771674003
3.9168306737
3.6001825371
3.6151356806
3.7514298241
3.4252682663
3.4770964868
4.0140554917
3.3913429932
3.0633500571
3.4226453521
3.8991582171
3.8894353016
3.6516862001
3.2404152993
3.4018328679
3.1766548251
3.9604929281
3.6884901107
3.6713342071
4.0215797301
4.1916245421
4.0592375331
3.6987526271
3.7490502761
4.1655101491
4.1578042351
3.5600761451
3.5455629968
3.1827761393
3.8888679957
3.0691854271
4.45161207038
3.0380411643
2.9959558537
3.4665167429
3.3045960751
3.9178612111
4.2095749171
2.7012124871
3.9316159571
3.6791392901
4.1986083971
3.9479494166
2.8844772103
3.1911062021
3.0778649217
3.5737222651
3.6606215019
3.8051940087
4.0186296601
3.9604982271
3.1228350191
3.8096005361
3.9682034827
3.8796358271
3.5135962971
3.8140122026
2.9302774271
3.8395459671
4.1150551721
3.2925489879
3.3546899359
3.9208286671
3.7016859951
3.9948308851
3.6446436281
3.6350330721
3.2312510301
3.3843589461
3.5999387151
4.2560276771
3.6789550657
3.5198194496
3.3751372477
3.5976029431
3.7022431291
3.2044153762
3.1090676761
3.8295284161
3.3465601993
3.7664691091
3.1635243281
3.7071022046
2.9540130751
4.5890935581
4.1411067921
3.6656246701
3.3491144671
3.5861911287
3.8181860171
3.5988775771
3.1651151601
2.787636099
2.970849105
3.183990899
3.049510979
3.058775649
2.309382819
2.684575409
2.324197149
4.003504079
3.208960299
2.878233759
2.540838779
2.813211209
2.620122269
2.816499663
2.395599839
2.948280569
3.17958346
2.576505806
2.548439822
2.173503419
2.117573249
2.863455889
3.127763179
2.791565331
3.725251161
3.518903552
2.5024897134
3.156417249
2.539449829
2.934383519
2.865138676
2.759794964
3.368371349
3.176707017
2.866354366
2.936511579
2.447682195
2.8349169433
2.94140321
2.647070759
2.891354786
2.987522859
3.402850897
3.099299409
3.583532222
2.401066369
3.210522038
2.569694498
3.033967389
3.244991679
3.285287139
3.585117079
2.0955911194
2.176799659
2.54974911
3.263307761
3.530558676
3.316910769
3.012637839
2.495119209
3.0274654114
3.234369959
2.565390379
3.1435268277
3.299836767
2.931986909
3.289044348
2.468597189
2.613344259
3.148656259
2.995698389
3.325257619
2.643296979
2.619894099
2.94019171
2.398049249
2.870311689
2.404697687
2.396021466
3.257528549
2.880633367
2.710386579
3.204129092
3.41196806
2.764909397
2.392664661
2.608485669
3.171466416
3.140034399
2.763021459
2.802915259
2.861782066
2.505062469
2.536464309
2.716371765
2.888239929
3.299609326
2.864886039
2.748769441
3.132002313
3.007526684
3.411950099
2.882264563
3.508610818
4.14272492
3.350170526
2.93345926
3.605428675
3.3089756
3.809686401
4.839628748
2.9740359
3.126602311
4.282025139
3.73160839
3.498704966
3.402444975
3.74568481
3.594978379
3.939253108
3.79918007
3.188350004
3.344704537
3.853720088
3.6827066384
2.36037485
3.13099608
2.8306172
2.806458891
3.899537291
3.750029636
4.00101256
3.082000292
3.420481736
3.46749987679
3.71048187
3.010819828
3.063100373
3.74236032
3.11104721
3.961246717
2.75841716
3.363819115
3.454511172
3.334266046
3.656631117
4.355411808
3.68021882
3.31848949
3.573581557
3.095830065
3.56083255
3.171221833
3.263793579
3.621212333
3.476056209
3.685977398
3.86713317
3.856371945
4.140702336
3.198071213
3.467249634
3.907109471
3.019662356
2.864829438
3.921319416
3.4999814572
3.49918287
3.134534967
3.46304268
3.071527443
3.770808251
3.563406975
3.422039976
3.644674155
2.761183788
3.78365798
3.3410478532
3.238588147
3.823708026
2.95082256
3.163413478
2.87065189
3.78533223
4.2969086558
3.54713742
2.804023511
3.7098081572
4.044963162
3.168331445
3.226440682
2.981313317
3.049542113
3.25328377
3.364634363
4.163536714
3.491460517
2.854037394
3.20672209
3.342366907
4.131829202
3.5333907215
3.680634815
3.836523368
3.742585355
4.367285618
3.302322758
4.278757228
4.030759309
3.320517258
3.427982758
3.834462298
3.937726231
4.050057378
3.397722192
3.890352277
3.829212158
3.283966372
4.403148494
3.742625458
4.081407388
3.9147538034
3.738612296
3.797906558
3.730942014
4.361658922
3.688231798
3.289878918
4.068358308
3.765354804
3.892001148
3.134566438
3.770077712
3.941579428
4.1482653061
4.167380915
3.784961303
3.522593605
3.896546023
3.933081514
3.468635763
3.675498967
4.234867938
3.698698487
3.753169238
3.634039166
3.424810098
4.022653958
3.7196966197
3.513128012
3.9146426
3.711367898
3.608579258
3.954381648
3.594039913
4.0418292252
3.771574131
3.820444218
3.75299144
3.96179462
4.219724238
3.599032988
3.565500333
4.068696028
3.456174134
3.171505158
4.767896776
3.876037718
3.322527083
3.526603377
3.83520644
3.47978728
3.874019155
4.085757338
4.504637608
3.8367057125
3.880621478
3.428911338
3.884547068
3.373043787
4.057379298
3.516798892
3.968206578
3.515626934
3.607607798
4.3334082176
3.853596556
3.312467502
4.243130166
3.890418671
3.573605695
3.590366269
3.46532052142
3.514213994
4.066944328
3.627250118
4.377563703
3.635360508
3.763751664
3.30339957
3.356500113
3.016339877
3.58201067
3.77761656
3.56206183
4.05734635
3.40783615
3.998111048
3.45920168
3.3036659066
3.84576388
3.737368298
2.94284589
3.23035981
3.49538704
2.87644352
3.395873411
3.1737627
3.419585455
2.818192505
3.72781164
3.584185019
3.020788209
3.03687381
4.0249678356
3.824705734
3.162659625
3.2186026
3.60139909
3.54213949
3.59612727
3.28928914
3.586866485
3.71446669
3.296667473
3.40163356
3.85665475
3.809902018
3.63003872
3.84884048
3.1784246
3.32322713
3.40173807
3.315394354
3.50261089
3.30987989
2.95386782
3.6993556
3.35612586
3.4612541734
3.440789013
3.69109797
3.67835513
3.36395039
3.6562067
3.57973195
3.21971834
3.60989606
3.523552151
3.528085514
3.63054616
3.20348307
3.238863223
3.18480764
3.31342654
3.43984198
4.25098743
3.66453682
3.59704145
3.27575615
3.48843392
3.38455842
3.6065709
3.86659628
3.5528374
3.158929768
3.4779868
4.11217048
4.01227579
3.14712772
3.95564276
2.850311328
3.44877702
3.36667588
3.796137045
3.4723337
3.21536755
2.91625225
3.459549902
3.512268964
3.838344414
2.61620055
3.29352495
3.265463572
2.95438029
3.17216538
4.36986709
2.935813047
4.12727794
3.554650624
3.540744398
3.7525834194
3.287483269
3.508395096
3.509938896
3.173208021
3.50881644
3.461671468
2.8649638815
3.0658581205
3.870273266
3.788156824
3.609852836
3.478528323
3.636145788
3.509625344
2.786584559
3.008631789
3.307366291
3.188390943
3.301301792
3.247099629
4.006747934
3.049429298
4.191978046
3.190271222
2.947801288
3.213146725
2.950487153
2.737544465
3.191474564
3.485882513
2.711064796
3.275928375
3.462908928
3.382852657
3.651297211
3.263421073
2.956087336
3.172427141
3.630874787
3.20223033651
3.124449082
3.0916570611
2.574142301
3.5655001289
3.570840014
2.949662377
3.406324632
3.66922436
3.828313812
3.006897798
3.144708504
3.270395019
3.260146641
3.134165978
2.608258552
3.346436453
3.473655798
3.00667908
2.903056816
3.5434605095
3.452135304
2.935493382
2.9817746808
2.578173639
2.930757092
3.257753287
2.669385735
2.650120306
3.082814767
3.1474316233
3.48261201099
3.4912028822
2.918705919
2.808011464
3.004285403
3.298063084
3.237208107
2.726787436
3.576470934
3.177140676
3.631618986
2.714070739
3.220328726
3.515106563
3.928209984
3.305994286
2.625754029
3.527032545
2.782390208
3.913762772
3.031672606
3.806494748
3.30141444
2.914147398
3.49365642
2.929100742
3.435072457
2.847613887
3.9243598434
3.62791481324
3.882611057
3.806679537
3.701542387
3.849913657
4.004569198
3.406436796
2.651233158
2.791507183
4.120323681
3.7810125022
3.760298659
3.697712793
2.985999037
3.609470115
3.229403163
3.895804968
3.501869333
3.605813015
3.102381266
4.32001917487
3.332714667
3.192980566
2.955122487
3.546224843
3.34350609534
3.4520791262
3.517598223
2.994609737
3.873399359
3.543326716
4.047190602
3.353298064
4.621720292
3.18295545
3.61765915
3.111448797
3.905776804
3.288458927
3.402578187
3.554681817
4.000207146
3.807323633
3.939783717
3.917932566
3.833731096
3.134765179
3.345820007
3.452296767
3.433953904
3.276222209
2.97065489
3.863364773
3.137629986
3.063401457
3.650190737
3.253215717
3.278193006
3.680543747
3.242634751
3.745698287
3.537765287
2.923849471
3.802379003
3.096805947
3.760008705
4.045320755
3.866054277
3.5316697282
3.679626487
3.43906838
2.760141819
3.410863827
3.883744336
3.0899504015
3.726718443
3.354133183
3.790575947
3.495420822
3.730635007
3.426227317
3.400305467
3.556414563
2.967149167
3.788446137
3.026712239
4.175218939
3.201584027
3.397480867
3.312858353
2.946226106
3.254737617
3.813803897
3.170867322
3.785162547
3.287735792
3.569767283
3.217043881
4.4409538225
3.3022871285
3.5645351725
4.0294615625
3.4034735245
4.1086711364
4.1354256615
2.938113738
4.2833278255
3.4568219445
4.2094346425
4.1402528075
3.5004425445
3.2981945175
3.4289430287
3.8226293175
3.2237822745
3.4978954855
3.4913912525
3.7871300075
3.5643090245
3.4477122385
3.1372206395
3.544909379
3.7045681555
3.8805442985
4.2241709845
3.8265674175
3.9580369745
3.6670785025
4.3306271305
4.0066311224
3.4973216425
3.8995825785
4.2424057525
3.6174782683
4.0122770175
3.917208556
3.8306671585
4.5674744955
3.4131985525
3.9291186575
3.7516055025
4.5153026975
3.7712101175
3.6474980445
3.3518117215
4.7404778185
3.6652289925
3.9814776825
4.2568287445
4.0504431685
3.8874975554
4.1166463755
4.1419664245
4.3116229725
3.9586754725
3.4839443245
3.3978909125
3.8027187675
3.7571113195
4.4957086245
4.0999648425
3.3198449635
3.7567981225
3.9191617575
3.8973780595
3.4853232435
3.7874539385
3.4263046755
4.7474846725
3.5750139725
3.3787337834
3.1730413575
3.6635286475
3.3245599082
4.7452530485
3.4843032445
3.9727848845
3.4279664295
3.4993124025
3.5633012925
3.6761140706
3.4189502445
4.4362352125
3.8380053645
3.5070856725
4.0811436045
3.8240049945
3.8685159732
3.2337990825
4.0458690335
3.9982099645
3.2827158205
3.7290185275
3.6995021185
3.9141205425
3.7024688425
3.7774437635
3.5339896405
3.991049397
3.47142628
3.184121395
3.58700194
3.6740221113
3.738214883
3.81984631
3.13892363
3.508756462
3.29265578
3.189603311
3.74270165
3.6918076473
3.585486762
3.24474505
3.120004005
3.5868033216
3.601544759
3.540756625
3.50883205
3.519343641
3.029155067
3.303334224
3.34873645
4.136253171
3.766252402
3.511066902
3.88592046
3.222156233
3.20734599
4.160186663
2.7588570163
2.96468275
3.3184399888
3.434674894
3.029015804
3.4210785473
3.40723374
3.586056695
2.88124374
3.236867348
3.7527399221
3.774221054
3.60720564
2.864859697
3.607103454
3.378016347
4.03475531
3.754394361
4.6044513687
3.598374365
3.60760901
3.57615846
4.026026286
3.409508342
3.121308153
3.391440143
3.744446711
3.073087295
3.0861864694
2.592966136
3.609264786
3.894741479
2.85832542
2.826037531
3.03113135
3.513888141
3.13260445
3.409170222
3.068410801
4.176085667
3.17051626
4.1052368984
3.584229724
3.275693773
3.21739222
3.707133839
4.0420958
3.478127
3.439325062
3.36698294
3.244915913
3.202995965
3.445880037
3.60069437
3.622903806
3.284045038
4.06049624
3.616444259
3.1949663818
3.203975691
3.9142827725
2.741443173
3.208920882
3.22111521
3.295632428
3.03774406
4.105743616
3.801641893
4.142400223
3.200222809
2.972631094
3.497172344
3.461732224
3.626909484
3.522632124
3.343997116
3.8272193351
3.7969381741
3.388599412
3.472449183
3.442698264
3.369643488
3.458171209
3.190683047
3.913569104
3.628167872
3.2661725616
3.0536430286
3.4568903232
3.466867986
3.1597566081
3.288790706
3.877577262
3.308901514
4.054449544
4.299042004
3.386657864
3.781778776
3.647793422
3.559223784
4.147864264
2.6922807293
4.112187674
3.322304344
3.279881264
3.201235625
2.837378804
3.619099641
3.466153546
3.246717445
3.512364474
3.28154397
2.903915474
3.754097392
3.263072306
3.2403845298
3.1721851617
3.504626303
2.794135134
3.3932915972
3.215368644
3.7315951948
3.13528281
3.309657076
3.464871837
4.370816034
3.459534283
3.291709876
3.311920876
3.609363056
3.671538306
3.093949728
3.756729353
3.002702504
3.262935077
2.770300814
3.33952593
3.321771216
3.031879257
3.601585456
3.984586104
3.643556411
2.769139613
3.395081644
4.108658245
3.1819497054
3.485238714
3.522176986
3.480955192
2.652896339
3.633947466
3.895477772
3.0004720627
3.142933731
3.3713190902
3.720706494
3.192548016
3.122300434
3.021310024
3.996631604
3.823149474
3.010267034
3.032003514
3.467539184
3.599905544
3.601156539
2.737066661
3.758411484
3.197536737
3.78648874
3.619542136
3.214320564
3.738405007
3.781971625
3.422651284
3.049869786
3.038316834
3.500047825
3.057972716
3.248762285
2.9208929183
3.553797281
2.8109413088
3.369685156
3.312250038
3.858247364
2.649865396
3.628236379
3.238348615
3.571577964
3.2540818245
3.451449226
3.4251079059
3.779739331
2.804272294
3.124841934
2.930980867
3.019152071
3.399833174
3.256812896
2.937527624
3.750698405
3.522653161
3.441137617
3.249828613
3.340427016
4.016399765
2.8606911364
3.3001730162
3.200722411
3.007761206
3.021476113
3.866920539
3.380624054
3.680176813
3.380632724
3.366231844
3.863523467
2.855704381
2.850576656
3.461970683
3.3285401147
3.375227551
3.614824959
3.106576491
3.061909429
3.038114394
3.3249898757
3.339882244
3.417632275
3.056862566
3.581963042
3.340416088
3.815435111
3.633865029
4.028494244
3.618495341
4.063553554
3.0913547864
3.224987474
3.415572377
3.490078423
3.249599441
3.444360413
3.21143438
3.3486446337
3.961728782
3.342577374
3.850414222
3.093742484
3.515334339
3.207803144
3.405462574
3.197180427
3.619416201
3.0558239222
3.167573986
3.386407634
3.747871332
3.4667365874
3.701989626
3.467770511
3.710041544
3.764912999
3.6560188328
3.361713218
3.738145054
2.922425999
3.093221191
3.155966091
3.192657287
3.646233893
3.28156881
3.797900247
2.877169355
2.895421987
3.088706122
3.59184642
3.534440652
3.119636411
2.728834463
3.44907876
3.094869805
3.058736488
3.236359584
3.168501382
3.109115766
2.8775917691
3.816113853
3.336264823
3.19267126
3.241565192
3.731268654
3.634666802
3.090685296
3.044219706
3.354409151
3.24107077
3.8167075938
3.43903503
3.20241889
4.054864937
3.129382338
3.546749323
3.383150784
3.355981576
2.665239153
3.106455474
3.129095408
3.087861162
2.762481143
2.812511606
4.125461534
3.20324838245
3.43490587705
3.406579074
3.204939355
3.147464294
3.320757274
2.618615106
3.128545865
2.741529864
2.974685755
3.435573401
3.213278342
3.616409289
3.407085832
2.816331652
3.094616606
2.733789104
3.548940604
3.074884717
3.518755156
3.798031444
3.449928248
3.09466511905
3.283139824
3.11262424881
3.02517626
3.345569329
3.138841364
2.886748211
2.725954514
3.534056976
3.041560504
2.752156062
3.58181581
3.318904013
3.2902126692
3.406620775
2.914820885
3.328764339
3.068223301
3.127001164
3.287185627
3.462694844
3.08643191
2.979615124
3.014666517
3.192179645
3.104018694
3.366299475
2.896002825
3.341999096
3.634713316
3.073642948
3.332941536
3.27262589
2.9209315501
3.0767063136
2.761835936
3.233287196
3.12671081
2.7894790035
2.626268413
3.573649926
3.05537116
2.976574124
3.111071132
3.860574495
3.116507375
3.644099501
2.67700323
2.93631214
3.082090395
2.67196520617
3.466251516
3.141754175
3.496013871
4.102882065
2.396405208
3.416206346
2.99658054
3.408250113
3.515511902
3.463691386
3.513153487
3.050138715
3.106387418
3.121978362
3.38685906
3.3565607045
3.28841367
2.767919447
3.464735457
3.219304788
2.86078098
2.23013638
3.057385447
3.46328252
3.743701016
3.42602794
2.636894114
2.868399868
3.2972303448
3.427439575
3.700603881
3.078265261
3.083076433
3.463910447
3.572434626
4.001995095
3.057001758
3.592983227
2.937444448
2.830738517
3.090141296
3.364432407
3.09239804
3.191805875
3.566955255
3.31673076
2.98208537
3.35013586
3.06082136
3.54498445
3.07501157
3.23134407
3.342885908
2.87688366
2.669292325
3.82793136
3.088890311
2.76179567
3.058121245
4.05570272
3.272684427
2.701563306
3.017389869
3.6088961975
3.23311516
2.97621331486
3.087907505
3.28780326
2.91191684
3.132589086
3.260986486
3.145808964
2.984783973
2.789821311
3.56823781
3.561592052
3.366907912
3.13903082
3.49689262
3.0072701
3.191847273
2.78546726
2.830573175
3.574951839
2.710984117
3.295422
3.056509484
3.07555068
4.05185083
3.760092127
2.91264478
2.855934553
3.576434438
2.733887711
3.39196029
3.644994593
3.34116407
3.0228633
3.64816055
2.9908551
3.20510499
2.58490328
3.9550293
2.8981377
3.55965947
2.819861692
3.132125084
2.971075574
3.499632667
3.20710252
3.532096434
3.444223677
3.938811036
3.50554
2.966638583
2.99729551
3.44242505
3.5383337857
3.487121015
2.99377849
3.078213692
2.7231401907
2.8766060363
3.17820473
3.109230598
2.95173392
3.6820265831
2.8426507014
3.84509546
3.74357559
3.601981681
3.010457391
3.0258704
3.151426403
3.48422493
3.492079189
3.100860826
4.154733361
3.06006135
3.381365753
2.740069502
3.159003534
3.858679333
3.581218676
4.35530628
3.346286972
3.139299736
3.015089081
3.26752412
2.7835364999
3.474526158
3.32828433
3.17610331
3.804500955
3.36679811
2.86196078
3.01472918
3.21201653
2.8857196491
2.68776151
3.273625475
3.3967947
3.10751326
3.60318867
3.13390585
2.81039756
2.895898488
3.399932987
3.5230835215
3.76510074027
2.857125171
3.0149812
2.911302435
3.712197908
3.291276738
2.963088583
3.4612864
3.49693517
2.785437106
2.860463138
3.44076839
3.48292706
3.4739799
2.7517727566
3.839902468
3.8308782672
3.3383187338
3.593131665
3.621555702
3.466372192
3.475785083
3.034273853
3.283028192
3.801912489
3.830056776
3.352442528
3.19916392
4.024693954
3.531764192
3.722745743
3.1860839693
3.760401445
3.118384001
3.342077973
3.358559263
3.392893778
3.094834202
3.380475961
2.824694842
3.216810252
3.098506023
3.3488365182
4.090833883
3.297085213
3.536977925
3.146178493
3.542375965
3.505697807
3.350990425
3.515822535
3.067315623
3.533909676
3.268238186
3.479915537
3.864023155
3.838525813
3.625400098
3.350544193
4.230477052
3.524438717
3.0965193655
3.1809545402
3.661668218
2.889519728
3.549705904
3.377146757
3.306516718
3.292450319
2.9211494519
2.6815540015
3.905921039
3.408568486
3.420488143
3.3397782843
2.839574332
3.716952738
3.625285711
3.630774148
3.568486318
3.374224764
3.018772754
3.180133832
3.483326608
3.435375263
2.860469551
3.383252517
3.823549536
3.228189391
3.114645962
4.314853513
3.066925112
3.385533219
3.313367227
3.382894027
3.339895757
2.9365064
3.105538242
3.434965228
3.656622703
3.366123068
2.82501428408
3.439727543
2.983115034
2.873729834
3.6148449283
3.681745127
3.641769847
3.231003247
3.4507891104
3.3196342529
3.718598358
3.462276749
3.673569637
3.064947888
3.069691986
3.602108366
3.074216182
2.837093126
3.098557731
3.484400994
3.053401451
3.041859136
3.287112846
2.435272879
3.551538796
2.869396739
3.244985903
3.218849876
3.228071316
2.776772941
3.113925919
3.301583926
3.79176902
3.1326420342
3.8164615981
3.758813139
3.422805946
3.5404968109
3.046903706
3.334871141
3.235815739
3.102954745
3.048389978
3.629844862
3.793872227
3.347562484
3.485418526
3.311194875
2.973040976
3.052464308
2.422257166
4.1185714873
2.810060786
2.930990536
3.081955255
3.214818996
3.146066396
3.687575004
3.225244056
3.066715699
3.838144944
3.2500676574
3.701436381
3.701379014
2.798906259
2.886070208
3.528467974
3.272780654
3.618919723
3.554173006
3.033231008
4.504771484
2.854714754
3.773704026
3.017500019
3.44568975587
3.440008308
2.977436219
3.766860366
3.571088122
3.549075664
3.639408648
3.104249584
2.995123508
3.216504624
2.750301334
3.092808834
3.265167234
3.212339054
3.289936561
2.768722892
3.400616942
3.405409759
3.7144060208
2.979566736
3.149730461
2.69619235
3.05765923075
3.166302914
3.551231451
3.027513436
2.8777074085
3.662509364
3.310617156
2.665046958
2.977042566
3.362069766
2.4593576842
3.627159478
3.355719496
3.403429656
2.837727888
3.416332856
4.051407701
3.49535336
3.441856428
3.2042638
3.498113263
3.901199336
3.508396467
3.140609471
3.049525274
4.123128215
3.166726965
3.304056743
3.405655261
3.724176455
2.76533488
3.466535057
3.755933348
3.4745129649
3.167343873
3.71766043
3.566155268
3.171089871
2.933441314
3.95899925
3.696218387
3.609436276
3.25979543999999
3.191464542
3.527680764
3.26800545
3.020620868
3.825694097
3.18948436
3.430384824
3.81284723
3.262458832
4.049673472
3.657612989
3.37445542
3.12546673
3.516344943
3.279395974
3.734465874
3.177456898
3.463826795
3.394835225
3.606914063
3.27309517
3.20214651
3.441278195
3.268321661
3.05470906
3.217011131
3.82726596
3.055533424
3.319280517
4.096345072
2.9841465366
3.9888294293
3.697096502
4.0541398559
3.2374768255
3.057472669
2.803219725
3.535661805
3.50289938
3.119579865
3.24100195
3.39645079
3.553357066
3.264233323
3.325703153
3.333279453
3.168386081
3.182672589
3.232625946
3.962315364
3.5666617908
3.15999591
3.594805824
3.39856857
3.628975336
3.329727223
3.227360589
3.72452759
2.919805031
3.69524491
3.033560519
2.823820646
2.8939320752
3.129131624
3.071170194
3.400077256
2.88458724
3.494201421
3.070645285
3.858286281
3.345279016
3.1319998
3.028242527
2.9340581596
2.933147816
2.98120304
3.0778229
2.994119045
2.68010507
2.841648707
3.064756025
2.950917247
2.885989438
3.331137575
2.586754204
2.70794169
3.219743415
3.02250573
2.9806032945
2.38375353
3.181537264
2.81071162
3.234658841
2.67123781
3.5650417
2.72464731
2.516892761
2.20166462
2.63511085
3.0403058547
2.86232031
2.61739814
3.3474855578
2.4731243222
2.447540044
2.9372548
3.024106082
3.489287295
2.59146160613
3.07184789
2.86679013
3.287481577
3.14128278
3.14805914
3.0928049218
2.80701956
2.92985148
2.318239448
3.671877134
2.715413819
2.91875857
2.50573882
2.896638155
3.27359369
3.028596274
3.075468055
3.244405261
3.61204416
2.331394
2.898939225
3.27768519
2.86642236
2.86944751
3.155986651
2.6739508
3.19380046
3.401410169
3.10688314
3.22777231
2.737097592
3.02670459
2.374599525
2.73763335
3.159975622
2.9122538763
2.410786075
2.50123294
3.661944533
2.617822881
2.843515312
2.939467895
2.946603899
2.72904721
2.82827677
3.64801736359
2.829536586
3.13501743
3.176441669
2.605196356
3.364843912
3.7148335
3.652502667
3.14007714
3.405849888
3.13466002
3.0156776
3.3857446559
2.47818493
2.71112739
3.100087773
3.097195796
3.270439612
3.231303838
3.009810503
4.05978976
3.76018498
3.7133804357
4.193722218
4.23949085
3.9477499044
3.733965248
3.3633105697
3.503408432
3.126177405
4.091850472
3.7408405464
4.425382565
4.433115697
3.596616076
4.390555028
3.92116198
4.1388010234
3.901424577
3.864559284
3.753666919
3.680810246
3.545532648
4.294652206
3.752982028
4.521858277
4.169725659
4.159867358
3.994206692
3.883943732
3.824003667
4.19013149
4.606097998
4.088064857
3.418941036
4.01745769
3.885694532
3.649895703
3.523915174
4.275716078
4.267870002
4.319470344
3.329806892
4.121937905
3.749065593
4.075880889
3.661008065
4.024181797
3.524185456
4.615301253
2.82466937
4.017108708
3.987204716
3.925347592
3.836488806
4.0248128039
3.842383755
3.950181449
4.153909327
4.646830097
4.069697416
3.776688948
4.0033549257
4.259629974
3.42045319
3.758673886
3.331287011
4.294289873
3.775267872
3.508362938
3.795929266
4.4686115365
3.666195426
4.150382671
3.7474185991
3.980731135
4.036526972
3.902367832
4.069696412
3.771925758
4.126550988
3.637147052
4.358493614
4.364594138
3.74088408
3.241999649
4.324473678
4.328970942
3.614992677
4.220347993
2.97164370621
4.283645065
3.54934198
4.011349757
3.769803162
4.687669732
3.619910457
3.824075428
4.546447632
3.987180776
3.687920878
3.564781578
3.874680396
3.268002334
4.142186546
3.449716906
4.133352924
3.739927766
3.4172313344
2.9866158852
3.929329336
3.356164746
3.281730566
3.9126175605
3.765878371
2.907287665
3.28888288
3.879331565
3.374114689
4.281401208
3.4779063379
3.505305228
3.36696043
2.951447976
2.864369056
3.48639534
3.995809486
3.881986672
3.4158176919
3.552119766
3.254288749
3.025759334
4.323086628
3.392539134
3.864414506
3.454698516
4.209484543
3.562793079
3.735364202
3.575193606
3.873496546
3.607176139
3.60499396
3.355739865
3.297827225
3.38134066917
3.82009185
4.302379205
3.573987661
3.9988647961
3.439198229
3.080250776
3.7241952
3.410845932
2.984423464
3.267130688
3.6478541548
3.638716259
3.065441165
4.0131236518
3.882608346
3.365561384
3.159714312
3.481891766
3.478198806
3.6915190567
3.600172439
3.668883476
3.348383039
3.542062562
3.291136756
3.953230404
3.6486468463
2.812704945
3.516062221
3.379222567
3.570833059
3.377693076
3.449101426
4.017451265
3.511560316
3.542030731
3.960556098
3.336184816
3.569187356
3.819603121
3.578244283
3.449311536
3.938168186
4.012431596
3.713597176
3.535994852
2.858923676
3.558989861
4.087266197
3.250504628
3.281316483
3.518336726
3.459109091
3.102828038
3.389458073
3.55825706619
3.857915249
3.91852946
3.89387544
4.09302916
4.16744006
3.23594713
3.460267626
2.99530562
3.11170474
4.31104335
3.89893972
4.22614719
3.50924528
3.693047958
4.034867059
3.829765203
3.97814009
3.74671797
3.74580969
2.684757696
3.87495278
3.857908429
3.69883068
3.21296208
3.690273783
3.4534434
3.631836456
3.53593239
3.461454165
3.308820218
3.62023535
3.77540304
4.4476095
3.02417182
3.9803612145
3.311559729
4.10915204
3.60588628
3.61361433
3.333665719
3.99281104
2.933405344
3.74941058
3.331367978
3.543217533
3.530212481
3.999159855
3.3240389
4.14743431
3.748074856
3.5026437804
3.40924036
3.43834369
3.73889943
3.64068538
3.85707287
3.605699083
3.428440537
3.59614115
3.904821031
3.682423863
3.6908228
3.58722731
3.672551994
3.203955953
4.16930171
3.99720149
3.01355663
2.948911831
3.796611332
3.397272985
3.625980231
3.811522247
3.680316741
3.12607785
3.384182653
3.8115507
3.19093279
4.09359587
3.79826774
3.67538869
4.24184255
3.523033776
2.64622144
3.64906745
3.454758156
3.60884136
3.274039741
3.33055751
3.32692648
3.73550683
3.090515649
3.284226587
3.960354405
3.78835183
3.639687055
3.412552977
3.0140326391
2.6411103261
2.9542547971
3.4810638231
3.1295872181
3.5492706411
3.2218475951
2.6764627145
2.7452791261
3.7960766339
2.8739063131
2.9195785779
3.1450169821
3.2952608011
3.5687812899
2.903347935
3.9775559889
3.4255742389
3.5903002811
3.4953239009
3.2079673981
3.7112891721
2.9977629741
3.0247866579
3.0459079609
3.0006841179
3.3916868389
2.8693168621
3.1950075987
2.6151427951
3.1781215819
3.3067023909
2.851023019
2.9567982829
3.2962446381
2.5834567809
2.8706800611
3.6734108951
2.4027193021
3.9319415499
3.5875802631
3.0997363911
3.0279169149
2.8142709219
2.6903492921
3.1108794601
3.3615301899
3.3432129909
3.4167965759
3.1878362651
2.4683158461
2.9250492431
3.2086689949
3.2045600019
3.0577555789
3.1079617321
3.5527133801
2.8773548091
3.1474401621
2.8306833321
2.4542939499
3.3426208871
2.6351919509
2.8839153217
3.2375098351
3.1146226329
3.462974573124
3.1522501999
3.4016285531
3.2697955289
3.1650595986
2.8434282359
3.2834325261
2.9987268061
3.137426148
3.3746228391
2.9957382199
2.7272482109
3.0650066739
3.0710238351
2.6970867284
3.1681740701
3.1950052501
2.9610549771
3.4409115941
2.5078959221
3.2912533011
3.5730866309
3.0880823531
3.1326754849
3.2501608341
3.1929547664
3.2127723401
3.3824198371
3.06988761585
4.0391064111
2.6491191459
3.3740271462
3.0475226709
3.1774664449
3.52983969
3.038926757
3.143910269
3.478205192
3.61526184
3.329294603
3.3894315991
3.49593103
3.7542433686
3.138254304
3.552915264
3.02455211
3.131680069
3.13629887839
3.4615586485
2.987709625
3.61377708
3.367157862
3.540547019
3.57160627724
3.4284153424
3.72576274
3.52993588
2.661210474
3.0725454359
3.130717375
3.963048687
3.7795594948
3.871956814
3.491189266
3.36911496
3.005636946
3.49416969
3.74048726
3.70208333
2.87721288
3.313804083
3.041493966
3.57346922096
3.3612421816
2.978342497
3.778881204
3.5099199455
3.519401486
3.376849264
3.622278939
3.846163463
2.756290205
3.62654488
3.489975164
2.8587043127
3.492130344
3.4195823222
3.58141042
3.6665437544
3.08674065
3.516801903
2.89971999
3.14948756
4.28246187
3.34733049
3.426728154
3.58902644
3.939702925
3.08803068
2.74793854
3.343496999
4.227401496
3.413548513
3.352364473
2.92034967
3.276632015
3.20590348
3.5181687806
3.160764432
3.542627062
3.923710003
3.169328282
3.035274338
3.4116319963
3.594226686
3.346025712
3.451418182
3.69408448
3.37363248
3.469211714
3.712590774
3.44139499
3.328065272
3.776582477
3.49662834
3.7714425266
3.955476592
3.1397083
3.260065861
3.46578517681
3.418174518
2.923953143
3.707142961
4.1139606501
2.521696771
2.764859578
3.486617955
3.500704376
3.1354735025
2.8595649452
4.491221373
3.225373181
3.7940397799
3.592953849
3.424412881
3.175067543
2.752741502
3.694533495
3.933998663
3.3275577311
3.163285802
2.864550572
3.1128789328
3.869406169
3.2812500083
2.673965165
3.5286232737
3.566083055
2.996551805
2.697966655
3.4275683045
2.892878507
3.487482671
3.387699536
2.807267379
3.462130384
3.360659918
2.6649465481
3.021839535
3.856011545
3.431940288
2.517175451
4.063520741
3.3525655742
3.234023087
2.4630574273
3.6044388312
3.357607973
2.793106983
3.336855792
3.272505855
3.2372677845
3.169511661
2.9659603287
3.721419965
2.539363099
3.365061545
3.103362949
2.916509905
3.43007306
3.1828891439
3.687200195
2.769166419
3.4639234194
3.644507804
3.031512572
3.207082402
3.2372846627
2.80138449
3.237711261
3.054932465
3.163207885
2.71563168821
3.2398527687
3.390260885
3.227850892
3.62619174
2.861866419
2.629199878
2.895831559
3.621058697
3.046587503
3.488347388
2.96339387
3.113256426
3.41728137
2.93087656
2.447226999
3.7773503463
3.068230039
3.305969245
3.380416817
2.478075843
3.404413263
3.535506219
3.3078910387
3.184877975
3.149451323
3.326435215
3.420966745
2.860801187
3.041812548
3.480282781
3.234734512
2.831380349
3.4856316423
3.4816425908
2.907115643
3.4455444
2.740295833
3.298198236
2.57075954
3.376486715
3.622207836
3.283621651
3.646698033
3.444499453
3.2185572765
3.419480933
3.520617374
3.124958475
3.301872717
3.534817351
4.308557013
3.432324801
2.8262010093
3.0488208976
3.236051428
3.537818144
3.0490583989
2.9847878866
3.15232747
3.383923491
3.705811039
3.73015129
3.664663649
3.032589817
3.457654935
2.695179684
3.471195207
2.884932886
3.59840135
3.0150434947
3.657668926
3.390329303
3.017903045
3.845155951
3.46575791
3.687546873
3.021348366
3.8771614968
3.457935829
3.598389561
3.547047494
3.349187415
3.704494517
2.865592337
3.127765535
2.86369127
3.504209043
3.318124376
3.788634085
3.754390562
3.841108211
2.998439066
3.4262535952
3.81202842
2.927739862
4.091836376
3.178836645
3.257673551
3.825241645
3.634204361
3.4555706865
3.48476411
3.722131971
3.152983034
3.354186158
3.792210083
3.310641022
3.631364683
3.63016333
3.510124673
3.15806582
3.186980708
3.9911977681
3.6923591194
3.03782798
3.961904671
3.3849219
2.615286721
3.624438159
3.552335261
3.787674713
3.446330403
4.078692973
3.459540293
3.1208293376
3.4656052942
3.37330595
3.57945703
3.537685141
3.621210847
4.025403935
2.985373258
3.305369667
3.37228859
2.709304078
2.933580512
2.808000572
2.721108307
2.864057218
3.147692891
3.194324856
2.8244822556
2.300168622
3.457629895
3.578806645
3.476099668
3.4253218495
3.0741802762
3.329768038
3.573300414
3.193747454
3.095515917
3.206470276
3.069838134
3.29849841
2.901155838
3.449849708
2.9764371963
3.113446166
3.731580993
2.868747
3.435458488
3.15722367
2.8508989049
3.2258487638
3.303996148
3.692080014
3.4147913205
3.556019801
3.026921742
3.306995473
3.5963460511
3.183503516
2.759789484
2.824397038
3.580320214
3.637153227
3.135659787
3.845841343
3.361648136
3.200357078
3.366589388
3.061005481
3.421032238
3.5868259
3.040121678
3.792524795
3.1100403802
3.255208926
3.019759428
3.496590968
2.99459876686
2.9798570938
3.4561006977
3.0414884281
2.660713232
3.322474999
3.138173898
3.263996208
3.411248667
3.24478705
2.928904229
3.044855618
3.041025398
3.317312968
2.9503726873
3.593361621
3.21999837
3.541882409
2.989818977
3.164408171
3.019709192
3.17755453
3.307199408
3.2541151928
2.811240481
3.333012265
3.568812887
3.2746675338
3.079238537
3.054970098
3.318860333
3.298546895
2.847684918
3.118829448
2.716670468
2.8487250808
3.095464672
3.298445638
3.393135968
3.345647731
3.246620958
4.1351550508
3.952124484
3.350503149
3.0588573607
3.275937983
2.836310972
3.696172489
3.871192325
3.049104081
4.0301042995
3.7427280728
3.136989153
3.251081528
3.103685021
3.900653771
3.023206249
3.54141108
3.711527729
3.8680590725
4.141138637
3.33993583
3.872657457
3.1326459675
3.4708942
3.503356955
4.235192853
3.267491223
3.510758
3.8133140097
2.980993747
4.087839621
2.906711771
2.776112359
2.6769830825
2.899113763
3.5502510312
3.012074898
3.631344478
3.8546630693
3.512899049
3.6291589275
3.594812369
3.7158784581
3.092171922
3.67643347
3.339404254
3.2857797459
4.157816844
3.585407897
3.235200575
3.486239369
3.157136437
3.623754112
3.7116182588
3.357565985
3.197900486
3.754351468
3.333220141
4.079337541
3.051888221
3.739332079
3.3403321074
3.316577045
4.370918057
3.223533461
3.398239116
3.468949555
3.984335316
3.274424169
3.38705792
3.332025616
4.034611491
4.063817072
2.586963521
3.970673869
3.960876818
3.638870815
3.790211224
3.365971901
3.320384619
3.233892721
3.3206480551
3.546026445
3.7516312672
3.79573990009
3.583983869
3.544834241
3.951735938
3.4193950334
3.6837598754
3.961736845
3.060178042
3.6941458928
3.250187072
3.348830171
3.6154071
3.321843214
2.719779287
3.536776401
2.885119345
3.005853058
3.456674116
3.11004795
3.247193004
2.891379102
3.559291613
3.620215182
2.904955466
3.494817668
2.936143299
2.7820793724
3.067155235
2.8409648158
3.251936748
3.406905878
3.876165162
3.290426589
3.4810909777
3.186482147
3.099342551
2.77437585
3.3224721911
3.342204553
2.4611146846
3.341554005
4.052767575
3.055168383
2.721297301
3.363901943
3.027341063
3.2250645502
2.9427942
2.846574703
3.393966931
2.893094707
2.745630516
2.924201049
3.322484304
2.553906819
3.027587001
3.0787116214
3.11691075
3.408431404
3.456492878
3.318986108
2.965259011
3.153653419
2.9641180243
2.705938313
3.206944058
3.1925206903
2.820585815
3.678447091
3.204520733
2.897816422
2.8111413083
3.982347559
2.8075032919
3.261976491
3.0662570511
3.295246694
3.108731967
3.849214706
3.288784773
3.097019605
3.140878653
2.8939670452
3.209567814
2.63189271
3.3671146891
2.6798977162
3.477343676
3.418098336
2.803161437
3.239431534
3.293245783
3.345102669
2.95611419
2.444265255
2.8979256701
2.5422075442
3.448490341
2.83969752
3.287464402
3.036975711
3.899446927
3.263756502
3.25204787
2.7424052189
3.1130246539
3.484301255
3.396609915
2.921442787
3.168593829
2.771996431
3.571401228
2.937737862
2.834206365
3.214788693
3.620412346
3.068576489
2.9080686211
3.55449208
3.736803553
3.432717078
2.783202264
3.396397903
3.373711733
3.464297713
3.46150628
3.348895196
3.931518053
3.479281413
3.408304713
3.332045173
2.933667033
3.142982541
3.2650366826
3.536285129
3.658062037
3.204043224
3.232646003
3.4558974191
2.940700478
3.4056620368
2.944379625
3.164436764
3.998212514
3.393889797
3.660930004
3.2738088884
3.1222270216
4.015196783
3.913230339
2.691773534
3.440778828
3.324235641
3.193827703
3.324050788
3.676174714
3.3610707883
3.207455736
3.388801024
2.9255609628
3.449311493
3.60731805
3.017608553
3.217672835
3.527361656
3.083382954
2.77418271
3.224392991
3.690933037
3.188743139
3.575749525
2.927115526
3.283802489
3.047866734
3.622362819
3.11497027
3.358431723
3.566299453
2.666134145
3.5786352
3.214696561
2.683066239
2.804509173
3.336270399
2.964965553
3.519711908
3.217092839
4.179488487
2.899860174
3.516996047
3.004320661
2.563601818
3.397593806
2.923029572
3.362141693
3.073779053
3.011815563
3.294979095
3.561689951
3.393888743
3.1219623189
3.746887883
3.557651505
3.428553339
3.580616569
2.650187001
3.598836003
4.223716245
3.361000524
3.4524790371
3.272157923
3.367249198
3.526009405
3.565842643
3.765577862
3.007334829
3.377648813
2.774958622
3.099507414
3.002229158
3.079856071
3.235832534
2.698220272
2.845337729
2.292038507
2.599486494
2.8107838302
2.715616334
2.531577437
3.314935778
2.851810432
2.998242341
3.477204644
3.209378582
3.206195172
2.415984664
2.821452408
2.923658903
3.3888004
2.71569609118
2.648872605
2.515319648
3.188774535
2.863241964
3.43314082237
3.026908082
3.178546468
2.808823594
2.8098060865
2.881515582
3.472750637
2.848269598
3.115317364
3.5086435708
3.574586062
3.104705407
2.708071299
2.882576427
3.106632848
3.105400739
2.82307255053
3.377725252
2.972122452
3.342798596
2.718610566
2.989552462
3.333926267
2.464599195
2.695190904
2.745914355
3.1089315455
3.157949656
2.767759203
3.346570378
3.085071192
2.623266461
3.575011409
3.219390112
3.062075922
3.498453129
3.030743834
3.177298878
3.539359473
3.318304588
3.25862172111
2.731291864
2.88078792
2.7604075517
2.656656468
3.4718000877
3.276909839
2.46423879
3.172947183
2.567116212
3.372408336
3.193033204
2.947074583
3.017266142
3.394523425
3.4310512
3.143449975
3.262334372
3.3042962124
3.141209717
3.167661458
2.539508711
2.887004722
2.773214124
2.9715722829
3.660003867
3.362494796
3.660967818
3.220003353
3.12214867865
2.714792579
3.221219663
3.0026373897
4.07368845
3.3408027
3.59249869
3.437656965
3.538737216
4.157538396
2.605325752
2.975960209
3.382817991
3.278448602
3.691327851
3.10346173399
2.996872733
2.86317335
2.96256068
3.341502824
3.38900292
3.570343797
3.522286789
3.65445318
3.977447084
3.03517013
3.73241712
3.646991641
4.154455517
3.534648341
3.3057977553
3.316790355
3.816191119
3.62667396
3.24690385
3.240503396
3.97416025
3.127890104
3.6284468553
3.44796989
2.95940781
4.3546163324
3.450144668
3.24393966
3.771569052
3.79835243
3.63152909
3.2672014366
3.902132701
4.03089944
3.337534939
3.772315328
2.5193549
3.161320169
3.3806675898
4.201947774
3.453673032
3.440025488
3.180008818
3.91162476
2.771768376
3.348060056
3.840003604
3.10520156
3.007779815
3.593950194
3.502774721
3.33939348
3.32290947
3.560647859
3.983156215
3.282816744
3.531305716
3.271511065
3.367441768
2.961927392
3.74104226
4.033449295
3.06943651
3.878883401
3.64500209
3.570637583
3.29115204
3.21484994
3.307698366
4.019485718
3.707788869
3.28476028138
3.91800284
3.279828837
3.731126284
2.544732016
3.347621634
3.037110476
3.71934789
3.36064706
3.032339345
3.242268338
3.4094677116
3.79030207
3.227805606
3.68415274
3.18058894
3.4511800428
4.14158478724
3.619549432
3.886494783
2.514887162
3.899179196
3.812187457
3.85795506
3.545230527
3.542084585
3.387961949
3.4445665137
3.982715605
2.842632005
3.274058653
3.446992062
2.91209572
3.925578986
3.2767040897
3.515669025
3.08320709099999
3.602514904
3.800924516
3.48773768
3.9420595979
3.457677268
3.439776051
3.5908907181
4.104434627
4.191060983
3.7476618707
3.607608957
3.3540708989
3.1211319625
3.638786913
2.8756677184
3.838646456
3.050697931
3.427524737
3.3675588371
3.223818691
4.034837054
3.6309080827
4.110022036774
3.482697563
3.070740213
3.53091974672
3.237522518
3.836625036
3.3201179325
2.964650929
3.325350431
3.396450818
4.3266404677
2.695207926
3.297140156
3.709239016
3.3351473947
3.270135768
4.36228802360001
3.369394409
3.746337008
3.5466548363
3.5374549147
3.466889127
3.204211367
3.362972989
3.189655193
2.727297447887
3.908423441
3.3757984931
3.312981811
3.874795853
3.6868745052
3.8718841968
3.5360908318
3.164228124
2.685060832
4.4791061509
2.9059992836
3.4252638404
2.641532245
3.718012956
2.5215017968
3.1713847781
2.999180756
3.3641109637
3.927626321
3.1890615089
4.036823019
3.506316281
2.9552093658
3.732046295
3.579007034
3.5205684614
4.104641766
3.330315988
3.432679718
3.981495943
3.196000314
3.139058263
3.3231091799
2.870205509
2.786735907
2.9540797771
3.260981653
2.9985803151
3.00093379
2.90109602
2.706158845
3.1144891
3.227585611
2.893466225
3.404422887
2.944916446
3.28227316
2.743179873
3.087540835
3.191900699
2.84089093
3.160181498
2.60277435
2.936070884
3.31214708
2.946723577
3.322371534
3.01930166
3.6072141077
2.7344645281
2.8508314404
3.6681887
2.629526702
3.074963491
3.84965983
2.73393843
3.35165952
2.634352133
3.399989415
3.33464775
3.338387506
3.237956693
2.666386887
2.795890428
2.566837868
3.333561888
3.063894525
2.72490746
3.026168633
3.155527021
3.44136362893
3.808576202
3.03231663
2.96927588
3.116062416
2.544960332
2.571286322
2.811507503
2.925709091
2.415335925
3.3291029216
2.472733209
3.37443989
2.9846033711
3.376477881
2.48622354
2.762065274
2.94424336
3.048031464
3.203997373
3.418603163
2.5289456
3.767718847
3.55737791
3.796700017
3.587731313
3.13792733
3.14512023
3.233655236
3.006186724
3.458096614
3.23610787
3.64733735
2.968068232
2.835749522
3.3778027998
2.5457895
2.78598531
2.972561376
2.48640523
3.00172165
3.285031896
3.60171849
3.027794158
3.08608933
3.9484841202
3.23633905
3.07094194
2.7363916548
2.637526074
4.0541665766
3.72910707
3.915231072
4.02282884
4.104993832
3.367699983
3.780890609
3.52540844
4.27459345
3.52664034
3.87697963
3.877734044
3.39314699
3.93110768
3.329311435
3.421297929
3.341863908
3.68852088
4.175078461
3.034985247
3.5784167
3.511306241
3.32981528
3.26880391
4.050351419
3.733004365
3.08145717
3.388983428
3.28825988
3.7686006277
3.823708753
3.822965946
3.55386754
3.19230536
3.10968378
3.3044453
3.144469118
3.59584071
3.199385048
3.39933172
3.41580294
4.599954472
3.04631076
4.0820693
3.3107883982
3.77874171
3.89572362
4.09980799
4.00251755
4.773589777
3.373569382
4.28213651
4.48315792
3.735625342
3.632957832
3.73525611
3.7459283
3.402813961
3.629954752
3.189766331
4.184687511
3.587381864
3.4628651753
3.7495689852
4.41149635
3.7316047
4.03649212
4.25399675
4.48449321
3.86911636
3.211213888
3.84277919
3.365987356
3.44965421
3.538732704
4.004949628
3.9268467
3.63695612
4.16956053
3.51477133
3.53323793
3.492102113
4.068024461
2.761222555
3.255589679
4.139065688
3.66560189
3.59555054
3.81531867
3.509806042
4.19655233
2.963301768
3.091861885
3.570197277
3.35689778
4.05530728
3.9346650332
3.2491757
3.739519539
4.110184257
3.901207814
3.596876034
3.447945838
3.243353485
3.040854334
4.048775695
3.042803241
3.425201886
2.716476876
3.17853554068
3.883544127
3.506037392
3.940239942
3.3368586194
3.2546184355
3.395864126
4.266288739
4.03724945
3.646680394
3.044301871
3.304368944
3.013784714
4.082992694
3.467746946
3.143295834
3.220268344
2.940041415
4.483330808
3.327364247
4.2916280815
3.448539614
3.626396439
2.957263989
3.467166857
3.169278974
3.99149223
3.6211316835
3.892713639
3.012599813
3.7434213832
3.492450198
3.143196136
3.4449120245
3.350085192
3.989301627
3.610457456
3.996465392
3.490372009
3.655295937
3.992521924
2.623886501
3.230099584
3.210778072
3.892407568
3.074876881
3.781378196
3.214883769
2.839721834
3.087283426
4.436106233
3.978532364
3.039726246
4.240648034
3.410762726
3.61242048264
3.373596444
3.842398477
3.583578593
3.25593002
3.388748666
3.484388407
3.767343356
3.418946574
3.130782257
3.463683316
4.162541864
3.396081571
3.298980286
3.575903776
3.040077617
3.619633064
4.650464027
3.398936618
3.147690654
3.275816106
2.837301966
3.30197453
3.9459046571
3.478936523
2.937111746
3.846884824
3.219353799
3.373189517
3.685271944
3.131584952
3.306022714
3.310066234
2.699351506
3.413659215
3.8424680069
3.5396809056
4.179255395
3.253922658
2.882122682
3.144426983
3.168296508
3.474046233
3.032408125
3.535003908
3.6270437429
3.62109999068
3.3617270509
3.553546324
3.5398134449
3.333701404
3.081663949
4.262083156
3.456569661
3.395983528
3.1525096746
3.262147818
3.183157897
3.0523917252
4.232139776
3.311550093
3.909604707
3.744700767
3.260774957
3.6603001245
3.83103126
3.9548522105
2.758875077
3.729178404
3.5586283189
3.565370387
3.748578666
3.604581312
3.451537812
3.850089668
3.475815676
3.406702518
3.482796017
3.741917015
3.475862372
3.424908618
3.427382567
3.903564892
3.934868708
3.720332754
3.166102081
3.071385292
3.384720891
4.498926481
3.384129359
3.465264032
3.708978917
3.2310322558
3.285329886
3.303162071
3.239057093
2.6415361958
3.3066025463
3.828112838
3.221813573
3.1392467214
3.636065844
3.533856515
3.651534907
3.1936399539
3.93268611
3.34274257
2.886325227
3.986513107
3.575671211
3.344194133
2.913914762
3.617037063
3.525197039
3.327161666
3.102878777
3.828644837
3.715221956
3.4891180451
3.698807997
3.366966334
3.51875357
4.1965302
3.5228556277
3.597627336
3.970958933
3.628618114
4.1899634374
2.9480722483
3.594337119
3.349630486
4.004051821
3.664272507
3.671808689
3.695382418
3.68979635
3.002650024
3.235298743
2.9674881339
3.331404911
2.966707451381
2.851148133
3.2133275
2.794309961
3.12776385
3.069029531
3.1890720119
2.944164528
3.344764209
2.768699662
2.981106469
4.02059828399999
3.557574278
2.899762348
2.937156158
2.941961846
3.280639558
3.031766826
3.072232903
2.795999495
2.9935689546
3.278327678
2.645812678
2.926053763
3.2535660095
4.287321704
2.868456299
3.127257537
2.964278023
3.181433448
2.626187549
3.303328097
3.934883471
2.649435695
3.644479468
3.794105318
4.083974463
3.279220225
3.381847723
2.84148698
3.0542851786
2.95730681
3.074532563
2.893404158
3.296256223
3.489606222
3.645085034
2.678841073
3.135897549
3.270964745
3.045733768
3.725376691
3.0840675624
2.449517067
2.6817157569
3.270452529
2.78262257
3.005527925
3.3163602488
3.204616452
3.421804863
3.8154299997
3.18438584
2.987995718
2.989356127
3.20518437
3.230976088
2.874405084
3.19156343414
2.669460794
3.357885401
4.1050539265
2.900299115
3.585054374
3.475081558
2.895373308
2.982278239
2.963703838
3.284018258
3.380432198
2.890262943
3.423199984
3.182286813
3.147272941
3.215683395
3.385035764
3.474851968
3.249639887
3.02256437
3.217894393
3.547365143
3.2054939529
3.527329714
2.739386816
3.1394254882
2.7800380325
3.599126651878
3.142401755122
2.903287560878
3.441092476878
3.804804541878
3.599420176878
3.048097808878
3.481049287878
3.424813436878
3.376246631778
3.809293335878
3.150392575422
2.778702122878
3.398171265878
2.969495068878
3.568032672878
3.567651875198
2.977988104378
3.187605343878
3.617147624878
3.333638593878
3.262225847978
3.160753370878
2.494059562878
3.481406974878
3.604833404878
3.287765896122
2.895176904878
4.282693144878
2.912375490078
4.287703461878
3.326584628878
3.595917201878
3.783680642878
2.803154217178
3.632194063678
3.436826177878
3.374980375878
4.262354980122
2.745322689878
3.320252055878
3.598238415178
3.016433058078
4.681945276878
3.176144342878
3.359340737878
4.199262049878
2.648242060878
3.209394948078
3.494008938878
3.130379162878
3.379491709878
3.199610411878
2.714616103478
4.301428642878
3.108049642878
3.623147465122
3.251452371122
4.094627461478
3.725234864878
3.046341496422
3.998990489078
3.668959290378
3.321357515078
2.994022482122
3.127527186878
3.849492632878
3.597210302878
3.214402971878
3.794241837108
2.639846430878
3.970800511378
4.098209048478
3.573495784878
3.947780270878
3.158109087122
3.385911183878
3.011761290878
3.633727443878
4.114200755878
3.440841140878
3.581428351878
3.409359260778
3.517477901878
3.466689618978
3.424342119778
3.279969416878
3.688725874878
3.504098088878
3.232410597122
3.642290727878
3.931870327878
3.146853374917
3.962381333122
3.187178858978
3.945345057878
3.467551697878
3.823376350878
3.541594575878
3.225381695878
2.94496072
3.29211871
3.37382716
3.367686779
2.9026876116
2.73087793
3.642977996
2.926802464
3.42642103
2.832820646
3.076152444
3.77003695
3.5822298384
3.75280376
3.07214879
3.09533978
3.00875767
3.2588325088
4.243918117
3.69201399
3.34324805
3.131579329
3.373031808
2.9916099573
2.921593202
3.0581080431
3.34001558
2.79080309
3.84892056
3.821741747
2.730131872
2.86649789
3.1537314
3.286146204
3.158140888
3.002757028
3.334734706
2.786738612
3.809363392
2.71621392
2.914742983
2.85678947
3.006006151
3.310160394
3.7910684
3.015848653
2.983259374
2.619959143
3.4149632
3.548786746
3.252715344
3.10391559
2.920647363
3.293551443
3.08090612
2.864491403
3.30275373
3.447629038
3.34592323
3.203720621
3.67795
2.936959084
3.180544375
3.10061924
3.42955251
2.90042781
2.41114856
3.593662522
2.94738228
2.99107021
2.84674998
3.214712337
3.00474587
3.35473659
3.044496736
3.78063175
3.256257914
3.679104965
3.30369229
3.316626379
3.810120423
3.437125744
3.447399637
3.351042342
3.075845376
3.34543429
3.963785114
3.3506003111
3.482621692
3.107456135
3.13219319
2.706556306
2.716182203
3.522439796
3.050725191
2.70061507
3.356794118
3.988551982
3.11048687
3.0731768033
3.562210611
3.449802654
3.315974611
3.414480005
3.13828064
4.38737521
3.457100918
3.506578487
3.37475483
3.380667522
3.478701132
3.770244577
4.28992247
3.733886199
2.91549795
3.731234242
3.210964568
4.071065577
2.429138857
3.32752358
3.6676783196
3.25497368
3.709405653
3.665624318
3.545494022
3.174256739
4.15686035
3.264240162
4.148328081
3.080619224
3.1704893802
4.599441659
3.630682902
3.7068898785
3.64972404
3.307868306
3.61738742
3.945851018
3.92935272
3.13971974
3.11018396
3.65151424
3.743461838
2.39429618
3.950706772
4.073680026
3.175993389
3.25400796
4.362022846
3.91235002
3.389872016
3.65919169
2.971100018
3.99123411
3.776612565
3.94430147
3.554956309
3.97831708
3.139269885
3.645303204
3.2017821405
4.3846679986
3.24000616
3.5717499
3.82134619
3.54239158
3.766214587
3.578734095
3.606753522
2.705922576
3.232816245
3.79523439
4.26323236
4.182891164
3.89717217
3.572316879
3.864987112
3.0721076657
3.896171
3.445227601
4.35592711
3.65958623
3.416265777
3.43486217
3.82145342
4.044126301
3.377674279
3.4807511856
3.450839674
3.930565398
3.63140572
3.480692642
3.6687144537
3.373150697
3.539814479
2.9000255975
3.82113489
3.180680221
3.085403528
3.6274849706
3.498232558
3.233750618
3.628536796
3.47956069
3.582156571
3.859418776
3.004988019
3.771398631
3.712988276
3.8355803062
4.12085
3.97407575
3.396767142
3.714809446
3.856268129
3.389987233
3.270154192
2.829665893
3.941790427
3.347183947
4.206892257
4.15633105
2.816476798
4.063446342
3.086216649
3.468223045
3.055449179
3.827054881
3.9965106919
3.721437559
3.715301724
3.832065462
3.413615175
3.657536689
4.172472128
3.779082901
3.3094127227
4.6475204825
3.715681398
3.6190257733
3.649247451
3.53612577
3.635873671
3.6105402035
3.483950602
3.144605843
3.102894081
3.578293887
3.764959057
3.75671937
3.9160460762
3.8192002938
3.607523824
3.639418927
4.064034969
4.379179416
4.100735886
3.584155442
3.546703088
3.989857423
3.5507443137
3.917388204
3.680984931
3.7709468154
3.459126818
3.76054703000001
4.37923593
3.8223661294
4.076795708
3.797928417
3.101244969
3.545589321
3.993278497
3.356393454
4.07508953
2.839380017
3.436885384
3.512928641
2.750722351
3.629481559
3.889868287
3.872081086
3.698450212
3.482232286
3.5248226
3.6065490924
3.638338023
4.263553539
3.8005208077
3.4999126234
3.7305348082
3.578765717
3.751686162
3.79644308
4.0091049069
4.03335506
3.653070708
3.030116597
3.904534384
3.6380501705
3.189955147
3.468892578
3.718217533
3.109485366
3.292879297
3.38701444
3.098818774
3.432792527
3.015244011
3.188409248
3.619665431
3.018055132
3.700113863
3.430986257
3.548834925
3.677234528
3.344547715
3.309909827
2.904966458
3.729834163
3.467805752
3.274697627
4.000949567
3.385108789
2.64662271266
2.766345846
2.877604803
3.550587767
4.274588562
3.567487912
3.355311051
3.225709599
3.378535334
3.853385647
4.450604578
3.130556646
3.434696869
3.3614184589
3.204476307
3.690777732
4.0413210372
3.6559332868
4.302416395
3.10757993217
2.752120847
3.488649217
3.390767423
3.351821153
3.803266295
3.398812986
3.164607543
3.720943012
3.075622109
3.617490755
3.35124309
2.732654828
3.094854802
3.545525043
3.587411668
3.525161073
3.590129192
3.7152148014
3.163813055
3.4409161791
3.482427613
3.27023233712
3.773020923
4.0044344919
3.995132407
3.239406222
3.297356347
3.311872362
3.070900438
3.377357013
3.231553558
2.7621755691
3.898547828
3.183575689
3.394794966
3.582580077
3.747788412
2.767435781
3.174256405
4.123758721
2.873542372
2.826499241
3.003970871
4.093151567
3.40091554
3.543251513
2.955153517
2.957728623
4.217916564
3.29550976
3.4978207434
3.486526621
3.921562362
3.307717257
3.313576412
4.131663083
4.318450696
3.135783916
3.12992198851
3.338498858
3.120312372
3.925558101
3.674311054
2.5199069084
3.42865359
3.67238342
3.853033169
3.323845107
3.33091146
4.23631626
2.895183466
3.195616514
3.239720249
3.282630811
3.345145257
3.086150697
3.4163762123
3.3810037633
3.5727753674
3.11991938
2.60893271
3.398755725
3.176120371
4.242458288
3.91542326
2.901341289
3.464968807
3.24359298
2.777012968
3.1640292472
3.519628615
3.902608902
3.059858869
3.48397343
3.412696238
3.18261989
4.3701448943
3.656282459
3.517682212
2.837675029
3.20378789
2.9533731728
4.247420045
3.554540015
3.862659677
3.280231832
3.081590644
3.360857798
3.631171237
3.3101761468
4.1594352486
3.084358026
3.341577757
3.319348681
3.820504207
3.316173355
3.0300517479
3.4864479755
3.44747548
3.301652852
4.368491658
3.205219604
3.0696615887
3.27763901
3.450029391
3.5465122634
3.226221053
3.309202016
3.965625683
3.226182921
3.5229134464
3.269563727
3.262821462
3.830233839
3.763391152
3.204000816
3.251371988
3.759752911
3.20392414
3.962783743
3.49554657
2.7165435752
2.789825074
3.290943727
3.223204055
2.791257342
3.716497345
4.066955755
3.62500327
4.274075077
3.314495924
2.620263915
3.433825448
2.844268155
3.745331495
3.168009222
3.359217659
3.3148634578
3.084008001
3.605852297
3.137380335
3.196719771
3.4665088144
3.745899565
3.0685962171
3.2328385193
3.906359515
3.8253509057
2.998899822
3.027542327
3.732195568
3.431332406
3.345748796
3.390036882
3.045365135
3.179657349
3.199130709
3.667913272
3.8511231833
3.013555706
3.956056444
3.847728782
3.37882616
3.722853865
3.568938441
3.505623335
2.812616499
3.331219568
3.523078116
3.5970982848
3.365061009
4.4371540974
2.8755872315
3.344426326
3.563483449
3.418212381
3.124077231
3.0250495332
3.534922257
3.0870875374
3.5787934954
3.189018062
3.252838204
3.490900392
4.076871122
3.121810778
3.908958086
3.642208331
3.522970838
3.600648918
3.946506906
3.233466676
3.058560233
2.991188537
2.877319517
4.039030207
3.369667201
3.508690161
3.022905495
2.647364868
3.601519714
3.807159218
3.428201484
3.4771506266
2.86886838
3.686719202
2.938148686
2.771213578
2.562546411
3.265258885
3.284122656
3.112615355
3.292372556
3.092008525
3.492106372
2.9986145413
3.1725742401
2.959948096
3.668747668
3.258256975
3.216316676
3.668757145
4.050479545
3.49632264
3.4581477271
3.5004111981
3.684099305
3.12696338
4.305792466
2.917656436
3.92590683
2.854892963
3.3712427
3.616797476
3.052759896
3.27116843
3.791900865
3.806004796
3.736971251
3.772891653
3.70504927
3.5394684604
3.7338490234
3.009461894
3.608605676
3.084614475
3.941618148
3.6984166925
3.771070561
4.204842092
3.4734627675
3.817195574
3.354433892
3.46981297
3.658035258
3.439929482
3.57675344
4.258101706
3.13135438
3.5372435327
3.3902577543
3.751592934
3.63715133
3.1245675185
3.57166595
3.4469722
3.187451771
3.834904386
3.821841933
4.14137835
3.92481349
3.854472614
3.975694802
3.68031655
4.023250715
3.178297574
3.695248137
3.8300187867
3.375680805
4.1789089534
3.968339502
3.45233563
3.98009818
3.815384963
3.475508781
3.56382071
3.577880796
2.837870499
4.088753159
2.972667275
3.529062524
3.272168679
3.563051376
3.500781541
4.593345179
4.08728201
4.19103804
3.3242678771
3.721971385
3.7015824977
3.525894167
3.3496424778
3.85036181
4.038677753
2.983746038
4.08669664
3.80676321
4.012053005
2.976048623
3.76277135
3.8239841559
3.77950554
3.087616289
4.021479565
3.634720295
3.415909486
3.248685491
3.742618735
3.5517724114
3.283918169
4.154464145
4.029930312
3.41910715
3.820510197
3.27914079
3.08051213
4.50720179
4.348421347
2.90558022
2.724639483
3.60215839
3.750896162
3.919849841
4.0067905856
3.74135368
3.433843175
3.0139450808
2.967787388
2.993737221
2.8176985067
3.586208362
3.2696749097
3.740907326
3.103483906
3.073664148
3.22187477345
3.361290157
3.05354432
3.82133803
3.031699067
2.789933816
3.318912436
3.686349744
2.772688609
2.726752686
3.023678998
3.894260738
3.849763774
3.09246751
3.394528011
3.536275912
3.08839904
2.474172027
2.888434941
2.892601483
3.26007604
3.3300589155
3.280159686
3.9085697273
2.666446098
3.029304079
2.962944575
3.12052881
3.272484015
3.2095413935
4.051697706
3.094707722
3.306396231
3.062935764
3.15912414
2.891950637
3.401398283
2.670013285
3.413207447
3.864714532
4.1263439437
3.083509799
2.64030137812
2.8672674268
3.44204184712
3.31526587
2.953441511
3.41310677
3.426675998
3.617711476
3.755058144
2.914335025
3.594230977
3.33553896800001
3.304943406
3.109946517
2.842749497
3.240835745
2.777265126
4.272503112
3.589750804
3.6646178996
3.97099718
3.905495395
2.577985509
3.1660455295
3.963038743
3.068003775
3.203063982
3.39601954495
3.115905555
3.578449724
2.8781487232
2.8229334295
2.955401036
3.401132703
3.052642738
2.762837508
3.4769115251
3.387983282
3.364670851
3.409808819
3.101321914
3.7203954914
3.34962019772
3.159030112
3.6829855566
2.8797254587
2.9034019554
2.9132140124
3.176223813
3.685197686
3.5009785998
3.041993097
3.053504219
3.143925592
3.722179704
4.190795781
4.096942935
3.352224038
3.800358972
3.324669776
4.023674316
4.045285206
3.348612674
3.613836122
3.472684177
3.211957592
3.87219703859499
3.46957422
4.100767189
3.248709643
3.850322335
3.167576011
3.310209285
3.1988804678
3.635032036
4.0482716743
2.8819029479
3.286840048
3.551216806
2.924087091
3.764676524
3.503663592
3.218479885
3.235978824
3.58964267561
3.192589307
3.173086457
3.158997442
3.058481528
3.542502927
3.409060886
3.2286770698
4.026808509
3.4013009737
3.112365671
3.69507904
3.994170357
3.2971724463
3.405208378
3.3745301289
3.326702916
3.427711302
3.615467232
3.041091013
3.371918391
4.051966556
3.365563418
2.985739252
3.612951309
3.766289812
3.362152487
3.212674006
3.284799816
3.0604922404
3.48504013
3.777026015
3.740029468
3.560351656
3.317719682
3.864748057
3.143144822
3.292814697
3.231972847
3.298639021
3.68012366121
3.6718159907
2.902787633
2.934493317
3.7396888294
3.026083299
3.4558977397
3.294443672
3.028033315
3.894017398
3.275919723
3.025166959
2.969638066
3.459168792
3.81927636
3.178517548
3.083878577
3.458122875
3.107532147
3.428103392
3.628364681
3.272090703
4.10709276
3.562085914
3.655857658
2.81697431
4.0487174
4.3273835456
3.082440923
3.631443826
2.77997723
2.746293932
3.8258074543
3.17002469637
3.908767104
3.9836279
3.30311911
3.46957362
3.894520608
3.8628300805
3.669486132
3.95454356
3.26218794
3.586682938
3.620104846
3.257092474
3.79194756
3.23993611
3.3435525336
3.630998444
3.33890692
3.368321905
3.512529694
3.956926062
3.211318072
3.18679243674001
3.2713778056
2.8028230282
3.81170239
3.169379451
3.992799384
3.215494401
4.2713028484
3.435057278
3.14912014
3.60003726
3.170201778
3.343263891
3.55805839
3.36174757
3.768591148
3.348029967
2.905729248
3.633486951
2.8546497473
3.15890604
4.000152938
3.299159826
3.167547962
3.69318792
3.557614135
4.312651574
3.60266893
3.79183962
3.46746301
3.835923808
2.812052939
3.3501968004
2.98400886
4.2760331
2.8850903919
3.624791085
3.35050315
3.383519099
3.5604572314
3.432648441
4.159018987
3.18635759
3.757570373
3.63044524
3.4194610833
3.442492127
3.489516311
4.318710237
3.64068034
3.19509025
3.155574985
3.242973906
3.339330466
3.123212494
3.750809989
3.38137951
3.3598899485
3.383420261
4.4773879871
3.248715235
3.622523078
2.994327727
3.5858871991
3.502530606
3.648740112
2.78441216
3.541639817
3.280298731
4.255105435
2.8654028073
3.3077919403
3.7471490033
3.1123721533
3.1544185727
3.8375437633
3.9893941763
3.37228987929999
3.8336272908
3.7456062793
3.3761136783
3.5765646573
3.7752893873
3.3455714363
3.4481076213
3.5121631544
3.3601717647
3.8938798883
3.8704530807
3.2316388903
3.9574066907
3.2081795489
3.7741336543
3.9435373513
3.6235493023
3.7098669671
3.7112193893
3.0627153103
3.7288524033
3.2261318873
3.8857208966
3.9954264648
3.68695535929999
3.6276001413
4.1083977947
3.6262390923
3.8302562443
3.5365743153
3.44523933032
3.7097445853
3.5430150927
3.6454967691
3.9386797467
3.6424717503
3.2727616117
4.0181202207
2.8210663823
3.8688318443
3.3799094813
3.8866177763
3.9580883207
3.6871403547
4.04175353958
3.6483170173
3.8745532593
3.7121480553
3.1087196773
3.6083028821
3.7589142111
3.7172965539
3.1830937813
3.7161109083
3.4486557843
3.5930254948
2.8697462837
3.7814831903
3.32419708899999
3.4381504449
3.7036247173
3.5260640543
3.2276777791
3.0796089899
3.7013284573
3.8776643773
3.4971562013
2.6122439787
3.3488061608
3.3939861597
3.677061553
3.7306494781
3.2419183293
4.4709272763
3.8998032737
3.7163399953
4.2510317126
3.4202982483
3.4030769843
3.4413372093
3.3807791013
4.1040660097
3.6737867907
3.6309989704
3.50721383139
3.5500917834
4.3000490527
3.576315505325
3.8718419683
2.9219462025
3.4541165907
3.3321757088
3.278664298
3.784960898
2.785131888
3.289360432
3.405673953
2.540687959
3.248086649
2.52699071
3.414340011
3.684910468
3.377875777
3.2567970343
3.043517008
3.266489748
3.610923458
3.0772253677
4.172612315
3.022020312
3.833630607
2.9657453608
3.243525193
3.194516552
3.3882529
3.2292655032
3.491775528
3.087897575
2.855453129
2.991081995
3.303839226
3.2936355322
2.828892889
3.379805002
2.8657791316
3.0349666026
3.029256085
3.57768843
3.638612742
3.632164067
2.642216429
3.763269193
3.093271468
2.957213192
3.583427062
3.564854883
3.0837713369
3.508449927
3.392503716
2.9044203126
3.241953773
3.109391538
3.233281846
3.595425101
3.009342115
3.281392512
2.3436745687
3.5716480773
3.431835889
3.421097983
3.502176415
3.4372646502
3.138453017
3.696829483
3.299445398
3.055991438
3.000727871
3.411114946
3.452967958
3.269452282
3.107394314
3.1465706014
3.740677613
3.5288228738
3.0761439553
3.131295333
3.567549197
3.38775537
3.2220806751
3.157006697
3.7786689359
3.893048989
2.429193662
3.331043688
3.071225647
3.065743068
3.372573075
3.698613645
3.6751664605
2.998207932
3.3924591804
3.747208352
3.464384698
2.790967835
2.909597757
2.954201398
2.490080102
3.646368203
3.29113288
3.208350392
3.333328563
3.1733229
2.776446903
3.7060788
3.773872896
3.53516857
3.046421178
3.51228652
3.66585387
3.42571326
3.51307151
3.8093675745
3.45574892
3.936204038
3.423900786
3.60732715
3.331724651
3.344269144
3.09235678
3.595858446
2.84788849
3.546096833
3.140732456
3.059385
3.32853953
3.28857519
3.329560273
3.082652741
3.35613719
3.077716131
3.293055558
3.63881138
4.2500783764
3.379419612
3.457833943
3.216164372
3.624671491
3.85619253
3.248399779
3.886602569
3.79488381
3.70796413
3.410260749
3.322347533
3.053308508
3.82371331
4.097520305
2.9429074
3.00873289
3.75533542
3.24979102
2.926805947
3.75703137
2.623162406
3.99912938
3.46328096
3.17782788
3.553382014
2.85640571
3.97083655
4.03195089
2.94583602
3.269998496
3.3323913948
3.21068586
3.771983889
3.27229123819
2.888335999
3.83521999
3.522343569
3.60506205
2.650966968
3.53432869
3.696316856
3.69281151
3.08471858
3.84898907
2.926271271
3.232167534
2.792417209
3.27809931
4.31400951
3.9586019
3.7054843281
3.537032647
3.6339833017
3.94131937
3.35353215
2.79692804
3.077667447
3.66846213
3.35490979
3.24023077
3.19436687
3.4613718568
3.44237095
3.37368546
3.65912856
3.73909167
3.17002404
3.943940583
3.52082773
3.155905297
3.3220555303
3.832242794
3.03435363
2.247551818
3.277959873
3.0702241908
3.897787184
3.0567010121
3.965371076
3.801584672
2.734684034
3.618902034
2.948529468
3.5816023518
3.6992402307
3.705264198
3.87895424
2.946378481
3.338020455
3.0467234545
3.251128851
3.110162254
3.944106091
3.411761136
3.3811823626
3.240817741
3.645497107
3.5305663266
3.431485226
3.253773003
3.330582634
3.499973026
3.559124969
3.152840466
3.988907536
3.551124261
3.1452624
3.112769614
2.814494664
3.864736618
3.427797156
3.364836703
3.37217024939
3.385264054
4.014067084
2.950620504
3.729585956
3.477389624
3.218322015
3.301622685
3.473908475
3.299783747
3.203889344
3.595738384
3.052258664
2.905547069
3.0106187275
3.764083655
3.158125756
3.569755008
3.870324764
3.427023121
3.052048095
3.1373848653
3.7866651
3.182053815
3.243713884
3.626953464
3.187059522
3.565169664
3.470604717
3.8559407382
3.3794283289
3.439988423
3.8573025495
2.979904264
3.021026584
2.970388571
4.146635462
3.206223983
4.021392321
3.971692686
3.1368952139
3.080953976
3.550613153
3.541864586
3.139771924
3.33958134663
3.5703947307
4.100079484
3.763142644
3.974992787
3.461091233
3.748521863
3.100844074
3.042708278
3.304687428
3.081124664
3.163230906
2.899664404
2.708271981
3.217783618
2.82370866
2.83731648
3.604397369
2.53326403
2.673887691
3.24066661
3.021892245
2.85658671
3.42968637
3.35697531
3.00523778
3.2245127
3.713302944
3.4530873224
2.398910882
3.94972574
3.4122100832
2.921294734
3.727267124
4.16287288
2.97480192
3.273615632
3.335614664
2.746929502
2.879617301
2.8380575734
2.82847559
3.01403633
3.263362293
3.1095383
3.535153541
2.96822847
3.319090405
3.220199434
3.320564404
2.653112467
2.731843362
3.101636357
2.839265965
2.938864365
3.2100620111
3.41505547
3.1774830309
2.96660805
3.264206639
3.344673005
3.012942595
3.670266547
2.741544697
3.389091061
3.52198046
3.20090517
2.5331609827
3.0534031
3.23078065
3.421487728
3.000265165
3.462332697
2.9311692363
3.9533832601
3.261167041
2.673299372
2.7991573263
3.002784917
2.816675702
3.120499167
3.277345309
3.2122553752
2.46706453
3.461140767
3.073764624
3.002301564
3.1691410262
3.874078653
2.88928689
2.812791305
2.95656518
2.81179209
2.777820579
2.541376149
2.569308284
1.963855812
3.391899547
3.3691257416
2.742988122
2.67628339
3.117269394
3.281913088
2.77394107
3.283951241
3.01932506
2.738005169
3.361339152
2.866561742
3.21858446
3.309091068
3.380622668
3.1037152
3.84296721
3.295488421
2.902071714
3.239581438
3.1954347949
3.3086450745
3.53839864
2.5348881894
3.284651082
3.614771712
3.244871472
3.84041663
3.169793354
3.240008583
3.577890124
3.12507387
3.253674505
3.505847151
3.920338765
3.422201078
3.418533132
3.42993041
4.041561217
3.26929233
3.425830937
3.113394412
3.44658344
3.358246867
3.38121431
3.872017497
3.420875738
2.975183658
2.664738959
3.024269483
4.170950756
3.457649507
3.714048233
3.493183349
3.037661068
3.28999298305
3.941198297
3.0411702057
2.85991927
3.698233659
3.934197855
3.487678109
3.490598745
3.030003215
3.04176816
3.778108254
3.721061797
3.112207497
3.072888445
2.7669095715
3.89134914
4.23577822
3.696921056
3.380466383
3.49112225
3.45601651
3.34247193
3.339181746
3.48205015
3.19110642
3.85221009
3.780005421
3.396456173
4.14049983158
3.233588144
4.073368425
3.51315597
3.35670383
2.94907829
3.397244128
3.4400071178
3.47057221
3.122858463
3.501077307
2.888761913
3.9097584147
2.683447484
3.288761919
3.656323578
3.21225288
3.749877291
3.50874758
4.09294824
3.185392137
3.315641518
3.624005533
2.721713366
3.3523067092
3.827020748
2.903172322
2.8006133721
2.91137019
3.2840689833
3.1553718963
3.230494274
3.368094325
3.38346988
3.56259726
3.6537051049
3.42212478
3.77763805
3.997255099
3.05577963
3.156158494
3.24030181
3.110222236
3.43106402
3.34865558
3.88122017
3.1083360924
3.52843735
3.72522097
3.859618034
3.594861506
3.48311429
3.51471292
4.2219021
2.89587873
3.63450986
3.48134299
3.15654282
3.520989393
3.64661229
3.6542628
3.342106505
3.324970888
3.68917145
3.658205119
2.854857909
2.815319342
3.262161538
3.81557948
3.85183426
3.272032464
3.518864336
3.42453048
3.55276699
3.309801159
3.75571858
3.157732142
4.225413942
3.44533764
3.622284104
3.50290634
3.41797978
4.472981447
3.01591776
2.680747335
3.22018041
4.3416338358
3.845175234
3.28516671
4.361885357
3.46506794
3.12068296
3.65274821
3.24568647
3.4590510166
3.31325673
3.79104094
4.16010453
4.11088715
3.039352441
3.14382485
3.405697946
2.951153399
3.239483201
3.90003612
3.079342806
3.0035268
3.490755117
3.512887316
3.74877166
3.260838118
3.26112116
3.537871246
3.14646815
3.26632322
3.456717998
3.7031466
3.748594468
3.782374319
3.41798707
4.078520198
3.027224595
3.602189628
3.5512063068
3.0877042772
3.288984469
3.2861653214
3.87653768
3.3289546889
3.149869025
3.53198327
3.15534812
3.260769989
3.295031309
2.508052077
3.249521926
3.234783609
3.422978885
2.984300447
3.416217469
3.194620259
3.125290709
2.637883389
3.009364274
2.971264199
3.434777789
3.489734335
3.4819014428
3.5514222411
2.560547869
3.285164121
3.1959086156
2.768013879
3.090275529
3.543190489
2.919279252
3.518404249
2.556716812
2.559974929
3.260334101
3.219106689
3.697684668
3.769770739
3.327451789
3.853806179
3.025554282
2.799187529
3.150961419
3.720976653
3.343660027
3.172350979
2.729769646
3.794798994
3.0020064058
2.662316227
3.594448377
2.783896599
2.777640709
3.284827769
3.114854159
2.935963841
3.271255287
2.858303049
2.730448859
2.993090706
3.332787019
3.319912534
3.622730877
3.138734969
2.785947119
3.106850759
2.558366119
3.254216152
3.536114579
3.7143570263
3.970365809
2.95485375
3.906951959
3.338779049
3.142606649
2.846810839
3.082193709
3.848980802
2.596584389
2.882751309
2.767767889
2.928852159
2.75593396
2.6368291785
2.609676089
2.688744139
3.897541609
3.3995137316
3.421578638
2.572355241
3.265734339
2.774202649
3.164512109
3.037925639
3.345022923
3.261121128
2.815566589
2.550470462
2.593870895
3.69231815
3.123476899
2.985865739
3.017395479
3.2622917196
3.322888239
2.788473669
3.444028729
4.5874098467
3.8462745167
3.3211744777
3.2476568537
3.0366562597
3.6360266977
2.9814049253
2.6949034063
3.2357148047
4.1083141963
3.4569921963
3.2888403763
3.7822481493
3.4785127763
3.2286706773
3.4740031233
3.2211248257
4.5724197388
3.3932771993
2.8183677917
3.3224450857
3.5923157463
3.8671881137
3.6143836333
3.4498666363
3.3416976963
3.5013267037
3.3366619763
3.6421148537
3.7290572543
3.7052322377
2.7259374297
3.4667150427
3.3308314937
3.4384984537
3.1528071927
3.4196921107
4.0972407187
3.9271619331
3.9026316329
3.0186350097
3.5444697927
3.2948469107
3.4876527937
3.4479386373
3.8498780992
3.0301717163
3.5519641737
2.8197055163
3.2918486613
2.9071766833
3.2017295947
3.0719117897
3.5328032873
3.1706895003
3.3392252343
3.3748607563
3.1037953323
3.1490983763
3.0812238832
3.7683525283
3.7776455963
2.6094325563
3.5659378837
3.9824091933
3.6476529917
3.2764609363
2.9845553067
3.6002850323
3.01475542930001
3.7624192557
3.4459155907
3.0905241637
3.4865158753
3.2322054663
2.7688189023
2.4729562263
3.3726530383
2.5054374907
3.7833493383
4.0029046163
2.8296253467
2.8448628613
2.9707812967
2.6964359137
2.9306589713
3.0918904913
3.2396349123
3.8853711003
3.2163805427
3.0487251257
3.6609490237
3.7011424454
3.7264415627
3.4111908573
2.7874018363
3.0340798887
3.3851672363
3.1440308083
2.9104542937
2.8300900056
3.188768872
2.9645121348
2.876189087
2.996983441
2.766754913
3.081679688
3.3559994
2.929122213
3.16755049
2.45447172
2.92114142
3.241916061
2.994445992
3.056059131
2.659029672
3.743203224
4.2085580316
3.207528303
3.250188703
3.0893403014
2.7800165547
2.793268905
2.810467651
3.281496493
3.560742384
4.1216467429
3.16642269561
2.756234772
2.6236929784
2.67902944
3.506212454
3.0781522234
3.436986316
2.826078034
2.693309688
3.41845556
3.787369637
2.83249167
3.0706764146
3.57952683
2.945385642
3.485
2.14907426
3.035977731
3.1769703406
3.542031863
3.470438751
2.94807454
3.04413076
2.770248413
3.3941234
3.282203297
3.1377122
2.489072656
2.985618053
2.796350559
2.704584748
3.150629789
2.327201992
3.300769477
3.201674318
3.07363271
3.180448624
3.012127091
2.77983957
2.7565273953
3.015419111
2.964018249
3.95193979
3.119603186
3.360239263
3.069899208
3.32555915
3.002876635
3.938848422
3.203673103
2.856411379
3.13125357
2.979619637
3.0832631714
3.40996171
2.744539
3.080676316
2.64681857
3.494040078
2.85541375
3.6609651149
2.164833609
2.662261827
3.97483798
2.623224651
3.29461076
3.0529252241
2.764781613
3.217355719
2.938510343
4.104172365
2.934451407
3.094067785
3.906052226
4.052236458
3.141140763
3.257101538
3.4226473
3.895945071
3.42314844
4.003859111
3.664567298
2.83518821733
3.184234839
4.2403190128
3.48150993
3.421851553
3.3707869392
3.561056926
3.391213801
3.178109512
3.147479458
4.184138907
3.3863602854
3.153563413
4.1195123612
3.493315538
3.3740934897
3.707822103
3.526015991
3.563247665
3.412668504
4.2079151607
3.711045911
3.487614954
3.655604756
3.479455591
3.825315598
3.879463436
3.649982161
4.0790357673
3.197685751
3.455307398
3.243215202
3.49231956
3.359244538
3.475678639
3.640058871
3.73776636
2.938199361
3.324976805
3.143383662
3.253901689
3.247529411
2.964364789
3.026160928
3.163332241
3.341294156
3.678851507
2.867255137
4.020958361
2.982314569
3.508009578
3.234461932
3.83806522
3.664030051
4.288541241
3.545514962
4.151205315
4.510843858
3.707514481
3.33173795
4.292940951
4.130916671
3.6483183483
4.272885056
3.659865973
3.111105949
2.9738045571
3.996568989
3.160032943
3.324660566
3.537965061
3.23187658
3.096541056
3.63854294
3.802671501
3.9352489973
3.611027067
2.810457253
3.842299705
3.788257859
2.9142270254
4.044405831
3.388218401
2.941709071
3.309862968
3.314941259
3.825362498
3.094450111
3.142898247
3.378364606
3.127280031
3.324926945
2.8813983796
3.396444636
3.3688536645
2.847791536
3.527038222
2.8959495048
2.8975648623
3.4015807714
3.474222892
2.772430004
3.477940633
3.572036671
3.547186831
2.666682028
3.833146708
3.085671426
3.520583317
3.444904054
3.320199606
3.474252104
3.057450007
3.198607918
3.702151729
3.122924311
3.966024698
3.235703401
3.000783493
3.617995799
3.553331156
3.446746256
3.372466085
3.457784414
3.281664307
3.000333213
3.334319218
3.809354383
3.501957976
3.731030133
3.340472731
3.268213061
3.803147948
3.536672652
2.858328179
2.9432732119
2.969995906
3.3163610277
3.377994957
3.059841567
2.9413716962
3.428174682
3.506822025
3.1522085481
3.5227911583
3.4348688049
3.418774053
3.137117397
3.338021778
3.09574988
3.530996668
2.98683358
3.792829936
3.2044682768
3.304205236
3.014808087
3.439148128
3.322000611
3.068398575
3.423770471
3.410706536
3.565483915
2.634669277
2.777193929
3.085375775
3.874985734
2.931347652
3.689492231
3.1740912664
3.248658092
3.729383453
3.705827724
3.521337351
3.1482030354
3.260142781
3.128212536
3.794623705
4.063832982
3.112487096
3.316060711
3.687249421
3.388341753
3.306448446
2.857858004
3.5674780898
3.675165331
3.476727293
4.032527826
3.241963352
3.285213796
3.070962581
2.9958282572
3.1606782965
3.5342122675
3.3113212035
3.5177061195
3.6013360065
2.8575210335
2.8046925125
3.4222624445
3.0671926045
2.9803490885
3.2118616525
3.1185437385
3.6675215365
3.1457451145
3.4839377785
3.4220540225
2.4104231435
3.0041664665
3.5076476635
3.1590625195
3.5224527135
2.9746353675
2.8729443628
3.7706215725
2.4889124675
2.7812783525
3.2903006615
3.3602727745
3.1986593265
3.0532908765
3.1859249655
2.7258653975
2.7991701335
2.9694246475
3.0923831435
3.2625569315
2.4387004851
2.9574258825
2.5611718765
3.5531017385
2.5333598985
3.4384740875
2.7029341975
3.1874353625
2.7166860285
2.9403229425
2.7056255169
2.9886966865
3.5696279355
2.8314385295
2.7957931055
3.1960833265
2.831560095
3.0337544135
3.6755271825
3.1106562945
3.2963415265
2.8832535504
3.4286516115
2.6276870465
3.5064731655
2.9448939625
4.0602604015
2.8668386695
3.2601693145
3.5627440725
3.6079618168
2.9639182825
3.6017396425
3.1736805115
2.5126419398
2.8515035865
2.9706435225
3.2861405235
3.6840930325
3.4236940256
3.0316687625
3.2871249855
3.2764654275
2.8706525365
2.6372654224
3.0296551325
2.9761864865
2.3248617875
2.8354544825
3.0375029865
2.9290678625
2.9353782725
3.2037627645
2.5525302275
3.0057877895
2.8854957165
2.6621569905
2.8967978185
3.0928893195
2.8262951885
2.7265155455
2.5289145305
3.0409075245
3.757651395
3.852172575
4.64611407
3.465523373
3.988594795
4.545329695
3.910814845
3.526385755
4.115906455
3.538245131
3.818752765
3.650754226
3.530629468
3.643619308
3.3620238355
3.7487009945
3.595601395
3.471897036
3.268114555
3.354927535
3.748041893
3.6424821231
4.061135482
3.818246665
3.769505155
3.324811001
2.819647495
4.19238333
2.979989503
3.860471449
3.857577556
3.820080185
4.110406815
3.457431086
4.332490115
3.876215903
4.118793362
4.238468355
4.157908974
3.200789535
3.2625561905
4.011940188
4.027909432
3.600400605
3.504792985
3.679114844
3.421108415
3.85764689
3.528801795
4.030907701
3.207458605
3.903432213
3.993971625
3.396966161
3.617690765
3.603396451
4.061417465
3.952617989
3.787881262
3.946370308
3.572313159
4.039868215
4.02420731
3.828418952
3.842394715
3.332493825
3.463285449
3.778970295
4.134494747
3.149946765
4.083879279
4.083520632
3.718416265
3.657998231
3.381732995
3.307723265
4.215028497
3.387447585
3.859018975
3.5120235745
4.769127735
3.97728119
3.665853045
3.568328795
3.587374038
3.610796555
3.191257975
2.891331725
3.680573387
3.577655743
3.229406278
3.6911527575
3.575728715
3.503808075
3.04322291
3.863820725
3.888829113
3.08584854103
3.982840505
3.572767473
3.331917071
3.771072745
3.835976655
3.810748142
3.096051205
3.036867246
3.756132403
3.63639576
3.309391823
3.420570115
3.532051995
3.8469499653
3.4019986
3.372086529
3.400795455
3.62594127
3.555313135
3.335343854
3.258214245
3.273272555
3.587737801
3.149338765
3.026453386
4.113633035
3.276661341
4.31686499215
3.606213125
3.457681275
3.3990661831
3.278820587
3.055325933
2.999496052
3.254197204
3.400072636
3.717911945
3.697531422
3.600162385
3.561508678
3.407081075
4.209148097
3.026639525
3.539095298
2.900678075
3.118502282
3.893298211
4.512383239
3.335001393
3.022936915
3.771017199
3.1280894435
3.105350045
4.373257135
3.921568854
3.960422175
3.339724387
3.408340962
3.13145311
3.192839525
3.492154255
2.949890761
3.456746225
3.407371205
3.93485676
3.503298954
3.265489608
3.756216985
4.356452142
3.652225685
3.97216840499999
4.219867925
4.016382892
2.913528797
3.690937215
2.696756234
3.282086016
3.8039747445
3.69058517599999
3.645719015
3.592692785
4.104606638
3.458782973
3.6638080701
3.521989894
3.964098925
3.550928725
3.350450975
3.571389852
3.76164797
3.813864541
3.648256815
3.321151401
3.9500804445
3.532854775
3.465213955
3.407204742
3.430876505
3.681228325
4.008474781
3.127585822
3.003507627
3.88529042
4.02136221
2.510941031
4.023417825
3.827308858
3.777542223
3.546217895
3.375970534
3.218086995
3.723627543
2.830718772
3.16733163
2.97248236
4.000513268
3.4948570595
3.363052235
3.2262867783
3.176417435
3.723401312
3.001934272
3.3573456975
3.398691635
3.171797195
2.770332784
3.183850993
2.89531283
3.245934083
3.69833555
2.663277539
3.49372987
3.82731295
3.92766940771
2.57033782
3.2260697822
3.27678859
3.803549994
3.194311578
3.686519826
3.063650965
2.531753535
3.04366879
3.846697405
3.2499375238
2.96095965
3.193604074
4.02247472
3.537049419
3.22650527
3.2732307921
3.976663865
3.53572178
3.246461381
3.111685066
3.419048086
3.02108506
3.553511625
3.520352319
3.296909687
3.864449415
3.44820003
3.76294465
3.610615252
3.199867275
3.208750133
3.31480141
2.800118283
2.5596417734
3.671663525
3.471294782
3.118656782
3.581018368
3.00113857
3.698199165
3.257601483
3.58153852
3.0199726088
3.505783285
3.2909029
3.50216582
3.34316805
3.3381893981
3.027396409
3.44429969
3.10992013
3.59663203
3.52272703
3.669955116
3.472802622
3.21950077
2.768871918
3.00953842
3.258405091
3.638034059
2.818580996
3.207197605
3.16047375
2.74410918
3.51668495
2.836003425
2.644650116
3.563231984
3.181082032
3.271251933
2.69018749
2.804396397
3.559707042
3.0001273986
3.0954295552
3.6058747
3.562014005
3.355131734
3.36007398
4.308766344
3.333993946
3.441921377
3.71437064
2.9036230389
3.788197195
3.064542449
4.262863249
3.653209768
3.848008919
3.19855888
2.752106178
3.28000818
3.168314083
3.36873798
3.399932601
3.2857494751
3.408655049
3.342685506
2.82032596
3.83941002
3.502579801
3.385486387
3.131444626
2.95773116
3.306317
3.388828623
3.187759583
2.988177394
4.06661942524
3.43874895651
3.55323537
2.913416135
3.513444221
3.43087316
3.48154123
4.045197639
3.12213151
3.107562258
3.66862783
3.386641524
3.241823543
3.193088322
3.97282615
3.197056146
3.488663268
3.25616167
3.669200185
3.516163099
3.15375441
3.102203891
3.464390854
3.474174703
2.967889065
3.7629624996
2.886907151
3.84702181
3.81668377
3.41225072
3.502736133
3.626885875
3.211383574
2.781447229
4.550352545
3.654347333
3.417123572
3.319908185
3.209374986
3.18804766
3.2829130301
3.25658452
4.24919906796
3.707616042
3.6509313
3.7285203713
3.70321349
3.30979912
3.435238982
3.55625615
3.196639026
3.315745501
3.138812179
3.028010279
2.963378038
2.64635687
3.38048843
3.001013653
3.37938135
3.045292743
2.85611439
3.26987891
2.820985475
2.74040697
2.729526741
3.245972993
3.061128134
2.81702664
3.16444418
3.23291022
3.816173952
3.373335731
3.936404005
3.367634612
3.5523292
3.699594498
2.99381059
2.7364493232
3.056460282
3.02462135
3.2030725
3.0961893836
3.105387647
3.06419305
2.956207969
3.276488223
3.0497611
3.283263372
3.468776754
3.31317692
3.628859427
3.221778571
3.511306552
2.91274642
3.094068644
3.700029722
3.61835697
3.02867394
3.920367832
2.93127906
3.77714414
3.361139853
3.272748761
2.98129118
3.648195789
3.324524984
2.858770251
3.4894460763
3.22612943
3.20047969
3.163738964
3.304112751
3.34947810157
3.214325711
3.449453557
3.398010722
3.151235611
3.110226851
3.540369265
3.261580471
3.0189818
3.417016632
3.18509567
3.102019036
3.50531446
2.470501895
3.4796430607
2.4454519
2.84618735
3.231204955
3.053686136
2.666370661
3.459354509
3.501339997
3.52572681
3.472924156
3.0102463
2.853665081
3.51810699
2.91584562
3.75133707
3.48236451
3.32347155
2.719492337
4.0713990757
3.594459654
3.080267867
3.1437948
3.218533554
2.83472313
3.69063695
3.013304626
2.79881649
2.98052517
3.051479752
3.636444909
3.2925647547
2.67188977
3.1697969555
2.783024206
3.606613849
3.051845925
4.030820585
4.18741388
3.668163703
3.19869617
3.3195060809
3.899025756
3.85387992
3.16362819
3.8929668811
3.642469049
3.72539307577
2.960047912
3.49053218
4.04392829
3.835766833
3.256510385
4.45648126
3.055006377
3.637246008
3.647414827
3.624250075
2.987840646
3.168508341
4.0150415
3.873491798
2.6714919287
3.77829903
3.7690993846
3.8203240155
4.06852238
3.10069351309
3.421929582
4.145098838
3.265869266
3.313053895
3.050474409
3.518654885
4.089111955
3.415466847
3.215832582
3.12246967
2.822186147
3.870837806
3.521156332
3.46665215
3.904827806
3.14828107
3.282842407
3.89580957
3.27963303
3.625302288
2.962957967
4.094460822
2.503420528
3.96282028898
3.782777642
3.766981695
3.90340933
4.117676753
3.74518495
3.554923206
3.269924828
2.963859667
3.3561609302
3.867954419
3.273426913
3.97728524
3.453646023
3.672512724
3.15923448
4.431007542
3.5840443704
3.602535336
3.4096687162
3.097575022
3.160660446
3.777246514
3.711670883
2.9929467535
3.467509805
4.234822694
3.705633979
3.444199205
3.661949567
4.019066934
3.391444295
3.69335364
3.683138256
3.68280737
3.5420124028
3.7787197
3.4841216
3.5565908905
3.256356496
3.86773191
3.01416966775
3.5922095
3.603212115
3.964241758
3.82808596
3.148984093
3.664640558
3.655312402
3.112170926
3.321830275
4.107522547
3.919084536
3.470532908
3.609297168
3.945777175
3.525184095
3.6902929215
2.775036383
3.642947368
3.483278603
3.653970982
4.0013843554
3.470043186
4.325674486
3.466962111
3.192045898
3.33338177
2.989455114
3.12573503
3.9840594989
3.417703578
3.334275344
3.867257741
3.751404458
3.2454537563
3.568733787
3.581327078
3.902403738
3.49835777
4.094358222
2.962418644
4.156263285
3.664248506
3.048060569
3.773672718
3.6136536021
2.940920646
3.864538832
3.759790253
3.468022906
3.431217404
3.0665829899
3.12097005
3.307571825
3.290913058
4.564656388
3.767406925
3.729065184
4.365843681
4.206932105
3.548242063
4.00435869
3.793157487
3.086953088
3.0225417659
4.23609128
3.032912828
3.483047198
3.111138228
3.714167138
3.43043796
3.901104316
4.321716635
3.3006489
2.914765088
3.122938386
3.6655777879
3.900148359
3.247061953
3.712347153
3.18476073385
3.64907667
3.293799675
3.764909483
3.1681359801
3.224300863
3.262235436
3.426645308
3.410609715
3.563587661
3.4517834783
4.243085728
3.605988678
3.665581911
3.589572982
4.284332148
3.731643137
3.893939361
3.910583858
3.820362098
3.172926989
3.692230725
2.4499004658
2.7043459272
2.5101175712
2.8122249152
2.5834657058
3.3074233542
2.3903422792
2.6379330742
3.2477549918
3.5395358448
3.1722861138
3.1782261319
3.0749270692
3.0858976272
3.0178675818
3.1772868368
2.9926821062
2.1690107768
2.5571151642
3.2888394232
3.1913366422
2.7813507442
1.9780157842
2.9427989742
3.1410175812
2.6217507008
2.4316027742
3.2898903062
3.3998502138
3.3678219372
3.3410280962
3.2790862442
2.8425491752
3.0932993042
2.8843468358
3.2681116052
2.9788700178
2.92991029667
3.0800448842
3.6191526748
2.8400804902
2.8567054998
2.9446036018
3.3614493962
2.575291531501
2.935641113
3.3352807212
3.6472760212
3.1116728372
2.4595661042
2.7400417379
3.3891513512
2.7640858382
2.3614890758
2.7679626828
2.3530127238
3.3594973692
3.2832498022
2.8617237702
3.7810822939
2.7017011642
3.3554423992
3.1067543742
2.8251845478
2.6364878872
2.4511067252
2.8123864258
2.8044350058
2.4592945428
2.6878833758
2.780960116
2.9431432922
3.5391315458
3.2575672452
3.1800254672
2.4551887758
3.0921152772
3.2736814002
2.7830439718
3.0116366858
3.0109946842
2.8749048058
2.6883650558
3.012307166
3.6057278842
3.0432049078
3.1314245428
3.2586284752
2.7351705642
3.5463914342
2.9668055482
2.8149327122
3.6592877382
3.5384268252
2.7955375712
2.8357692642
2.7163861242
3.5781187222
2.6850980158
2.4903165602
2.814322592
3.388557139
3.930788635
3.703666307
3.881015457
3.0466222698
3.374219628
2.864296043
3.539264642
3.7007231
3.434570887
2.981170984
3.267246552
2.9293921586
3.600349937
3.338412223
3.624700008
3.592832227
3.891779795
3.057768658
2.687740326
2.809634827
4.070687352
2.965394842
3.1440718713
3.631769361
3.398906642
3.169381942
3.187462861
3.0135212945
3.541323693
3.023248917
2.806063641
3.028035427
3.395419893
3.0842719582
3.679400962
3.4115004524
3.491348032
3.679187078
3.737457198
3.113166892
3.042695203
3.121542123
2.983937222
3.278669881
3.465321208
2.889734332
3.54902455
3.515406355
2.871979948
3.673738652
3.348013286
2.750368952
3.634632267
3.496980499
3.297012838
2.9925696757
3.892761271
4.026149703
3.114339798
2.836264702
3.226500495
3.095337826
3.444763936
3.883626881
3.905224922
3.866687442
3.197386302
2.435333692
3.230554536
3.683581422
3.132652534
2.941254917
3.021622609
3.8293334107
3.23197644
3.720142562
3.89529641
3.6114009585
3.167007136
3.80445437
3.165097652
3.246997459
2.865167042
3.747252212
3.613771602
3.066773939
2.630746914
3.756209909
3.847449947
3.148738315
3.452530502
2.78062895
3.478304982
2.429639126
3.290823522
2.586196996
3.24683187
3.695449935
2.5975746956
2.8367077224
2.9288366384
2.7828084916
3.1769316816
3.3451911624
2.9586117216
2.9623782396
3.0284232116
2.9077986816
2.4910808116
2.9849535586
2.5744043926
2.5535391754
2.4384876404
2.7882824016
3.6138934996
2.4883770516
3.4516960416
3.5280429584
3.5191465046
2.8137470624
3.0739715916
2.9388370026
3.3018711636
2.4163933034
3.2042299876
2.6323362216
3.3217071516
3.5500761446
2.9695468427
2.8969220794
3.3986121806
2.9857893626
3.1718533926
4.3294008102
3.1486474516
3.0871984216
3.1917940284
3.1556496416
3.1012197736
3.2632002984
3.106256439
2.8469995536
3.4070666616
3.1732696344
3.8662193006
3.2494315866
3.3972262496
3.2449168586
2.8761900772
3.2121371356
2.7359654516
3.5360603516
3.2612602094
3.0146646016
3.5056596563
2.8528454376
3.4357729826
2.8988158116
3.24209616365
3.3702603436
3.5338452796
3.4990293916
2.9579954846
3.1611770004
3.6935217716
3.8319395316
3.4142526684
2.3987042826
3.1707632891
2.5592759546
3.3070006826
3.3650931406
2.6833024846
3.1831473196
3.5220143116
3.1355926156
2.7959333294
3.0534265504
2.98061221914
2.9471132555
3.1968183449
3.0111337016
2.8758815566
3.5432929816
3.0539776984
3.1335034146
3.2340765616
3.4885371686
3.2083949616
2.8580238066
3.6352652416
3.0321311516
2.8252296584
3.4627667916
3.3029364606
3.2610794016
3.4454557746
2.9676980416
3.911687448
3.845262313
4.524283946
3.17823987
3.90415262
3.913769778
4.310180927
3.687275111
3.922489185
4.0415268396
3.621147486
3.9421479849
3.437739811
3.528058761
3.883419702
3.401746948
3.61482122
4.794419921
3.425764618
4.07849165
2.994674394
3.783575968
3.477233864
3.890403452
2.98983102
3.518632533
4.205680078
3.982105599
3.518974904
3.593443957
3.71665176
2.864960274
3.5064520025
3.8399553023
3.371549686
3.481958922
4.494884644
3.751766556
4.166936851
3.437228283
4.23247343
3.23963939
3.675058469
3.951795366
3.799366034
3.920425237
4.393541679
4.1836077313
3.9307756118
3.941014594
3.583021713
3.4331713579
3.189254399
4.143717221
4.314304505
4.468483696
3.708755826
3.619750471
3.442710863
4.299311683
3.68341409
3.355574291
3.86679749
3.591539829
3.5041017206
3.745832655
3.7324717274
3.72371406
3.229783517
3.452224284
3.881646618
4.0332017049
3.637304477
3.596984669
4.591803632
3.311668149
3.648082067
4.056818063
3.768510218
3.432228437
3.837998833
2.96933283
3.797286129
3.274887988
3.594642278
3.853928006
3.196721482
3.3739403825
4.0829840102
3.51106168
3.645251654
4.152224662
3.50295541
3.673112684
3.0203696403
4.314805216
3.5935009629
3.482241518
3.792980414
4.169320246
3.978705464
3.902352435
4.314618272
3.6909315445
3.514070439
3.446862281
3.340592434
3.5181007326
3.9165629618
4.244119457
2.9726029734
3.8258800749
3.322068962
3.987747246
3.712705216
4.3279526387
3.6784458569
4.540735514
4.674156812
3.82800443
3.745066233
3.745840704
3.3678055093
3.4321208647
4.172407086
4.101961404
3.928457474
3.344402675
3.5467983159
3.576358358
3.989423119
4.014344128
3.26337179006
3.336686187
3.69352926
3.456275661
4.447869398
3.181871348
4.2213750827
3.1701508263
3.532826826
4.009791634
4.345024934
3.424234790152
3.727634669
3.657670456
4.041559237
4.13028278
3.94644077
3.254958817
4.000334552
2.947330829
3.41878385
3.61847034
3.876393154
4.12805392
3.889598255
3.66596915
3.299077889
3.92544960049
3.9519309762
3.394000312
3.972729854
3.678449044
3.771538519
3.831002884
3.5780704264
4.093218247
3.551122455
4.1153167038
3.596289089
4.4397562612
4.190070167
3.995743799
3.7292832374
3.669951068
3.736151788
4.433952768
3.345109786
4.267623538
3.68576432
3.832677589
3.40607028028
4.031270553
3.535131743
4.160314609
3.453768955
4.043508053
3.8639563619
3.447141367
3.152994473
3.544723118
3.989424745
4.0658465202
4.309701811
3.350996514
3.08698652
3.989461351
4.025442436
3.936603774
3.394753365
3.378155977
3.859471131
3.008022947
3.266324485
3.138331244
3.268335295
2.9851501806
3.208285605
3.917125155
3.361264991
3.269167738
3.26651957
3.85340683
4.160871146
4.036781631
3.553693994
3.255551091
3.293839295
3.615054954
2.5514676834
3.253883555
4.078183916
2.83100073
3.460028872
3.3847090611
3.417883627
3.1034271446
3.225648208
3.1391876664
3.346488646
3.616473546
3.046478816
3.58253102
2.846796606
3.435288901
3.8440505
2.815472318
3.670967905
3.461280469
3.6948603955
3.3236078522
3.488170325
3.333426002
3.115790425
3.009083804
3.441958201
3.635427083
2.978360275
2.7323326858
2.786147207
3.392157195
3.312775877
3.753853011
4.256822197
3.168627705
3.208920692
3.846867125
3.70305829
3.356778625
3.207450942
3.185407255
3.458709535
3.462398604
4.1338727171
3.408885577
3.771719305
3.1026709193
3.565880805
3.721927655
3.379015838
3.697883131
3.904229253
4.297216535
3.587697646
3.283228229
3.358606974
3.62754474
4.197090945
3.4629101006
3.455876327
3.003798857
2.970101615
3.23965328011
3.702890471
3.293143651
4.22412928
3.336913346
3.3629894329
3.253814455
4.170140507
4.377647437
3.866085931
2.97609134
3.342398115
2.935226293
3.83810313002
3.322122735
3.279292305
3.350283738
2.836083651
3.51291406
3.1058749126
3.366110799
3.278586801
2.249953546
3.801123877
3.4048355894
3.579043902
3.28822589
3.09644125
3.278591489
2.949325891
3.52134263
3.3896967033
3.2424908452
3.092347888
3.978823202
2.923993694
3.255938207
3.194648229
3.393499592
3.09439405
3.5321043028
3.66802949
3.957843879
3.256621624
3.067897729
3.154824911
2.928755083
3.9691550656
3.6988481704
3.162822667
2.654634607
2.843357151
3.212818988
2.838506924
2.536401993
3.124621325
4.090139465
3.19240404999999
3.679519586
4.159671428
3.2196525625
3.72454718
3.6331268
3.046004136
3.536532548
3.070048791
3.21025095
3.153736313
2.783153644
3.223739985
3.10732673
3.887139039
3.26099564
3.41470342
3.444276182
2.89173862
3.9164642979
3.76764871
3.899289665
2.912249054
3.050895184
3.632676815
3.772513554
3.483998949
3.077704463
3.104343411
3.807760629
3.423616508
3.534913533
3.56228701
3.313000974
3.09916779
2.736600561
3.72634524
3.6057880466
3.739786967
3.178001053
3.341881898
3.852440267
3.796996928
3.51152488
3.065759577
3.30215254
3.4972521113
3.310381123
3.201069292
3.108991513
4.069229808
3.586986533
3.399020328
3.3000321
3.48621718
3.793326542
3.520796535
2.870649877
3.517240185
2.994571972
2.693273004
3.152234444
3.708874032
2.770233504
3.7669425035
3.753997835
3.02067814
3.446820337
2.907867097
3.90942956925
3.616607879
2.810953244
3.62013224106
3.4995154326
2.8501864716
3.803284744
3.681911984
3.617527072
2.97638431
3.352156169
3.736720736
2.439716834
4.149626534
2.920902717
3.526114962
3.8000170295
3.380557422
3.40162662
3.362952515
4.017271461
3.205600489
2.811189395
3.022222904
3.533348368
3.436907629
2.346838185
3.242734399
2.710138052
3.470201062
4.018095685
3.727733332
3.38759777
3.256037324
3.631867838
2.9055442581
3.2753782135
3.3554033935
3.426028622
3.434169244
3.650178641
3.756510653
3.13660267
3.600572995
3.135423262
3.466564756
3.318679966
3.87222370073
3.013092231
3.05430130618
3.377300866
2.913103693
3.240416782
3.143759161
2.694910502
4.138024978
3.887280818
3.395243774
4.24319366
3.2521559307
2.862513361
3.203744818
3.506257658
3.390947362
3.073059914
3.068315677
3.1492988831
3.3699972172
3.333909931
3.035497926
3.086809226
2.821862633
3.091082709
2.799677386
2.608241173
3.063494496
3.586374725
3.187125356
2.89837324546
3.2306202
3.014444626
3.070939066
3.237966451
4.020830804
3.240802005
3.374455826
2.741025804
3.410959947
3.359034355
3.000467744
3.470128039
3.2213579775
2.78782784
3.721016492
3.4011068163
3.3941852592
2.8804932
3.949126257
3.818267923
3.458886422
3.462766154
3.5290871314
3.294491078
3.020121678
3.549269171
3.365100677
3.974367112
2.781735113
3.707240859
3.40036371
3.489729363
3.831484652
3.8193016321
3.196812335
3.907052871
3.639865592
4.079864304
3.5409021505
3.666002092
3.910889526
3.61563183
3.374960498
3.1034873552
3.675233594
3.134824082
3.470400938
3.422204491
3.212733625
3.666558949
4.171968278
3.057513377
3.272553808
3.7943973051
4.236036942
3.06154173
3.324555962
3.948065967
3.257015486
3.0704411246
3.106381298
2.77212806
3.404118875
3.630523717
3.354521927
3.118147338
2.852316522
3.257341021
3.803563212
3.9534986352
3.51278459018
3.875169382
3.956303158
3.395363302
3.945915667
3.307382072
3.319969465
3.3637936575
3.632644728
4.018046064
3.233115938
4.08610026378
3.419105983
3.579499468
4.400922428
3.153500942
3.705701812
3.046881651
3.832683073
3.187872742
3.210094863
3.269963702
3.170129952
3.658672721
3.650509925
3.6055288266
3.787724152
3.020092053
3.464159032
3.513313354
3.3257617415
3.462912058
3.5633766996
3.62164887
4.043780215
3.551787175
3.942896487
3.650912878
3.424219328
3.5342447199
3.160536028
3.6455804302
4.299308344
3.799527212
3.132516958
3.21370817
3.801453534
3.587501487
2.72315817269
3.391589884
3.360624437
3.1655144735
3.664765525
4.379206376
3.212517153
4.260984149
3.32210374
3.8062449082
3.186276208
3.774009699
3.15801177
3.251688732
3.001659909
3.1829671703
3.88718748
3.023013274
4.334607161
3.813970267
3.149125616
3.065758077
4.029189719
3.3522551903
3.168618495
3.2530097762
3.3173797384
3.6078485175
2.695778419
3.704312635
3.502688674
3.3532167019
3.4559414655
3.220937865
3.261866903
4.342333928
3.2956954865
3.118287943
3.623586514
4.243276439
4.074972558
3.273816596
2.998371002
3.110267797
3.252542881
3.790574241
3.606043774
3.3510723079
3.604495849
3.594515666
3.178239585
3.008830374
3.471335053
3.509498745
3.613503302
3.015229675
3.751700669
3.694073305
3.592694283
3.591893296
3.834912644
3.9738539736
2.833131127
3.613294712
3.052259119
2.98734511
3.444832596
2.863226978
3.894952289
3.297035325
3.435190634
3.362157357
3.471078599
3.442588924
3.729613845
3.1045142146
3.255982414
3.384159243
3.7519658829
3.625550024
3.801828212
3.47929749
3.742593711
3.1823074488
3.31553037472
4.361358571
2.765140396
3.114911935
4.039815569
4.434490385
3.988947262
3.4505450284
3.434478519
3.6315119669
3.40695812
3.955897915
3.7689516244
3.413749756
3.924479828
3.717562732
3.9563052927
3.4389603139
2.910896017
3.23897735
3.1277901362
3.238314848
2.868479073
3.471489277
3.1936624105
3.52132190597
4.116607168
3.2861938429
3.279791355
3.991988331
3.215415632
3.207471002
3.152968714
3.347160497
3.8125467069
3.5826460401
3.761687917
3.513917996
3.243551481
3.4532653086
3.862000168
3.252089035
3.753954899
3.427918247
3.080227678
2.770572454
3.247834758
3.779710488
3.70245008
3.107430668
3.283914698
3.639397101
3.140539975
3.461830037
3.0085383719
2.92770319810001
3.468659838
3.745209235
2.937289394
3.291202576
3.674854867
2.942747987
3.463702458
3.024563827
3.384601866
3.004749476
3.373327038
2.92061350079999
3.138843192
3.398948105
3.901695848
2.717106521
3.532976438
3.459085945
3.478764812
3.0916432558
3.493874118
3.712955878
2.811603598
3.705217385
3.002324724
3.865489559
4.741285908
3.444639848
3.1521436366
4.127151274
3.281375839
3.9620713941
3.430710198
3.260946709
3.452638722
3.372452882
3.158920852
3.461001118
2.843089814
3.380772262
3.370148991
2.930753668
2.949334694
3.538281887
3.433980748
2.999978646
3.8055496389
3.220333427
3.467808556
3.394318198
3.4561803595
3.0607666338
3.097595959
3.721387872
3.595608174
3.010602567
3.1985086361
3.270746274
3.338756634
3.237964075
3.61216166575
3.46146908
3.196935605
2.6412153452
3.886741156
4.150247345
3.645155346
3.814070035
3.028641887
3.04549017
2.811277376
4.082570383
3.283406645
3.263766564
4.260487987
2.863650355
3.464968441
3.865683681
2.839707216
3.682798213
3.068843683
2.912359276
2.7945613069
2.542129715
3.327568275
3.457538185
3.078586295
3.729837007
3.788405775
3.558926204
4.018548925
2.947909465
3.371100195
3.54449089
3.439949312
3.5193554443
2.93234381
3.289457206
3.780238184
3.5364984377
2.841939097
2.632369295
2.867535383
2.882037052
3.702275283
3.023484285
3.899903125
3.274488866
2.976269396
3.0816691212
4.708246945
2.895417705
3.564271955
3.253242535
2.531560316
3.253224258
3.308079821
3.439267272
3.569498551
3.406303239
3.238064755
3.171043812
2.853166107
3.092222811
3.283701025
2.8086886715
3.706241951
3.678608685
2.915492155
3.783490815
3.454969007
3.286571837
3.641458012
3.211342366
3.352571683
3.912643224
3.168408459
3.323002233
3.206237421
3.330640481
3.239019345
3.144762352
3.271950345
3.666528611
2.892466948
3.824364247
3.2561191049
3.005450025
4.057743396
3.451386113
4.02792521
2.687296675
3.758127305
3.656614107
3.8100953864
3.9383232124
3.3528178966
3.6799811894
3.9674171014
3.3915332044
3.8539861804
4.1041517884
3.0102837036
2.8604342424
3.7488886404
4.0487407114
3.4184592394
3.4629121689
3.9293101784
3.2781773054
3.7452610504
3.9718722904
3.7781886944
3.5500021436
4.2644329894
3.3269858844
3.8205805554
3.6544216626
3.1301258914
3.8818593704
3.0020000494
3.6182325764
4.0458808096
3.7551059344
2.6130522014
2.7254109026
3.3688595686
3.2523979524
3.8447360774
3.6725731494
3.9230315794
3.6002981194
3.5566507794
3.0294304684
3.8194636094
3.8664117214
3.7605069016
3.4341044964
4.0242322762
3.3091864514
3.3901792764
4.2612413626
4.0522802181
3.2703528844
3.7669243164
3.1781017544
3.4070120223
3.5879534904
4.2313103756
3.91652231647
3.6875582804
4.0559788994
3.8833202003
4.1047201574
3.8116154064
3.9377080514
3.4692900484
3.2287354004
3.3772712994
3.6306304844
3.3624790469
3.5018827206
3.9395518864
3.1724768884
3.3801701946
4.2462786514
4.0636298794
4.7947455674
4.2455950916
3.1027660984
3.2827661724
3.5917676274
3.0407995094
3.5900898899
3.3834803229
4.5939767614
3.5387897942
3.8857903726
3.9705867704
3.5685656514
3.5887675776
3.5458580234
3.20255327479
3.7967082376
3.0101451094
3.0967028236
3.8832651184
3.7529081614
3.1495956654
3.7110164786
4.4843809044
3.6249361636
3.7091895814
3.0153165264
3.2756674557
3.438443992
3.63174339
3.579431117
2.92021444
3.24618147
3.16006926
3.57989636
2.90324052
3.307659548
2.983017198
2.69840825
2.56778883
3.346591377
2.9620724994
2.78773194453
3.1888090001
2.998930032
2.76131883
2.97886611
2.182414817
3.0817339012
3.40065638
3.089938866
3.28515747
3.47104722
2.71342064
3.550379255
2.9418191
3.530037852
3.26633997
3.061225512
3.22387122
3.56144664
2.350213236
3.3427225
3.219882634
2.65348288
2.59203323
3.469734784
2.99947165
3.616580004
3.1036896753
3.36628747
2.920862336
3.679304397
3.26401564
2.93879687
2.96311424
3.378272721
3.538070676
3.415600592
2.69916589
2.736260076
2.68440836
3.315805545
2.84054998
3.37076817
3.31564697
2.7346854
3.461092884
2.963234230665
3.069817114
3.14668358
3.629172255
2.46277061
3.225354982
2.73924345
3.0864248
3.05715862
2.50772415
2.9402554799
3.491734058
2.53795172
3.66994143
3.31289913
2.64482665
3.0812185
3.170222903
3.32696787
2.87726545
3.411003586
2.40671095
3.21796422
2.574485751
3.22838177
2.88622759
3.357825201
3.037068722
3.21323951
2.821734093
2.939831642
2.995703473
3.243291664
2.859724382
2.8978277109
2.66452841
2.978516443
3.21755649
2.829488079
3.6839382986
3.765857696
3.671163585
3.674564695
3.535873702
4.023865148
3.816640155
4.144806692
3.587147024
4.118594266
3.408068993
3.341913082
3.920838075
4.096279558
4.062099273
3.789479659
3.846108616
4.294286852
3.599158097
3.636582013
3.304013973
3.630014748
3.020007942
3.604789985
3.82384751
3.720354059
3.045102965
3.695289815
3.6694081246
4.567529405
3.520012895
4.079438958
3.289022675
4.324473721
3.49465212
3.724650279
3.172822678
4.065832282
3.432455773
3.508086045
3.547315688
3.891821385
3.393871342
3.935077473
3.618715683
3.94149635
4.007936719
3.4819700217
4.160469667
3.972658033
3.747084565
3.126833367
3.9696012675
4.268038218
4.363274239
3.79804695
3.706842143
3.769353041
3.737806647
3.952655325
3.876338253
3.675422855
4.119387974
3.702221055
3.097076567
3.9103613213
4.361202105
3.085517545
3.364535029
3.335473983
3.830855695
4.114177053
3.871003505
4.098039297
3.149429885
4.217695131
3.5324192014
3.790333626
3.796263354
3.512427666
3.902449001
3.811608535
4.4307881003
4.047975041
3.599674384
3.287200625
3.754491948
3.941189768
3.681607815
4.087329406
3.227850664
2.982805345
4.197089199
3.6468071625
3.743749709
3.664170603
3.0032861105
3.642299325
3.719567688
3.957412295
3.26958184
3.66770151145
4.698698117
4.139454363
3.914142889
4.42998149
3.7879756206
4.002588747
4.316608997
3.638241132
4.186575087
3.1695193509
3.447560304
4.650884856
3.754423802
3.780199004
3.669163828
4.148631633
3.839070104
3.817817354
4.035798973
4.088158617
4.01732033
3.948756123
3.941561697
4.112900921
3.388152023
4.355986138
3.203479211
4.108360451
3.709315602
4.483350524
3.683179127
3.115304507
3.205284626
4.237009982
3.130629347
3.838678452
3.705200382
3.385431333
3.597493188
4.055597475
3.288276676
3.15672687836
3.8827270951
3.169964933
4.07118285
3.607246108
3.772320449
4.219820862
4.500634061
4.161143018
4.129540013
4.2481785656
3.699349142
4.556553361
3.51002261
3.651969912
3.6171117718
3.851903927
3.337230167
3.598429621
4.055634624
4.244872717
4.152878952
3.446209909
4.115766367
4.630969502
3.236622895
4.026766275
4.065397147
3.797731387
3.465961947
4.541159117
3.7097559125
3.263214668
3.896057427
4.165358823
3.682189515
4.018223586
3.802859807
3.90956297
3.704585665
4.584313709
4.04108038986
3.942861011
3.892235318
3.941240789
3.935766143
3.4798063341
3.835725064
3.228512649
4.763839752
3.703285622
3.604175538
3.374622555
3.794403089
3.588568564
3.741377152
3.391647587
3.508544635
3.443688748
3.6590880199
3.532652982
3.007638589
2.6753513329
3.696720878
2.870663807
3.474366919
3.055783613
3.088889818
3.1014511709
3.220748963
3.13692025
3.158708303
2.971904393
3.378851081
2.910231843
3.366502801
3.349039123
3.137103836
3.029256226
3.016300547
2.652496573
3.366461747
2.989357303
3.2679278101
3.499104059
3.322312213
2.75972778
2.852152973
2.623178302
3.017890277
3.870394594
2.683253294
3.038301165
3.1121439262
2.955410652
3.547220193
3.59930857994
3.763006777
3.078213447
2.8014311638
3.300435211
2.960391019
2.677170049
2.736608789
3.574855704
3.131556493
3.065952386
3.6423167149
2.99038682
3.049048176
3.007095217
3.110144738
3.094160952
3.132448213
3.092591687
2.865417963
3.193036469
3.105139042
2.8624020688
2.484772446
3.203490088
3.72634781
2.980451633
2.89410326
3.447567363
3.11689395
3.083611733
3.084428834
2.761934381
2.6817435908
3.109552271
3.283112163
2.732380748
2.9614495035
2.516666053
3.036741537
3.457290475
2.86339675
3.555154753
3.191112713
2.791650734
2.758742019
2.943869887
3.533462688
2.618404426
3.283707693
3.231594135
3.243521535
3.022128305
3.013342062
2.321734627
2.735918078
2.762271867
3.354451732
3.208770393
2.482396321
3.536331383
3.893905991
3.599971375
3.429126851
3.5258694867
4.126079536
3.710145951
3.505324809
3.4858421207
3.695312272
3.526784782
3.892461811
3.8125981012
3.280307138
3.806788211
4.438964815
3.028125294
3.8772593278
4.2402470555
3.326032546
3.982033148
3.0203233411
3.427022017
3.518401856
3.898097276
3.615434028
3.646034156
3.4197128955
3.469101764
3.13788386
4.017630635
3.454254848
3.048432411
3.91835601
3.710054738
2.97395701
3.332106853
4.049063857
3.604049451
3.8499195281
3.790705861
3.265335219
3.002828949
3.444147949
3.855158989
3.599871215
4.221745814
2.854171711
3.730407623
3.933906177
3.24022921
3.371509199
3.583793717
3.126848137
3.993796089
3.561028216
3.93016535
3.1965000018
3.903312009
3.491893691
3.460687869
3.748127645
3.396704451
3.5383896995
3.830427532
3.583559285
3.199999727
3.224902626
3.703925791
3.8636428965
3.339818391
3.656785781
3.216781459
4.028152904
3.513095362
3.16866727564
3.622110849
3.706396331
3.681567694
3.2001895593
3.577631928
3.615262331
4.016332659
3.675795771
3.352648792
3.468653559
3.635427757
3.331862081
3.23184868
3.4943695215
4.52302828099999
3.359307094
3.671535718
3.451309027
3.8596569941
3.758334301
4.384632396
3.539109987
3.500709669
4.191247521
3.731983078
3.705334256
3.095531614
3.458624424
3.794114691
3.829411249
3.924181684
3.060045356
3.508816516
3.304145828
3.425670016
3.720609666
3.528910031
4.258348739
3.683497546
4.432324596
4.39342711
2.90397901
3.9463144591
3.161929806
4.374832736
3.065711556
3.675105996
2.939686076
3.331737756
3.284304056
3.334873006
3.5013621316
3.731376702
3.671043566
4.197190636
3.082351987
3.493275154
4.066476826
4.183287604
3.309707444
3.65313248771
3.558424294
3.696806884
3.650647816
3.483564846
3.592980444
3.741664004
2.965014597
3.443497363
3.815579154
3.958167028
3.819099226
4.01569704
3.895225696
3.706246416
3.699425104
4.011716626
3.547623894
3.650664854
3.783984686
3.873722444
3.170137476
3.739404556
3.279365596
3.191382626
3.811270846
3.6939998111
3.586758636
3.739565021
3.299678917
3.463416126
3.259640184
4.099930444
3.225934161
3.523136376
4.203320296
4.094055906
4.100720636
2.956207197
3.590323119
3.472877544
3.902301537
2.970420434
3.238811316
3.226360861
3.229511524
3.490054124
2.757891783
3.279481436
3.833694326
3.069262425
3.290921126
4.086745834
3.932646186
4.048618599
2.941044686
3.145274058
4.519819326
3.673591186
3.573276231
4.438449293
3.339607566
3.676839941
3.785494834
3.904393614
3.877286511
4.040870742
3.708323099
3.340373996
3.908353565
2.924432336
3.6792598481
3.536044618
3.364144189
3.525082974
3.425224757
3.670344658
2.727644906
3.084187895
3.658485368
3.390273751
3.232965719
3.622122722
3.63561403
3.773608958
3.128469042
3.51345574
3.661883789
3.405215422
3.741076152
3.569474631
3.223185294
3.177509378
3.270156277
3.766881977
3.556981748
2.746097688
3.052957848
3.337018081
3.034332049
3.084743298
3.647512298
3.240419846
3.318519062
3.455477353
3.7308000823
3.776843998
3.365294858
4.161134948
3.557160618
3.353646406
3.746768275
3.216312904
3.079488835
3.773771106
3.458064828
3.6066535742
3.026278018
3.666812092
2.408378078
3.1642201676
3.8195639699
2.845221709
3.130587878
3.582236413
3.599437826
3.183426428
2.9326949225
2.943753498
3.001612238
3.109249308
3.0059814437
3.515766588
3.319337708
3.947269194
3.706247648
2.97458367
3.072024273
3.095740528
3.529430518
3.854335748
3.423579569
3.660248859
2.848184058
3.55535655
3.104054775
3.557749248
3.221942592
3.614261021
3.028525478
2.656315509
2.551352429
2.994036706
3.1910786831
3.4279487239
3.547091847
3.5960360093
2.926229898
3.4847468234
3.193281012
3.6180268358
3.013575346
4.467903172
3.21282167
3.197006867
3.718887511
3.042177909
3.181759307
3.543518169
3.282506369
3.437750469
3.098967187
3.80583485
3.481574442
4.101043229
3.8592027851
4.014940229
3.358469977
3.164491311
3.537754045
3.604591457
3.532290196
3.726066159
3.001194559
3.955084179
3.51718973
3.433977939
3.790740819
3.408853609
3.837040059
3.672103739
3.589451609
3.360249135
3.936477129
4.021604564
3.219890191
3.528801221
3.530869447
3.789433139
3.330589034
3.591822049
3.311203611
4.1054227423
3.393556357
3.3427189
3.446411749
4.311525186
3.788315948
3.733256459
3.894425909
4.167578849
3.869830939
3.059649998
3.513625259
3.438105719
3.484808332
3.321510799
3.473192999
3.8415181211
3.445800439
3.182617659
3.841211239
3.220840392
3.306550241
4.300861279
3.767305159
3.720949948
3.331821139
3.166956247
3.639613559
3.7679682555
3.6281457681
3.612062077
3.872021829
4.334445245
3.088272549
3.610802157
3.292398324
3.227532352
3.428416619
3.863789909
3.53956042
2.680835407
3.564993099
3.916545949
3.247104951
3.337702633
3.824255852
3.680413139
3.25688546
3.685793352
4.005262748
3.389858239
3.554286239
3.8933099141
3.874953368
3.7733944182
4.063930089
3.943118349
3.126498457
3.599949426
3.330569449
3.755908189
3.398803319
3.2833121913
3.279941746
4.071753049
3.454957971
3.774980062
3.631637634
4.046269402
3.303028535
3.493063908
3.737906887
4.392477234
4.007953578
4.04840900399999
4.497715722
3.484423632
3.96501553500001
3.962704481
4.2169146174
3.604410173
3.8992485848
3.039704602
3.995444678
3.6623275991
4.423824366
3.927135977
3.480256417
3.97674835700001
3.632065992
4.015557227
3.735679033
3.900488442
3.915690047
3.74319099
3.21657747
4.161905684
3.717653474
4.1455665191
3.236235373
3.745405819
4.156577722
3.207616856
3.398301632
3.545556401
3.9451405036
3.790106758
3.1690442838
3.574040102
4.115500118
4.45986469
3.637136142
3.842292172
3.4201546575
4.43146792243
4.064880192
3.319127742
3.595602772
3.652288678
4.013078093
3.8049884461
3.3461827819
4.30463913
4.338985723
3.657758804
3.839014918
3.7587582259
3.955897245
3.773681304
3.950138833
3.260389238
4.290397682
4.143885441
3.952032583
3.491719782
3.757016947
3.189338788
3.8215986503
3.151580677
3.923429361
3.734542342
3.450708702
3.239574573
4.453027878
4.512837837
3.669037657
3.704459746
3.675814018
4.4505756107
3.460877352
3.369113348
4.004421252
4.163790995
3.495592005
3.613362042
3.303180038
3.334081242
3.399852252
3.460200804
3.394308148
4.422312987
3.4450542722
3.690638203
3.527090772
3.138035597
2.951329587
3.226026551
3.317838469
3.417839288
2.8771126367
2.6501330578
2.741890193
3.341260533
2.902048985
3.508136111
3.221870569
2.730180581
3.486456302
3.312135124
3.109234772
2.8597501522
3.462218243
3.537453295
3.088163115
3.243878155
2.78793748
2.489202504
3.145774499
2.816010607
3.066656556
3.250444091
3.216255995
3.035207093
2.821430022
3.0695258719
3.606277126
3.093112146
2.8318816845
3.569352855
2.813455512
3.090242092
3.189536078
2.374412914
2.436290373
3.244470658
2.848072558
2.859786888
3.130060102
3.120415169
3.396783215
3.449613862
2.715747298
3.190231629
2.349984562
3.195866697
3.317253351
2.343087791
3.570465672
3.151593412
2.555775802
3.376676642
2.999115092
3.39989754
3.592865575
3.613016462
2.9853693756
2.863884738
3.216541582
3.246637301
2.729560802
3.4853507672
3.027935698
3.330430872
2.911100132
3.8794595787
2.843977052
3.4105359
3.428790841
3.23887916
2.8324057889
3.849218035
3.45209589
3.297808732
3.714604141
3.6981719907
3.239679372
2.894209772
3.316820801
2.765935452
3.109048662
3.018169352
3.573780616
3.699690724
3.4208299
3.0660261714
2.873660722
3.643703892
2.783742691
2.598650917
3.387585632
3.165520234
2.895331724
3.207969312
3.1905066561
2.661052684
3.958187636
3.8519226053
3.71138354
4.13503173
3.38224979
4.354239404
3.382038678
3.881923492
3.71441583
3.396018923
3.279778694
3.110535555
2.923910863
3.171800498
3.276425501
3.548943286
3.268064346
3.070005315
3.294948059
3.352682879
3.312621978
3.362876319
4.137179791
2.723757751
3.829138758
3.612681821
2.9023087524
3.426410113
3.58124178
3.342280862
3.078414484
3.75668935
3.665544316
2.9353082071
3.499466802
3.372111295
3.776873504
3.06224385
3.62959533
3.672024419
3.126488843
3.643266485
3.50206536
3.720250519
3.596599374
3.21830213
3.5841268312
3.39886965
3.206102505
3.293692234
3.069801445
3.656339244
3.08905471
3.1875125
3.75226056
3.627513076
2.78861369
2.839101233
3.5478819
3.306775452
3.26483887
3.6461954
3.250623211
3.182458334
3.60596696
3.40868044
3.5204108747
3.263434001
3.738608874
4.511191055
2.973980196
3.329591604
3.68062752
4.0335264185
3.430242104
4.11082851
3.54651574
3.7048257245
3.352670641
3.972232481
3.065603177
3.139662149
3.244580621
3.563984076
3.605021695
3.724659571
3.0143076
2.90249366
3.489772174
3.35649437
3.60902669
3.525909119
3.80827441
3.57087407
3.81849805
3.629375236
2.57183574
3.6283993055
3.690108437
4.150413643
4.059454247
4.655181481
3.962427872
3.966217023
4.275911296
4.408478773
4.116096471
3.887701873
3.943116134
4.007060348
4.134255987
4.480053479
4.118126003
4.4982230555
3.683059119
3.245112108
3.9514998791
5.070976093
4.552955893
3.623813907
3.6743680385
3.983230327
3.400827707
4.160449412
4.183327424
4.335446087
4.124891645
4.2783917319
4.8983119033
4.537653173
3.792116383
4.283883413
3.96126380699999
3.530768076
4.117877148
4.061974913
4.806208993
3.520778608
3.504617096
4.713262869
4.12380894
4.274852656
4.590648113
3.865476118
4.015702056
3.62773613
3.373077385
3.212827397
3.695765027
3.050473332
4.373563531
4.564235282
4.553467794
3.956334946
3.620949765
4.014090596
4.616833054
4.540372849
4.007619975
4.6546795044
3.55166026721
3.469034267
3.612886888
3.558706613
4.311922834
4.165870795
3.6407342342
4.291260795
3.2639522627
3.716304392
3.889944763
3.668539007
3.665150524
3.998994254
4.148399343
3.680139697
4.525260703
4.125433425
3.355835919
4.504195683
4.339800494
4.930969834
3.71747848975
4.306662773
3.712505054
3.067520038
4.254536275
4.696707033
4.065869287
4.172846847
4.155865921
4.207964327
3.573763687
3.565724926
3.6364877649
4.813325502
3.231096713
3.231006713
3.3223095938
3.14245672
3.232623086
3.008578444
3.371682798
2.67204381
3.96170879
3.03088551
3.35675464
3.267271531
2.6347428705
2.96890588
3.21525664
3.857488484
3.8292258
3.728972912
3.1320589
2.98000535
3.31229454
3.18667936
3.411780113
3.559072304
3.66771286
3.571008987
2.681030881
3.378092329
2.826133455
2.428819078
2.673189964
3.785002242
3.18186204
3.842015121
3.401042935
3.74403757
3.74031511
3.607834391
2.88878786
3.605832296
4.151154979
3.406045052
3.38851037
2.93031175
3.580682174
2.539265261
3.28828858
3.036201871
3.64511328
2.812519328
3.2473289049
3.630720527
3.720224236
3.652678159
2.74719395
2.77708173
3.95236282
4.243729263
3.788215081
2.95789327
2.8610713779
3.261279319
3.814788409
4.03598328
3.74586448
3.632864144
3.11658401
3.192235913
3.66350676
3.050206527
4.516309539
3.039238578
3.348291662
3.28898244
3.15731886
3.13768079
2.995776359
3.31474931
3.279576206
2.9408161
2.28810941
2.958494274
3.3256707
3.67937002
3.47445106
3.03231547
4.1993607397
3.01403737
3.32471337
3.226977024
3.478022157
3.363582471
3.397030727
3.76900154
4.00522678
3.542948875
2.76348395
3.37199512
3.72124916
3.342519592
3.26651793
3.413307244
3.375094701
3.578073146
3.587052753
3.722042617
3.48090195
3.370126251
3.170295942
2.511869285
3.190680193
3.8417402397
3.591926459
2.789399875
3.345950673
2.830394796
2.943272123
3.37629464
3.34660347
3.010511125
3.752085508
3.385064431
3.525803517
2.917647234
3.087840541
3.373666169
3.29117379
3.366443375
3.5346046015
3.358474173
3.48922441
3.253532281
2.96000867
3.418409206
2.970613825
3.89516202
3.55873619
2.96479755
3.8780681876
3.23887123
3.336216961
3.258506249
3.056014677
3.61034122
2.6596471611
2.800184815
3.58354064
3.5277920551
3.09473863
3.519420304
3.856736384
3.29704694
3.415252391
3.752510718
3.177716417
3.479122013
3.151676012
3.356399843
3.629638985
3.215757825
3.693424109
3.009216442
2.892905119
3.750020858
3.922068009
3.2047530836
3.214272546
3.182416541
3.4078211759
3.411562749
3.3597333703
3.16942959
3.401387787
3.024684295
2.925144706
3.0442389
4.03305165
3.53192206
3.766901319
3.38961808
4.079021125
3.4820449388
2.84192118
3.63506804
3.7235125
3.039387285
2.64408345
3.5203182995
3.54554554
3.05958897
3.80740016
3.626216354
3.209251971
3.596802236
3.2341197813
4.201843804
3.695857961
3.910201944
3.95668279
3.08855369
2.785596451
3.1346139981
3.632614734
2.8280377864
3.6652121801
3.427226315
4.4034840604
3.585118223
3.765768693
3.817880733
3.710852999
3.264121482
3.346755353
3.382636263
3.423381173
2.999770508
3.594375435
3.817956631
2.830434354
3.600583397
3.681604285
3.262572863
3.981498992
3.414497463
3.2127341512
3.433708663
3.1261971259
2.726006452
3.745329983
3.340645583
3.361925531
2.544803433
3.096115323
3.822460573
3.938031283
3.511661985
4.033149489
3.454078033
3.403639053
3.669671073
3.750100328
3.624343123
3.577574753
3.589333236
3.420632303
4.288718183
4.551169933
3.53574064
3.553829583
3.47045949
3.457648273
3.120958203
3.50208689
3.999166542
3.547138181
4.237707651
3.044497079
4.114652363
3.645514003
3.451346343
3.849534873
2.853624297
2.919876621
3.377640223
4.313357973
3.762307812
3.770549073
3.973077213
3.3238109057
3.726123083
3.319981953
4.063289064
3.625562743
3.331658303
2.877628967
4.105050286
3.481449741
3.624314713
3.493481962
3.989315061
4.01779042
4.076456893
3.945586592
2.671402835
3.187940856
3.747987781
3.388666616
3.180708322
3.655071006
3.088389353
3.822799102
3.003871299
4.052528983
3.051701923
3.513956435
3.406366043
3.082139341
2.477225603
4.055624882
3.902112343
3.477769253
3.663924623
3.4034572097
3.6861062897
3.5982613597
3.1561577947
3.7432909507
3.7691314533
3.2094819477
3.6564023927
3.7197673097
3.5180922553
3.4883664425
4.1300356087
3.6522271403
3.6277644927
4.1393485897
3.4523172153
4.2002685212
3.6886852694
3.969756459
3.2890225461
3.3230193797
2.7153844403
2.8633090387
3.0997224433
3.7515277617
2.9461260673
3.7190328087
3.6485544173
3.5634410627
3.5218767477
4.1113569243
3.6909171553
3.9063054697
3.531519503
3.4323113027
2.8343830237
3.2033677587
3.5552765997
3.8999206297
3.4180571387
4.1959945733
3.9664747947
3.6399154987
3.3947755727
3.3581382757
3.4047949937
3.8286128957
3.0521984554
3.4086805947
4.3175792097
3.4778969391
3.3623807067
3.8790596893
3.8906659657
3.5268943097
3.0585276837
3.2243170787
3.1280722447
3.5702304267
3.0452725857
3.1213674387
2.9852396092
3.5431830417
3.1447769493
3.4722817257
3.2017521113
4.1141891747
3.7172952647
3.2556093502
3.6637141167
3.8736186247
3.8857853557
3.9805759567
3.6737824947
3.3427828527
3.4372045037
3.7891454797
3.4551226758
3.9478886727
2.7954254007
3.2789466737
2.8345813987
3.2526021517
3.4889514177
3.1409773787
3.4229732617
3.7653792497
2.9243408938
2.9306835971
3.0170477263
3.7636588437
3.7575003207
3.5431833327
4.0820489507
3.5651920327
2.9031612467
3.2795087897
3.4332849657
3.3459358047
3.7995303493
3.872192592
3.647323343
4.071630694
3.990777954
3.168475808
4.512431668
3.618265478
3.668982258
3.744984655
4.201614982
3.2245223365
3.743668936
4.726694809
4.060641622
4.059616369
4.216963573
3.228089826
3.463171542
4.079789683
3.651981843
4.026435928
4.11092154
4.083062961
3.663473238
3.976612732
3.838665883
4.030718222
4.549182931
4.099498762
3.701845105
3.288349492
3.947818978
3.968719238
4.519585833
4.105502205
4.165166953
3.859881209
4.622782252
4.046887442
3.677362069
3.188535132
3.390866182
3.20681155
3.599007548
3.835437892
3.464116572
3.868431832
3.081358543
3.3465795084
3.959446234
3.687061023
4.473866356
3.776877459
4.022245357
4.228102022
4.237460992
4.4762508977
3.3135059712
3.063869092
3.927009253
2.95738609
4.000664907
3.451850455
3.020574622
3.861908098
3.74799853
3.77062011332
4.053500938
4.1817748446
3.511650012
4.19359336
3.49507823
3.600059158
3.882735272
3.81755431339
3.830666608
4.177525952
4.4609131
3.554571764
3.919160882
4.335755397
3.922503794
4.155894337
3.290070199
4.500012538
3.766963962
4.00480963
3.441038139
3.616561288
3.3575980395
3.2940830177
3.25278703
3.969959673
4.4861434541
3.700499965
3.541703096
3.347184054
3.565264158
3.826856642
3.7675557655
2.8892639941
3.497783957
2.901497255
3.0064346698
2.8660378562
3.841105893551
2.685592367
3.243521332
3.286485169
3.227355832
3.675773164
2.586892892
2.995490183
2.758714327
3.048283602
3.4144491281
2.789099328
3.297882478
3.257218558
4.297650413
3.090240668
3.072238812
3.1207207449
3.733553708
2.713685674
3.168062938
2.926489018
2.48626715
3.01085799
3.468702632
3.178426406
2.982207731
3.135976348
3.3456805935
3.968977411
2.5306770941
3.1996683885
3.001695892
2.555646466
3.09895692
3.130558758
3.419775271
3.256527762
3.447635703
2.835426138
2.866988972
3.579727943
2.667121637
3.133999987
3.285266263
3.694669376
3.5134038359
2.7652615675
2.667990814
3.587235656
2.794780488
3.150618982
3.42864475
3.320726339
3.282410337
3.380814812
3.654668322
3.1268092199
2.936900595
3.500421944
2.9041672663
4.123401312
3.511828852
2.969514881
4.114668136
3.128253448
2.86033479
3.222277645
3.17834903
3.660746134
3.377219462
2.824038546
3.331127219
3.233442055
3.101858162
3.247709058
3.385119924
3.602179127
2.642541818
3.1089143824
2.832222006
2.753706702
2.963437818
3.338494471
3.505674561
3.079554363
3.433645872
3.12211383
3.393648325
3.0020509016
2.941441533
3.501423382
3.04746832
3.539116093
3.676576001
3.606592649
3.235567424
3.241185412
3.611264862
3.37521171741
3.23200575
4.153799189
3.13484389
3.485957653
3.391961954
3.512270945
4.16606425
3.7916857591
3.18080098
3.76267945
3.657393767
3.39648597
3.048228982
3.298552349
3.227175096
3.340921119
3.513030224
2.99904224
3.41539852
3.510646914
3.6558517388
3.9292783
3.46364933266
3.107320806
3.470773387
3.379655869
3.727158286
3.43382172
2.870316591
2.8307252207
4.363641633
2.875064001
4.028662812
3.456606912
3.252552138
2.794062616
3.76283361
3.189388654
3.99103906
3.18254601
3.30017443
3.402726631
3.23919701299999
3.145828359
3.13384192
3.770398836
4.7411476
3.37204857
3.793415281
3.813250015
3.534889152
3.567155296
3.36824651
4.250351105
3.30120664
3.267885546
3.130213584
3.631748398
3.475459159
3.946222146
4.173829406
3.15705842
3.377630081
3.07810759
3.42111438
3.28606865
2.630238782
3.716602738
3.776667795
3.79383228
4.2045504155
3.261320751
4.47300922899999
3.511671957
3.26792799
3.286754769
2.78376236
3.381152418
3.39122661
3.875424647
3.358610695
3.132335425
3.77586435
4.145000122
3.367716839
3.4223249173
3.03602857
3.957239355
3.519602668
2.977221213
3.524697497
3.82937927
3.521659717
2.764274055
2.85289116
4.116318984
3.251640879
3.304098816
3.684465869
3.841648189
4.307586858
4.044305602
3.675302199
3.55509566
3.34277968
4.008532749
3.985238524
4.623838448
4.637774129
3.2146184935
3.030033919
4.5200142223
3.599744028
3.736753185
4.135834904
3.476296658
4.128561124
4.059611221
3.5192852615
3.626477289
3.676031021
4.273089923
4.321373609
3.006771779
3.571774379
3.955891715
3.0033300015
3.4305677882
4.196695899
4.504361312
3.669856217
3.223008826
3.433241809
3.822998027
3.808710033
3.913742139
4.3750321626
3.1538252675
3.796165719
3.594342771
3.620393204
3.0837571484
3.65142931
3.208984344
3.28341363
4.145035424
4.184975183
3.761256144
3.41668001544
3.156030019
4.107083483
3.481940754
4.059700094
3.720458085
3.601882889
3.514541729
3.819869736
3.932687534
3.304688517
3.501875622
3.725740445
3.339690368
4.623516626
4.016231231
3.804054569
3.250017477
3.716440479
4.8774136523
4.141838079
3.1448285395
3.89784051605
3.764807902
3.526244088
4.156517705
4.094549527
3.521099014
4.0782538918
4.845305414
3.579179739
4.0157671465
3.425172473
3.68990488222
4.319774496
3.405420624
3.21935592
3.82435057
4.020698094
3.981205338
3.3249452759
3.529823862
3.718281047
3.378179297
3.548764278
3.188047126
3.671985235
3.637080741
3.9117897035
3.258284123
4.148999398
3.832831834
3.5613299639
3.698026199
3.817529276
3.757313051
3.339176353
3.436285742
3.287814936
4.150088283
3.543729086
3.59291087652
3.893745184
3.205719803
3.300601838
3.9829859678
3.913810421
4.612708749
3.6060249127
3.6552822796
3.220776252
4.412029448
4.4688136985
3.124056812
3.563504275
3.517348118
3.763067987
3.7279197
3.1250319159
3.397255047
3.733299404
3.024116948
3.420682666
3.903581158
3.053759439
3.436688594
3.513639704
3.632449888
4.565426355
3.837598979
4.319875282
3.75595654
3.213565582
2.8960816448
3.345487848
3.5023374934
4.102613808
3.604722214
3.912750864
2.5853320652
3.113284437
3.277754576
3.918883061
3.756706803
2.9859674677
3.428285177
3.613791449
3.317886688
4.351670979
3.720652912
4.242809953
3.47012558074
3.399994822
3.375453658
3.473113044
3.473327689
3.293819094
3.576007722
3.703174901
3.975633451
3.490811693
3.872879135
3.603205792
4.058761591
3.965129148
3.53278057599999
3.7387719039
3.898332811
3.7222736452
3.9959683077
3.700166468
3.918208474
3.518551649
3.435300466
3.7196556024
4.239893131
3.3938086455
4.1208008007
3.4281776373
2.729720719
3.1645691251
3.39897942
3.4263864858
3.1699393309
4.283347544
3.510491124
3.814271804
3.616267483
3.23342085
3.2573288438
3.677654215
2.8517332
4.298824056
4.542126892
3.947216542
3.722731499
3.308329106
3.5818966
3.447777048
3.593453143
3.0710142615
3.18862234
3.799838522
3.6237376825
3.659097658
3.2313331685
3.451757636
3.2592557
4.353397251
4.019119025
3.558124295
3.51227642
4.03207607
3.244512457
3.82486443
3.416600012
3.299937223
4.131945281
3.17417736
3.85743204
3.84128846
3.194424601
3.787127571
3.123838843
3.93346951
3.41896441
3.43765282
3.703504898
4.63369281
3.34166441
3.723831274
3.236207547
3.58157785
4.31949756
3.19940538
4.3540818198
4.4127455135
3.82846458
2.91380611
3.40801877
3.0982658
3.18903815
3.4772014878
3.217598913
4.10298533961
3.92045825
4.034451475
3.421760966
3.830314329
3.463893931
4.059060005
3.171075919
4.0612391446
3.67954238
3.386319046
4.17194088
2.918007793
3.00819632
2.65996217
2.7685950416
3.31646708
3.620150217
3.13290844
3.41330782
3.51854328
3.617584765
3.20524153
3.34463022
3.2466312277
3.34237048
3.34066386
2.812524048
4.39232204
3.285871078
3.93271796
4.30832452
3.65452397
3.748403946
3.280328813
3.29320037
3.46049715
3.148179878
3.364206561
3.188841361
3.687194859
3.02480666
4.133448589
3.6379840849
3.669566875
3.575324478
3.321314638
3.381525992
3.291802974
3.336540019
3.081569195
3.35921015
3.58219564
3.1855162712
3.207802575
3.340158365
4.545709169
3.096874295
3.138568471
3.705997402
3.67424881
3.09205192
3.00130475
3.398883666
3.6505660439
3.792456902
3.2139437
3.78245761
3.4046894
3.8124674677
3.199242062
3.744787585
4.06765641
3.12400822
3.21863001
3.6345188541
3.918140988
2.876117217
4.277295166
3.17235247
3.60114054
3.541241389
3.00122449
3.259499293
3.137739915
3.33438461
3.760810003
4.00038291
3.218702943
3.05084025
3.3990703921
3.57974583
3.667033278
4.581510069
3.08106691
3.585307839
3.877637343
3.951618754
3.237209827
3.824174107
3.9254075981
3.375194118
3.20316645
3.545138813
3.195655127
3.599335439
3.61827458
3.75417839
3.0500952334
3.443788654
2.93076075
3.878813985
4.33148414
3.059131889
3.341623091
3.335869059
3.84497279
3.541827653
3.38855567
3.4298439705
2.613815584
3.014921785
3.65857646
3.670198895
3.37745785
3.53958538
3.8933399811
3.76460981
4.30360491
3.883175394
4.35429695
3.588906592
3.561198975
3.993594362
3.543526443
2.91086099
3.374983512
3.41365131
3.93264852
4.510717276
2.976199306
3.669601054
3.33282046
3.7520179604
3.428300591
3.158896622
3.263480693
3.1599759414
3.0825533623
3.404963817
3.715618378
4.067559648
3.091747078
2.492054318
3.643656288
3.070882908
3.487598159
3.981807541
4.114578533
3.518835169
3.735803021
3.590161221
3.409772238
2.885148299
3.464391558
3.67068154
4.022912148
4.218860793
2.996365918
3.099186633
3.988068558
3.166230428
3.716287628
3.415903848
3.438926097
3.247772697
3.630298928
2.790899488
3.343973538
3.284784468
3.769032064
3.4868550542
3.204409079
3.073786112
3.533810385
3.0808574815
3.381221259
2.643199278
3.136503541
3.139451528
3.69655296774
3.711701208
3.51597100733
3.418957677
2.798650126
2.932739554
2.847485488
3.051198508
3.956329089
3.757665072
3.268181038
3.385515391
3.399275763
3.000896428
3.505197068
2.908420052
3.077796488
3.152779048
3.210100818
3.369171723
2.879740508
3.339265993
3.604917982
2.608306623
3.831413587
2.985446093
3.486855022
3.700293817
3.395122508
2.891911787
2.755230162
3.494144328
3.793485308
2.865121298
2.444660293
3.290228629
3.081391123
3.012692488
4.282289741
3.401006776
3.384524628
2.855255814
4.106636047
4.305136201
3.802011229
3.361921972
4.104890833
3.375027852
3.151896478
3.376805758
3.811520638
3.364854907
2.901786478
3.31512208
4.11891008
3.6473519
3.661457619
3.56472908
3.4123224756
4.51428402311
3.55056293
3.87889385
3.605741033
3.286110912
4.0563057
3.453257555
4.285894872
3.650177226
4.200326761
3.58261166
3.71605743
3.433072684
4.23435554
3.401604159
3.4595495
4.308917837
4.181023396
3.9276505824
3.439786726
3.916410954
3.707618704
3.779946851
4.5175987978
3.83566694
4.044493285
4.034608075
3.3323669
3.4869067655
3.44264105
3.571930719
3.777675119
3.599280319
3.22818097
4.154183893
3.946083129
4.09891344
3.98512316
3.78882168
4.499912067
3.876080096
4.5249903453
3.31842762
3.79317317
3.4886870403
3.659640039
3.31891374
3.836942683
3.780612569
3.868146234
3.3630754077
4.484230905
4.135579073
4.20250288
3.411401522
3.521170211
4.06359935
3.984641632
3.30288504
2.9067316224
3.67121727
3.71825131
4.250966232
3.70960735
3.127945328
3.700256953
4.042754913
3.68966794
3.43087096
4.250856535
3.114924085
3.882465387
3.333481605
4.0576161084
3.57617678
4.12163875
3.44850097
3.868999949
3.600878473
4.23048692
3.4924136927
3.422544849
3.750994032
3.34786964
3.31307504
3.421938741
3.365929464
3.672139993
4.869607471
4.397338477
3.54922635
3.595007403
3.69792178411
3.952811731
2.8980677339
3.3710899299
3.5590179639
3.7723238949
3.4952149191
3.1805622549
3.1543790239
3.4497183169
3.8923760869
3.5739758764
3.2773493331
3.6082794139
4.0002853139
3.5135944339
3.2538846639
3.4209757439
3.1964366129
3.6945649519
3.6021644769
3.8972113946
3.4455412099
3.4616072409
3.1878741421
3.7402198181
3.4091039981
3.6797448163
3.6244068539
3.8027856439
2.8040852059
4.1512616279
4.5016122499
2.8391846019
3.3653171139
3.7259080449
3.7077833329
3.4933553364
3.4882642959
3.7327039539
3.6034378754
3.7763434529
3.7777124139
2.7381460839
2.9703929899
3.2083174826
3.6592329296
3.1405256039
3.0342853319
3.1618971749
3.8533006039
3.6356361039
3.9843004909
3.0720035939
3.7328092539
3.66525461855
3.6303950049
2.9989602239
3.4937118679
3.5720390059
3.9372771859
3.6617611319
3.1701443129
3.7721991039
3.9049620919
3.2838630579
3.1698367919
3.7364293199
3.3878934799
3.6205067219
3.0058598439
2.5776921739
3.2659541499
4.1847049709
3.1733868069
3.5123456629
3.2503986239
3.5820389379
3.9122872909
3.3578837619
3.4084284639
3.8168889589
3.4938287409
4.0356876059
3.7673329889
3.6317806229
3.6621876349
4.1733503989
3.5022615739
4.0137153309
2.9797414061
3.4368102379
3.7598175239
3.3198899489
3.5288900919
3.8532571639
4.3945979409
3.1274487814
3.7056199189
3.7267822821
3.2901279539
3.6615919139
3.459670575
2.850055662
3.155086059
3.741800885
3.447995995
3.3702718724
3.70823814
2.352702635
3.374899262
3.4257379013
3.151667195
3.70090915
3.3868215279
4.243275166
2.871072365
3.238736955
2.761802306
3.198701924
3.147554543
3.006959065
4.696800962
2.9481375
3.348107412
3.601111793
3.563588378
3.138120625
2.877651712
3.541600196
3.372656094
3.59838438
2.864856611
3.312745504
3.255137845
3.337843615
3.726248081
4.0493467568
2.774752633
2.6342194103
3.020404525
3.253589386
3.03220135
3.505462361
3.150621409
2.819132975
3.1571999315
3.347479211
2.796694846
2.978986203
3.577392235
3.199773065
3.372554735
3.259200296
3.658179922
3.148930347
3.2888263127
3.679755278
3.5639419025
3.224216552
3.880160002
3.51728081
3.66776020183
3.727662395
3.549243165
3.0253552753
3.509119825
2.760605005
3.597821345
3.6017881883
3.049013563
3.123012135
3.078118083
3.543834695
3.639149406
3.749745189
3.207910245
3.5474441618
3.069018403
2.801432965
3.939083272
3.691629215
3.224995924
3.678458541918
3.13389152
2.798294726
3.274365538
3.568459729
3.159046679
3.567756375
3.156830685
3.4741751922
3.0270093972
3.663126805
3.480560854
3.366234457
3.35101981
2.993586025
3.417087367
3.016123764
2.850173624
3.348071422
3.2976041197
4.0024088345
3.1294715123
3.4795665357
4.3243773877
3.3090091867
3.5043793607
3.8713713757
3.6544508797
3.1980170587
3.2652775527
3.1692858513
3.1364005887
4.0895189127
3.6147340437
3.1448170683
3.9324159067
3.0299734542
3.0632474787
3.743849727
3.1315366886
4.0301773978
3.2241695107
3.6675538703
4.1255219947
2.8954180857
3.0130701577
3.4688871179
3.4417308131
3.5254719604
3.5024346432
3.7854562077
3.6009297227
3.5788965803
3.6214357237
3.3717059217
3.3323534487
3.7362768217
2.6281219037
3.7098207577
3.2979425357
4.4098742028
3.2617599457
3.0822077947
3.9928885933
3.2808840517
2.4213310627
3.0177605357
3.2394305687
3.9891219087
3.5433030787
3.1256802151
3.6898600627
3.8141864568
3.10018995558
3.8182626114
3.3761148547
3.9554069397
4.4529348567
3.3744768587
3.4252866477
4.0245445717
3.0489111693
3.2978714537
3.97991125982
3.4580311567
3.1237138607
3.3190380042
2.9908819941
3.3821059767
3.8759501264
3.3361694607
4.2662543617
3.2640730407
3.6724647187
2.82377881230001
2.9758860737
2.5179988887
3.7173076227
4.1839941344
3.8183069497
3.3987388587
3.7648421193
4.3443683932
3.4891561387
3.6916087887
3.3510369633
4.3589039197
3.5319775544
3.6566550857
4.0346013317
3.4395062727
3.767054243
3.3206162377
3.4975931647
3.8410557037
3.5248765807
2.8933697792
3.7994725727
3.8624049453
3.660720994
3.513702784
3.2350437323
3.535954873
3.339470136
3.682516396
4.106030675
3.1476601237
3.328213954
3.5264659072
4.3160975744
3.9267750893
3.685191866
3.2648336287
3.451030462
4.071646916
3.294876406
3.676514815
3.454169096
3.6132433
3.282703564
2.878037134
3.326123051
3.695717324
4.917531866
3.148803623
3.101902329
3.468079765
3.270456264
4.188201634
3.51852796
2.951145526
3.281442246
3.205369456
4.003909911
3.644251635
3.840472276
3.167406586
3.302771354
3.106359433
3.656796172
3.79398009
3.073770418
3.116901063
3.473199676
3.483472124
3.380356042
2.80125597
3.487985594
4.216456751
3.759459041
3.431413414
3.605540716
3.668248516
3.978287922
3.267796047
3.542242286
3.475937248
3.232771876
3.0713043413
3.599021495
3.594866048
3.4683815092
3.742924859
3.474038786
3.4088665087
3.1886081513
3.82530237
3.195412575
3.6394570045
3.449626919
3.646375304
3.015850341
3.088963123
3.584266982
3.40940541
3.091154437
4.187009151
3.433543849
3.140762203
3.314251696
3.282407595
3.31991237
3.391717639
3.184704076
3.512732486
2.96822685
3.279539426
2.60629405
3.120030673
3.465366666
3.578088811
4.192663247
3.955473014
3.781641506
3.050708388
3.266117757
4.218303134
3.351255307
3.5328327194
3.661414586
3.7301007532
3.340220026
3.402761811
3.772803076
3.729593691
3.2276706455
3.129013377
3.258103162
3.505239123
3.0181742831
3.696674422
3.336119915
3.345960287
3.435395789
3.881954691
3.2639302558
3.0992411284
2.954082694
3.728185191
3.664555265
2.940554058
3.3988045241
3.41726435392
3.235975608
3.037613253
4.06119726
3.672917814
3.299865854
2.746605633
3.669441837
3.48627086
3.8354550621
3.0344399909
3.496463671
3.591168448
3.196727402
3.3210153099
3.84244986
4.050544802
3.410195911
3.549042023
3.855238651
2.816988929
2.974191486
3.304094461
3.283190663
3.8476808595
3.392391889
3.573964503
3.767583556
3.139554575
3.42136958
3.447867652
4.05231239
3.01396558
3.566621763
3.5965153997
3.9995570014
3.86086963
3.790134243
3.278927940892
3.2384096404
3.3011194792
3.888515197
3.467370352
3.006325256
3.187280126
3.7493185436
3.755504075
3.581970109
3.4430805201
4.382854542
2.667341573
3.292815658
3.733002843
2.50006506285
2.862205345
3.061932513
3.632642197
3.246405792
3.41814021888
3.1241761
3.600047767
3.705507419
2.973464908
3.2543379896
3.260355786
3.432347828
2.945952592
3.651964182
3.7778079491
2.838653771
3.689831552
4.184183552
3.35717909526
3.306105788
2.860677862
3.682450818
3.691228169
3.259862551
3.541794505
4.3840299979
3.614399377
3.4346804342
3.4012824886
3.514278325
3.68629978
3.693696545
3.403346878
3.96502265
3.4044912345
4.1151775282
3.295671886
3.89766817
3.616762099
3.309955859
3.984417767
3.613128848
3.457968235
3.552742092
3.741867324
3.75222883
3.25760768
3.979510521
3.76696303
3.109862839
3.163916892
3.901851356
3.77024248
3.508791469
4.086487057
3.272164586
3.50487244
3.560399878
3.941063257
4.000360588
3.185474128
3.111621064
4.883853614
3.75989672
3.927493139
3.64379139365
3.3541344979
4.235137106
3.51038135
4.14147985
4.367756637
3.1300692954
3.740766652
3.364687654
3.833402663
4.024796862
3.97982578
3.775412582
3.986741543
4.501787484
4.1904251115
3.4333274309
3.388464867
3.465443926
3.52673232
4.391105943
4.303351004
3.1666010608
3.77341561
3.4387320645
4.03157889
3.839568224
2.7908619221
4.33358614
3.886514595
4.228018521
3.902481048
3.531996499
3.850909062
3.477601052
3.9258976273
3.37005089
3.907233197
3.618143219
3.63051021
3.582446497
2.8059102451
3.86214976
3.6694435018
3.83159296
3.655253822
3.8376760136
3.830836614
3.57103332
3.6187980875
3.548504127
3.742592038
3.824369282
4.1334428969
3.462746932
3.5023342904
4.40036036
3.13946405
3.244661776
3.23863878
3.246190656
3.464922186
3.383011903
3.622909246
3.542591203
2.6284105725
3.249525073
2.523466274
3.147389019
4.0200889722
3.076857246
2.840657126
3.227702466
3.0685474578
3.035401136
3.4289967606
2.701896466
2.623543238
3.260297356
3.2805593968
2.64380256
3.174929489
2.997457686
3.383665896
2.738571198
3.96882537
3.383694666
3.3427115494
2.849358334
3.322143616
3.212494516
2.884310867
3.373103793
3.22360722
3.5503938293
3.741544636
2.9428807967
3.062929066
2.967726293
3.326116479
3.252786458
3.000097924
3.337552412
2.935545378
3.317687636
2.460865304
3.313166226
2.81980122
2.9199115304
3.555331813
3.121281344
3.210852654
2.722655226
3.057855004
2.565584865
3.279644539
3.042830062
3.637747565
2.792949161
2.592569175
3.9041143983
3.060149821
3.7966610568
3.006100896
3.04960519
3.009544469
3.277964509
3.120173578
3.240582571
3.106078266
3.330911406
2.592206791
3.527934898
3.727767274
2.924470151
2.614202104
3.08152702
3.106186074
3.908502734
3.766306366
3.364274283
3.565593606
2.746730694
3.797657866
3.242573931
3.945715856
3.358124953
3.5831826882
3.8268603209
2.954168906
3.407799932
2.824536875
3.264303695
3.562327216
2.966640638
3.540372056
2.957878666
2.941003847
3.144611828
3.3210843424
3.632516745
3.592129906
3.332868079
3.336238497
3.206897095
3.485351605
3.579928506
3.490769566
3.251847834
3.715051513
3.565369529
3.512475018
3.0844084202
3.718249175
3.409876456
3.145212362
3.523536939
3.5370514114
3.303180781
3.500722345
3.562942422
2.798606557
3.445209836
3.651226416
2.984803259
3.366052831
2.940342459
3.52967962938
3.448545807
2.811258946
3.335465071
4.097304326
3.017360336
3.195736066
3.61856306087
3.377239371
2.976750367
3.319487316
3.793037465
3.325467434
4.325165046
3.898402291
3.725267986
3.635644486
2.582280672
3.254063946
3.141456337
3.297088633
3.845846009
2.899816943
3.18226789
3.3099134489
3.51501608
3.608277957
3.257265307
3.509212724
2.31031371
3.071881546
3.4382187305
3.980245184
3.616682224
3.4911311529
3.154096738
3.590620957
3.49216183
2.8572339203
4.201292308
3.6699438094
3.160143474
3.483470522
3.551717256
3.2878352589
3.245023239
4.020965716
3.866812744
3.17870002906
3.237345456
3.176564471
3.433675509
3.20671391
3.070162616
3.445321059
3.600450771
3.81222101441
2.943340918
2.945766453
3.439724194
3.596327347
3.438615649
3.977468129
2.679012102
3.354141947
3.852764077
3.157819826
3.485297707
3.695258201
3.126879109
3.679339459
3.358696118
2.901522313
3.1008102208
3.3433126318
3.354530682
3.19368492
3.340967016
3.270031414
4.003408681
3.270121648
3.636257733
3.7281281177
3.746807945
3.5353034
3.819428664
3.569761141
3.629168144
3.4225195549
3.217737389
3.316019642
3.7546789481
3.4547964471
3.191682486
3.7823958084
3.645485526
3.576805446
3.59058951
2.803586805
3.713631789
3.339120871
3.117024588
2.851933563
3.518599117
2.917786781
3.526379009
3.5282525
3.3165283786
3.607261632
3.561714406
3.5901068628
2.81641436
3.0979381811
3.5258974662
2.826130062
3.284324923
3.868704333
4.0014896547
3.338943321
3.583824923
3.843074668
3.4019275985
3.282469769
3.2235072174
3.3589919226
3.46138727
2.9677853592
3.2903812157
3.464891296
3.53314927895
3.396087885
2.954145857
3.39637176111
3.28039066
3.005387366
3.4252748387
3.281911286
3.47977253
3.835671285
3.104458952
3.023159459
3.199860556
3.667407206
4.0721668062
3.262885876
2.926714233
3.551956949
3.559032338
3.29694256
3.515625317
3.495179257
3.2075695
2.859258694
3.195558786
4.3370443745
3.333558952
3.313481603
3.72621529
3.705829263
3.843400249
2.937235233
2.8938588564
3.5286741
3.435367411
3.583610932
3.273764892
3.564330572
3.288381624
3.746270344
3.7179844706
3.636749284
3.5365316027
2.8484691877
2.8236762723
3.6218075833
3.2418697277
4.0843681487
3.5261170531
3.72026291833
3.8350539977
3.8073215393
2.8434930667
3.2127536623
3.5481645613
2.8903193727
3.5690276407
2.9015743902
2.9757092673
3.6694764497
3.4079020557
3.4309644174
3.2305186293
2.9196326787
3.0798977014
3.5214857523
3.6426716653
3.4070272923
3.3681986893
3.2473801493
3.5457938713
3.4225549293
3.5246209643
3.2094096463
3.8578537463
3.9980759463
3.3472892173
3.4715973367
3.4575624018
3.6692558023
2.7997037074
2.8006022317
3.1959742485
3.174627438
3.4824118843
2.9047693023
3.2796490833
3.6364307103
3.3728673273
3.3448073833
3.3294315753
3.2066949063
3.2057691303
3.2713673923
3.4614602743
3.8166955283
2.8443810784
3.4017502017
3.5100587717
3.3429092463
3.1701251423
3.6103797317
3.2243927787
4.5741110679
2.8173496687
3.7401061594
3.6673314773
3.6071527723
3.5002413173
3.42107938583
3.8379084907
3.4151596503
3.4784348049
3.1993403871
3.2283343103
3.1644664493
4.0062414237
3.6240512233
3.2126404513
3.1597110433
3.3583432637
3.6197966383
3.7895819077
3.4837792423
3.276788477
3.5537040216
3.4592907751
3.5389667754
3.1741045823
3.5228598773
2.9899559923
3.3964095453
3.7014245423
2.7765807143
3.3777579223
3.4570828783
3.7521595723
3.7832763653
3.7410941493
3.4556759073
3.1865413362
3.1248972633
3.041247579
3.539477626
4.160125193
3.383001945
3.555855591
3.123507574
2.806924778
4.054316016
3.880180634
3.622053842
2.778688792
3.670922265
3.737974744
4.044041827
3.053007984
3.2954876176
3.227338319
3.315684179
3.6872467202
3.8061813327
3.787156759
3.37087205
3.239225251
2.783040144
3.273119359
3.228727753
3.903984184
3.301889946
3.8837687266
3.836607385
3.836839023
3.928725668
3.479325264
3.556164178
3.108295154
3.549219056
2.942826897
3.622684399
2.9990067716
3.523514217
3.371860367
3.219593291
3.039585388
3.102602874
3.3739814888
3.832995794
3.50296323
3.39220618
3.54261635
3.045787561
3.402321366
3.153576396
3.368190028
3.831386238
3.159635754
2.782971716
3.284646093
3.809383566
4.22986416
3.0451642452
4.159104902
3.60639142
3.804449389
3.197390344
3.006954536
3.393518704
3.140503924
3.005607036
3.4363178449
3.032023214
3.95107411481
2.647041167
3.062094407
3.07542063
3.569941855
4.265783704
3.191958142
3.509843908
3.271125169
2.816266693
3.233775554
3.591366283
3.573128526
3.113004852
3.574306308
3.998367669
3.592281201
3.880137802
3.346770498
3.9847208
3.955580299
3.102705958
3.399571711
3.4671681573
3.719563718
3.558238392
3.324198497
3.26173713
3.273395884
3.955237197
3.681410597
3.561964233
3.362015447
3.773779877
3.299421613
3.79982069
3.5590010386
3.307817763
3.677244216
2.895495029
3.017042847
3.270600335
3.876218837
3.608722143
3.051034136
3.682910213
3.734032493
3.258512993
3.093510693
3.583115496
3.447226483
3.024466043
3.402603159
3.928955883
3.348986443
2.902649685
3.443118216
3.730308643
3.103645683
3.121867153
3.011431252
4.012957185
3.932513516
3.8516583
3.318800167
3.6223978326
3.530296611
3.078200871
3.716713137
3.951386153
3.875851817
3.307890817
3.3384769886
3.337583353
3.825055142
2.386714579
3.349935336
3.32522291899999
3.162008497
2.8828452514
2.921381268
3.165315358
3.702865953
2.599057959
2.733178397
3.368519635
3.4158614909
4.128414166
3.429284101
3.630528506
3.688327028
3.002830593
3.39250113
3.400958591
3.6717610826
3.487368773
3.031315171
3.180363795
2.928010505
3.526701292
3.3891095162
3.244271044
2.631413446
3.99703553
3.92456583
3.245489583
3.415446132
3.119076161
3.428915597
3.847491763
3.38984803
3.171092745
3.735909637
3.596876834
3.285903794
3.554826313
3.717148293
4.121096307
2.981051483
3.206715087
3.847607951
2.930408057
3.890067537
3.0509953467
3.4826403979
3.540972541
3.322538217
3.305709778
2.741852039
3.461706373
3.748941817
3.559912104
4.15607817896
3.939748454
3.499868531
4.5716902808
3.2093985439
3.19217768
2.804141628
3.822454146
3.9586990476
3.830150837
3.825893089
4.153993795
3.261229051
3.249745214
3.9046081861
3.94572819
3.096112839
3.223113537
4.1996205399
3.813872577
3.195942299726
3.427437931
3.4337622872
3.875415826
4.404665874
3.412000346
2.8408802761
3.34579991
4.11809105965
4.26065164
2.970345768
3.356922956
4.053100121
4.364984806
3.3466653179
3.638653803
4.531952208
3.820055221
3.811534533
3.7390784871
3.644686629
3.197469296
3.4202939728
3.6543184827
3.2335143997
3.397140267
3.267076853
4.084204489
3.507797353
3.662037452
3.086406129
3.470330028
3.506091605
2.667255554
4.2796145177
3.359519891
4.688927997
3.234257529
3.5635629897
4.248490153
3.3708709943
4.2281982095
3.476361406
3.831341428
3.863862072
3.96478027
3.265030522
3.45132901
3.337644032
3.75725916
3.241201144
3.78405823
3.3551668225
3.12135091
3.788614675
3.495039777
3.445827406
4.168881706
3.296456036
3.844206882
3.527216602
3.734530118
3.142129807
4.123656268
3.639808864
3.520481232
3.636319791
3.532884098
3.737750266
2.818043024
3.261014386
3.170570558
3.2873317943
3.832686722
3.52828231
4.089237343
3.937103811
4.0517519414
3.585084211
4.310305148
4.47247912
4.061335642
4.403611756
3.904141372
4.109262317
3.4003506222
3.855540513
3.939505953
5.294762684
3.959966091
4.052335578
4.346005667
3.939629843
4.3307415153
3.381783468
4.102218528
3.688015583
3.7443077327
3.9185917457
4.365151797
4.372010478
3.620183658
3.944765265
4.446475169
2.973183115
4.674462872
4.045600793
3.825103069
3.916024871
4.611920602
3.125683733
3.470468301
3.880175127
3.656343003
4.186132949
4.2759164032
3.787254648
4.40958090199999
3.809163325
3.8368482042
3.787537657
3.3345994565
3.926437955
4.22226566
3.7093512057
4.109171017
3.4510729772
4.328637193
3.9471472018
4.5977613932
4.236725317
3.535488813
4.0573910171
4.353176932
4.034822157
3.556816133
3.208796156
4.0234094204
4.792564722
3.075496067
4.049465583
3.453778652
3.405902146
3.976950143
3.661876923
3.338131023
4.349004537
3.894639797
3.629926073
4.079562093
4.166953943
3.8314019555
4.422173346
3.968267245
4.155992107
3.903963654
3.539756035
4.043150848
4.360360181
3.482052627
3.549927912
4.367168714
4.096929335
3.7769725792
4.2266656782
3.4401836705
3.5838993818
4.036305284
3.919702093
4.338499207
4.319337927
4.2143149202
3.62694921630001
4.6915477395
4.129645644
3.99146466
3.692711699
3.304562777
3.7417319772
3.037653754
3.513549231
3.44026281
3.3153604019
3.1481174618
2.59478195483
3.034693517
3.45309561535
3.672838431
3.068563623
3.321796051
3.610993253
2.897475089
3.596131238
3.047757212
3.301838938
2.924994138
3.423335908
3.176687437
4.000009649
3.564837878
3.307436675
3.210314438
3.110277979
3.499278964
3.571021243
3.647644053
3.5571224828
2.905688265
2.996919369
3.871268767
3.664725804
3.428353039
3.758816446
3.806468981
3.491504159
3.316351785
3.4414070979
3.635712049
3.906309521
3.404678059
2.90352502167
3.376404594
3.122641783
3.482326371
3.041804902
3.710179993
3.421725111
3.165700463
3.154617531
3.649522038
3.136626794
3.605821186
2.993544211
3.152880034
3.012524453
3.805384795
2.470452678
3.285512873
3.184341073
2.844742163
3.206949925
3.905491551
3.806658993
3.2100910889
3.413381073
3.550816014
3.228177273
3.868901013
2.676118535
3.299728058
2.883561175
3.142408329
3.546567561
3.259732527
2.798114319
2.96792394
3.2894637412
3.682308549
3.531253246
3.559592295
4.0756722815
3.5458095295
2.808900994
3.626349814
3.734226062
2.980900239
3.567507879
3.419828044
2.87491343
4.629081124
3.5423662201
2.825911951
3.097760354
3.376451215
2.53066108
3.28053596
3.203340463
3.384967163
2.872257921
3.646962825
4.298617518
4.338764676
3.464385826
3.037139276
3.489350714
4.013761426
3.36002329689
2.92687304
2.789006453
4.012887284
4.160838222
3.311400026
3.3601959725
3.763005186
3.714805008
3.367573593
3.333314703
3.036147649
3.2596093889
3.716286556
3.929495276
3.325819956
3.829387185
3.6216531367
3.322696165
3.284990311
4.191320586
2.978419851
3.264624078
3.917014711
2.793173023
3.748966888
2.983982983
3.772351451
3.069758265
2.864824258
3.380153219
3.134678811
2.7622423155
3.463872143
3.292159235
3.305822469
2.967492651
3.765570967
3.834192961
3.539917464
3.713480724
3.516572411
3.2067283394
3.114927141
3.6945101001
3.364731922
3.501381649
3.276169603
3.4336506242
3.3322774732
3.292907456
3.490108488
3.995983266
3.361894459
3.252739435
3.183788701
3.883411469
3.328177879
3.470069592
3.534271796
3.870861149
2.66729348184
3.978949611
3.844108405
3.446196255
2.895919922
3.745500787
3.238821206
3.238061478
3.824926453
3.302520841
2.999438447
3.4666504969
3.0295764061
3.014516566
3.434597082
3.4190439091
3.740732257
3.231286461
3.5745911395
3.6369400683
3.994857671
3.297975399
3.775553196
3.4869966195
3.3030022551
3.087537188
3.8279678867
3.699657211
3.544972581
2.989697553
4.284119496
3.03571192
3.6946860107
2.975188499
3.41487129
3.3179641025
3.25262241
2.910041387
3.45101433
3.668040172
2.961292664
3.380108694
3.645151082
2.98203251
3.560668644
3.215408664
3.667033285
3.4124433918
3.516831893
3.409911827
2.384452769
3.709247811
3.812248861
3.28008085
3.640932488
3.557248623
2.99175664
3.450432936
3.877039509
3.004264197
3.30718359
3.539603863
3.666815008
3.620798852
2.726252651
2.766731611
3.519834101
3.086218511
3.392548725
2.74022424
3.247131855
3.238737967
2.672646645
3.262148713
3.358445049
3.41120466665
2.715574134
3.229792149
3.367898157
3.095716449
4.0076301835
3.1926224355
3.698303562
2.771433825
3.348125556
3.67880132
3.663764934
2.9908233525
4.125925755
3.240272825
2.559807638
3.2850742601
3.104352975
4.696811387
3.089551808
3.583799404
3.408943004
3.400820272008
3.438864491
3.023071735
2.94399609
3.694302957
2.95292791
2.538722095
3.112339617
3.454262719
3.508235437
3.054361242
2.858226849
3.221830913
3.058219393
3.630387429
3.126096716
4.503828994
3.890765691
3.168604064
3.60290303
3.929741231
3.864070764
3.6123757574
3.610174417
3.614855864
3.3803191179
2.8157985669
3.507408019
3.436988507
3.0780560871
3.182015574
3.129743603
3.41546502
3.250871547
3.7536713461
4.250944234
3.4197849015
3.298585546
4.021528388
3.126865327
3.598663136
3.568815741
3.400812335
3.65582873
4.209898376
3.201812469
4.511636307
3.53128411
3.586638
3.32263405899999
3.155028655
3.77303812
3.926532323
3.635643267
3.51099817
3.911217655
3.823967235
3.64015359
3.663525158
3.298637865
3.625115068
3.745717254
2.746408915
3.038164026
3.3544732866
2.99944892
3.950716615
3.00634113
2.696922955
3.518795922
3.9863290376
3.961015416
3.79354484
3.14671754
3.628768683
3.795930915
3.985482575
3.1736017478
3.1195219398
3.7979828
3.723971278
3.530139935
3.827131504
3.703614102
3.68547155
3.502049237
3.52255225
3.08426753
3.23349015
3.852430215
3.146890192
2.9902736
3.45276016
3.19671826
4.043484847
3.31497591
3.48355414
3.266029139
4.2517746419
3.294511493
4.149365226
3.599763993
3.480956763
3.503746693
3.142933915
3.7389001955
3.552597075
4.13280702
3.3763775405
3.29262641
3.88400601
3.56974666
3.7437389
3.300971875
3.785881069
3.63363350924
2.8168305965
4.187239489
2.960025215
3.536923042
4.002411665
3.205270907
3.106383944
3.1338436382
3.68472552
2.891103577
3.94409577
3.586692306
3.555350196
3.919630646
3.948255712
3.660124329
3.47214069
3.1030862965
3.975494991
3.566237106
3.188895626
3.583929876
2.411405405
3.20552596
3.024487931
3.5475326048
3.361486976
3.5754136202
2.797450285
3.985050732
2.517750684
3.4513827637
3.103836788
3.211169787
2.9483323265
3.681647255
3.534469627
3.434864738
3.233970907
2.8433989894
3.3570794495
3.308516968
3.1307781242
3.125856195
3.562777867
3.111133151
3.175702347
2.90542643
3.649014556
3.193601803
3.203796246
3.046598241
3.136068946
3.525467242
2.8557267848
2.852526031
3.243655466
3.668653515
3.245383947
3.77862006
3.1269509224
3.068391902
2.781570646
3.036348168
3.147312239
2.863729503
3.257936046
2.955335318
2.809148378
3.342114545
3.212827023
3.775038701
3.20507016
2.722346402
2.843149366
3.154293495
2.8076734646
3.359984522
3.164429606
3.029204168
3.568475526
3.39258983275
3.485693762
3.853351317
2.994759032
3.527203439
2.744469317
2.128701976
3.063816424
3.232331112
4.122849317
3.56560207
4.0152443991
3.297969004
3.618799214
3.616314075
2.994914713
3.159390911
3.173939858
3.7631999
3.148650053
2.529918819
3.403061209
3.726440462
3.2871969266
3.762434041
3.192240473
3.716922765
3.531380714
2.747545389
3.22400552
3.0200938868
3.4917682717
3.5599573375
3.759390752
3.765593883
2.921310507
3.103394414
4.636549533
3.9587146952
3.3005178239
3.406710382
3.772034455
4.663010353
3.8445785117
4.375303806
4.276445267
4.5477427325
3.910763663
3.879511319
4.2439833864
4.396337353
4.3059155241
3.841068887
4.724233508
4.538565445
4.185602774
3.961344827
3.409296566
3.520090756
4.26403317
4.276933469
4.471731078
4.35834507714
4.633519482
4.340595743
4.032428396
3.445013972
5.308220157
3.80237173
3.855684473
3.863370671
4.611806828
3.6602630459
3.644670583
4.405155975
3.84072615
4.159385449
4.429233517
4.163075068
4.053020563
4.272593145
4.86604948
3.877438197
4.813207475
4.715759906
4.292636715
3.52848723
4.487698775
4.681267523
3.7674246246
3.72302675
4.028723115
3.385572695
4.719885934
3.779039008
3.750358001
4.034895225
3.878768364
3.99281778
3.820692551
4.072328294
3.888394075
3.9298512321
3.856142607
3.615473357
3.973145947
4.442764815
4.5009218595
3.797996317
4.663294454
4.1337380797
3.945158657
4.470217206
4.327127284
3.392290672
4.3983022135
3.7441867109
3.879030055
3.801533726
4.283521255
4.780197725
4.275228207
4.378550436
3.839624028
4.08205943
4.340921136
4.723802904
3.599704297
3.823308296
4.847796998
4.115817987
3.938880527
4.428838912
4.152075043
4.629414051
3.718152765
4.102089997
3.6635062342
3.3705728508
3.4970763278
3.3167978183
3.4824516158
4.2078240928
3.3160720568
3.1512728168
4.0175213078
3.8890338899
3.3346946228
3.7803979068
3.4684562428
3.7465373428
3.5130593478
3.9477453428
3.8475573623
3.3025334428
3.6891400958
3.6777245182
3.6231745173
3.7193248598
3.2434647928
3.1653336838
3.6912366068
4.5522588708
3.2898721338
3.2019086218
3.0972595428
3.7222253468
2.9078780278
2.9451979853
4.0331664508
3.8744414058
3.2205498548
3.2282169188
3.1020318308
3.3723578748
3.1099581348
4.0027174978
2.7518269858
2.6586300485
3.2053318997
3.4474115768
3.6200881495
4.0830248968
3.5186317931
4.1906118456
3.7144395228
3.2717056368
3.2045499038
3.8194946518
3.1152219828
3.6297689183
3.6431520693
3.5163447482
3.6787864448
4.6142809978
3.5104463772
4.4567812978
2.7415851168
2.7079991768
3.1482045568
3.8419180378
3.4540396308
3.4780704298
3.0929363774
3.6578930318
2.860058131
3.9370949028
3.4568407502
2.6632646388
3.8214339468
2.8461421781
3.1600870728
3.1165583237
3.9443741368
3.5255665382
3.8758875767
3.9714835528
3.5348864718
3.7796759118
2.9071316428
3.5609209708
3.7987756218
3.3538330348
3.0363807338
3.8325802874
3.282149693
3.2392960188
3.4814165488
3.8709063373
3.4195289878
3.3780636088
3.4161824068
3.6527957147
3.5401669568
3.6034257268
3.5157583068
4.0411338948
3.5419300602
3.55958143
3.789234255
3.62186089
3.504812975
3.542702845
3.77792073
3.821003543
3.75182169098
3.9489093867
3.465061215
3.490533551
2.646027715
3.1149233535
3.463358312
3.340852909
3.63807409
3.320300713
4.124696005
2.9096571915
3.358096045
3.885100465
4.060990515
3.65511178
3.932573335
3.490853665
3.706827105
3.031956925
3.731373325
3.491384685
2.564242586
3.576448941
3.276919563
3.58749221695
2.832050721
3.908243532
3.975503655
3.8447382
3.771031389
3.266821044
3.24685578999999
3.236193808
3.726079358
3.473917275
3.57438646
4.010534506
3.871073671
3.494981491
3.493932679
3.225229795
3.509600309
3.764073111
4.14734325
3.694001425
3.911820326
2.882756312
3.440739775
3.91312329
3.791060875
3.203943845
3.903676804
3.98577489
3.40781209
2.924006065
3.9439548691
3.2377984
3.11851705
3.06189471
3.898994726
3.318124505
3.281280533
3.078524595
3.591769515
3.472739685
3.573165287
3.727822615
3.636765889
3.348711955
2.962581185
3.42596767
3.701615205
4.071119705
3.454198655
3.514659805
3.284381855
3.592727585
4.265531415
4.004912275
3.334568146
3.517282615
3.536737873
3.463799827
4.074942091
3.402026363
3.5957163466
3.382412496
3.595367995
3.70918920185
4.389300198
3.47121243
3.9429327829
3.8597120548
4.2683319729
3.3620049629
3.9853870699
3.6161249689
4.3674369839
3.9594923479
4.3332736424
3.8957362399
4.1338242189
3.4936245579
3.7381547249
3.5053221859
3.9604734424
3.7237510369
3.9719416389
3.5955173703
3.9152863129
4.3741215439
4.1203782799
4.3233292839
3.8688911239
3.7127252448
3.5869615682
3.2073480449
3.6643155609
3.4041610181
3.8805019039
3.9734678859
3.5054410789
3.0678594289
4.0925142679
3.7669300929
4.0086803715
4.0694163099
3.4619908001
3.9811047129
3.9243246679
3.9320344329
3.7897523129
3.1815061289
3.2973838989
3.9234415279
3.5070652649
3.3437184729
3.8094496389
3.7003320631
3.4546872559
3.5712190579
3.7193707719
3.6206163591
2.9465684729
3.6034264659
3.1357526879
3.6557944299
3.9255630599
3.81199140790001
3.7647273821
3.6021942889
3.7134256471
3.1383652224
4.4406850549
4.2628235359
3.1692037749
3.2412271059
4.0515561889
2.7584529609
3.3892454349
3.8724028739
3.6634589079
3.9175980829
3.0342426019
2.9961142829
3.8025729019
3.4289468349
3.7846595559
3.8759256709
3.4292948929
3.7622764111
4.0206734389
3.8948167679
3.6018649131
2.9695269339
4.7166907309
4.0299581567
3.8242045739
4.1404782339
3.8682879019
4.3628972829
3.6879459089
3.9702646059
4.1881369389
3.5499251419
3.6101121749
3.6689693889
4.1373540859
3.7958198359
3.4457682919
3.5894905211
3.70067713
3.893674145
2.898355789
4.004836659
3.683046571
3.405881609
3.2368854
3.865469556
3.35920444
3.811854141
3.395347645
3.557869349
3.380445651
3.5523687299
3.103190406
3.149633524
4.03413282
3.178522424
3.869913007
3.301161313
4.571484153
3.06597972
3.308585394
3.71126002
3.337505962
3.490132254
3.689487309
3.2093544949
3.46422791
3.6335784495
3.9168211472
3.63344135
4.065330959
3.348464298
3.703515561
3.241480841
3.729558662
3.246578444
3.39287729
3.544546435
3.674114007
3.491066933
3.952903448
3.115535329
3.205180353
3.395680556
3.3336237302
4.230532031
3.61451433
3.5120523388
3.89323916
3.48198814
3.309728476
3.04509723
3.702610861
3.189574346
2.8935067
3.70207769
3.0907800783
3.844446343
3.130259346
3.628539149
4.1602361296
3.174375125
3.894444022
3.374233764
3.5367818289
3.270502933
2.831276454
3.447996734
3.597468639
3.409022969
3.573945715
3.062268123
3.449281912
3.160104004
3.99688697
4.040620968
2.8459526376
3.862938968
3.3447308
3.06253425
3.728504903
4.11335526
3.780355085
3.594395717
3.714212137
3.13886793
3.178636771
3.788773211
3.08544473
3.964645102
3.091284831
3.671654688
4.1684247136
3.44200204
3.2206525
3.227723508
3.129561884
3.63993217
2.734751864
3.316388798
3.494662202
3.41532937
3.107099271
3.695861218
3.516235372
3.3841751196
3.50987545
3.838189145
3.6221715047
3.7314520944
3.818483368
3.161376246
3.5734495733
3.442118934
3.061600871
2.878195216
3.010609124
3.103897179
2.97590752
3.493992896
3.10820689
4.034137117
2.928956894
3.238013976
3.45912843
3.444491753
4.023311578
3.143306754
3.464835249
2.709584304
3.355870142
3.2102966
3.762547021
3.145787481
2.873629746
3.883443801
3.209694585
3.156168864
3.850444924
3.365782864
3.802300515
3.267881108
3.551814713
3.617574279
3.014535275
2.850105844
3.618624984
3.782666147
3.365948659
3.619990321
3.838992563
2.998421466
3.018090056
4.062836124
3.047845467
3.350825184
2.7614729595
3.094737386
3.1387437905
3.210946796
3.094829464
3.149823177
3.950643296
3.474931934
2.86470157
3.774213822
3.574744764
3.981675124
3.834403774
2.491840816
3.69608318
3.2010624129
3.5399603418
3.476832364
2.911094274
3.506064822
2.961649104
3.647544049
3.457169608
2.2546016745
3.384645291
3.224627503
2.779305968
2.92253151
3.240347596
2.814619034
2.537113622
2.814714531
3.2232282665
2.7467033627
3.3773430137
3.225402598
3.797112521
3.3544514425
2.970307315
3.928799114
2.86851727
3.199391586
3.651550989
4.18989269
3.811961644
3.969517947
3.31200742
3.16015837
3.51635508
3.902966883
3.221452298
3.526723151
3.538624263
3.215954537
4.288341609
3.66090995
3.4920969354
3.834898694
4.018893051
3.760776092
3.809758953
3.69233115
3.79507729
3.43326294
3.5692736
3.482588271
2.99421722
3.1774070585
3.296102832
3.36697658
3.129628175
3.514615048
3.69380749
3.70691893
4.02921008
3.968945195
3.57856063
3.056231149
3.264200867
3.3082715355
3.69619037
2.8040133
4.00907296
3.445826698
3.590221578
3.434877097
3.867181775
3.99035445
2.77799476
3.76384791
4.169926763
3.842631943
3.747638148
3.207705526
3.36996603
4.283450399
3.066298211
2.932870842
3.017471705
3.61236746
3.62477379701
3.718415596
3.300361037
3.561218696
3.51076371
3.22797256
4.33681347
3.5592233
3.734983128
3.48743243
3.689435556
3.17186014
3.62880914
4.341686713
3.234294394
4.0258457
3.918395555
3.701668269
4.08361233
4.076499225
3.412546734
3.19968626
4.2362748105
3.883896134
3.72142044
4.15426277
4.260005325
4.36532611
4.0474366518
3.0853500624
3.347158734
3.30914949
3.78813547
3.44264819
3.591337838
3.1725435742
3.516279126
3.94804697
3.356949857
3.1508081855
3.259755849
3.829438339
3.084736043
3.295651803
4.130350203
4.2926702865
3.773721256
3.136547506
3.541040578
3.66052607
3.4826687645
3.784871523
3.954888891
3.875736368
3.196619065
3.477890585
3.100759198
4.211553952
3.865304546
3.543319808
3.457478783
2.81461955
3.912316621
3.49256894
3.561508963
3.475926561
4.031125865
3.596296426
3.875285034
3.686795093
3.791076136
2.970106113
3.83241792
3.2210387385
3.97070934842
3.583319963
3.620408223
3.480353243
3.687406603
2.807510874
3.352858348
3.679230211
3.923330098
2.88922194305
3.742999757
3.782146183
3.832473883
3.662306235
3.14737748057
3.625617363
3.566480034
3.263164789
3.966304124
3.919140294
3.510405913
3.255152970835
3.430236398
3.3139661782
3.556365613
3.635635415
3.667770828
3.565333013
3.838929653
3.612299611
3.5986688144
3.146991255
4.045453963
3.556928559
3.752502631
4.428894839
4.198076383
4.118923303
3.884740567
3.733382286
3.753387428
3.793553751
3.80087642
3.583041508
3.166238063
3.763095196
4.112985401
3.280451982
3.228807307
3.751956153
3.439507197
3.897923307
3.492171027
3.747590514
4.080641808
3.731247612
3.865614215
2.8436806787
3.995683763
3.493467709
3.6536335275
3.153965785
2.770083947
4.1051338991
3.7829307125
3.490405712
4.146087923
3.929682543
3.691381474
2.8344291864
3.084714813
3.929147742
3.696778152
3.572684806
3.446148382
3.19109116651
3.950792697
3.207535795094
3.250616082
2.697024496
3.278658482
3.767436452
3.355857173
3.151152932
2.876253056
3.029504075
3.569044448
3.76711818699999
3.499847411
3.376348634
3.255652378
3.115025301
4.044762278
3.705824818
3.2006215457
3.391340373
3.157520564
3.7896782654
3.161369532
3.8060677432
3.155650174
3.622540055
4.279205098
3.474446969
3.47622574
3.361658693
3.251025563
3.638619514
3.535636808
2.6692251838
3.1178391
3.04256533
3.101850307
2.771993096
3.604197959
2.920962577
3.287489087
3.297889052
3.170755051
3.211984158
2.966586404
3.3351524749
3.052286967
3.563890512
3.4576961854
3.374263882
3.093620015
3.570662337
3.874344672
3.160097912
2.910393372
3.041461854
3.852544194
3.5833744797
3.449523136
3.70260343
3.277789596
3.343344877
3.16117163
3.568167392
3.869263213
3.6714794175
3.123137661
2.964182104
3.220407075
4.134608879
2.684557618
3.088875363
2.94895415194
3.34463396
3.405605594
3.297791367
3.130708322
3.615130476
3.245978764
3.804832298
3.6872903428
3.999511251
3.2012811662
3.462651744
2.870861273
2.546029561
3.627183634
3.70134129
3.395156009
3.991367449
2.265867366
2.875679522
4.092106893
3.514823723
4.186768393
3.033908407
3.633303309
3.336103056
3.3359184319
3.716656213
3.366815251
3.928112443
3.185224997
3.78702287766
3.784051733
3.247638053
3.311975654
3.8678521836
3.781599646
3.89443504
3.816093523
3.95767966100001
3.117795225
3.122769356
4.031492825
3.9836029009
4.052867998
3.419299119
3.978452013
3.9823396
3.370378262
3.346016884
3.806547755
3.2466735061
3.774874958
4.0825212694
3.166093186
3.388230661
3.688386137
3.622673161
3.807309773
3.685311325
3.84662089
4.177995714
3.186975693
3.942846687
3.696371662
3.846190181
2.838781051
3.740745193
5.013687903
2.9711564223
4.099082973
3.715269223
4.708214247
3.589148537
3.471176547
3.303427842
3.676450457
4.074343536
3.027242592
2.668012341
3.625565362
3.338261136
3.645617311
3.5312386587
5.054031633
3.613143379
3.347254523
3.145084383
3.786929539
3.675736318
4.1136070571
3.592007673
4.077135013
3.688054013
3.633338395
4.132023638
3.344336783
3.256836444
4.118092343
4.078248676
3.420314032
3.683308583
3.687308146
3.5982981729
3.69891137
3.08675630761
3.795696034
3.675615993
3.161917133
3.998257566
2.866696083
3.679032303
3.3453075189
2.49682803434
4.380737246
3.271106885
3.871338974
3.026738053
3.7976626915
3.851552471
3.165403218
3.594550423
3.429988547
3.013488099
3.363118104
2.905115323
3.278828729
3.481194367
3.6027145409
3.493327616
3.01051328
3.115331399
3.392841551
3.702056694
3.866220492
4.0933456241
3.229315348
3.889150267
3.7209254728
3.297487397
3.626643377
3.439988287
3.616955031
3.1264606262
3.732583838
3.56964773222
3.183492689
2.887647365
3.323059069
3.069036476
3.460671197
3.642943026
3.051434648
4.142699771
2.63576916
3.6872034299
3.617992357
2.776923657
3.003670377
3.678585017
3.31902571
3.192192301
3.533140052
3.156402277
3.404858731
2.952240017
2.775929711
3.889099613
3.703456787
3.844390757
3.893952023
3.451997485
3.575217949
3.714719967
3.737820974
3.239331727
3.556926602
3.193309078
3.521427388
3.744751026
3.286872677
3.236724762
3.1868342034
3.392694631
3.173753871
3.565082616
3.032714527
3.251939797
2.833832227
3.917713169
3.143917647
3.632644357
3.199191037
3.354515838
4.322683594
3.416837697
3.420484297
3.4352523791
3.350674213
3.596823567
4.110117861
3.494426195
3.685131488
3.929774838
3.904473876
3.6570266883
3.665698142
3.665554616
2.7934113092
3.322072848
2.959452418
3.671614791
3.594465457
4.443403237
3.973473354
3.531714504
3.19081701
3.997023485
3.10196512
3.8593064593
4.290186239
3.316481463
2.97855844
3.87961242
4.244224954
3.542112063
3.191886615
3.857652442
3.777683461
3.590562983
3.155201584
3.0195638548
3.288118196
3.492499604
4.147782023
4.185580297
4.548393324
3.349040031
4.316109409
3.866268334
3.594435059
3.875960279
3.116795836
3.900776204
4.163792017
3.367203241
5.270144133
4.257012191
4.187656047
3.311469226
3.505781748
3.229796196
3.344151764
3.869652311
3.308635441
3.730109621
3.504295829
3.831260671
4.095337436
3.061067704
2.91063305
3.191109649
3.5954115812
4.028165911
4.087585249
3.927434211
3.49863858
3.811034809
4.265420039
3.846757989
3.604258073
3.946908333
3.056648907
3.700423193
3.639569274
3.185777852
3.511137019
3.494458154
3.792404479
3.017730696
3.280679796
4.332929167
3.389157871
3.473066821
2.9403476
3.520758963
3.887106119
3.5059426
3.27778333
3.607204647
2.937128174
3.405905429
3.509536479
4.055829261
3.480618221
3.694018376
3.152139307
4.160831761
3.864424802
3.383728292
4.01607544889
3.693123539
3.575897729
3.265693254
3.398330459
3.7223848962
3.018645892
2.951007476
3.34395335341
3.564028043
3.540836249
2.985703111
3.1079635915
3.522927914
3.318077439
3.833444592
3.896580096
4.364253819
3.881020549
4.227394191
3.52329226
3.808996558
3.989777777
3.372095643
3.5427268572
3.093097885
2.91094752
3.048318512
3.127622504
3.107072677
3.375785666
3.13140047224
3.11472759
3.672109692
3.052943241
3.20552958
3.967283744
3.303242134
3.783481798
2.921066705
2.928116164
2.73341489
3.286465029
3.445884131
3.769897239
3.36181914
4.0068804
3.053450501
3.15727089
3.703437247
2.937989814
3.288849295
3.666579055
2.998708096
3.287519931
3.146926557
3.907993805
3.252358634
3.514106855
3.146268523
3.799397456
3.102337996
3.225536164
2.954785917
3.6074093227
3.759028442
3.2758489286
3.920077946
3.391981895
3.353533945
3.216019701
3.371622924
3.95717514
3.413376728
3.971395843
3.6824548258
2.885686183
3.513491093
3.295822269
3.058380749
3.0850473
3.42424326
3.6441463212
3.465964481
3.325547905
3.30208184
2.97525122527
3.772699759
2.965233184
2.803905091
3.751399165
3.673637193
3.266171155
4.29656355
3.323665507
3.86959422
3.617524245
3.31617487
3.476291495
3.482943366
2.967885891
3.613521461
3.767895431
3.319647438
3.1047386545
3.484253072
3.243586168
4.063810834
3.7610828755
2.84465696
3.606039405
3.242708767
3.11927179
2.765557574
3.227887563
4.1330826595
3.811539765965
3.59958242
3.588109965
2.906326805
2.91458675
3.34750752
3.026886276
3.80958814
2.65845796
3.163386105
4.08423406
3.779692562
3.321504356
3.30513764
3.24269411
2.8651685427
3.833646958
3.487812807
3.575344528
3.413229721
3.215217278
3.846646989
3.213957922
3.240881683
3.29443921
3.140930667
3.335158814
3.36915711
3.88187559099999
3.256658886
3.64010698
2.759922038
3.857720078
3.463147312
3.399694876
3.387542266
3.69441408
3.101088921
3.733385847
3.60382326
3.86724542
3.59048353653
3.201330599
3.545259301
3.0875979
3.47054879
3.350814821
3.18883366
3.898506894
3.65008036557
3.39687233
3.91881163
3.3803952496
3.403099906
3.467775882
3.505571344
3.051135933
3.210641764
3.286899325
3.17379911
3.04472945
2.725104054
2.9609294846
2.41694749
3.412227009
2.995445802
2.635073715
3.860008098
3.56646807
3.431653545
2.947028858
3.0789803689
3.83508003
3.859820805
3.67593897429
3.246374894
3.21415729
3.095513417
3.99121602
3.11849218
2.8907927426
3.08896798
3.13261322
3.445018394
2.56783138
3.50081979
3.56561954
3.477651831
3.343970987
2.751346603
3.117075234
3.595488911
3.2520209299
3.085332259
3.060977915
4.0444312
2.78130415
2.95959895
3.825811782
3.71969623
2.824452537
2.8742969
4.1886643389
3.6088518068
3.809008878
3.051267212
3.491167735
3.0493467706
3.333322659
3.700057841
3.230220187
3.623964156
3.4996516673
3.402335867
3.6218086784
3.557625049
2.500672948
3.085973576
3.620891586
4.800858596
3.037117832
2.979710129
2.799053548
3.115789501
3.702417856
2.904973972
3.443313722
2.821705655
3.503056843
3.349606757
4.057025233
3.912755952
3.7966622011
3.597692058
3.147268639
3.231809366
4.1464340326
3.754579438
3.252173491
3.197035562
3.1485196327
3.284307772
4.164001865
3.248879638
3.201726935
3.509167502
3.693216422
2.919191279
3.063920602
2.520921117
3.909104119
3.60445549
3.434097302
2.984996766
3.321356886
3.662860599
3.345752304
3.76144651
4.267688528
3.647546157
4.229444433
2.877050098
3.063348718
2.962554655
3.768824172755
3.838266376
3.435772508
3.293048328
3.600804669
3.444132472
3.238343447
3.420090202
3.029984332
3.428432762
2.992370848
3.045723353
3.895154159
3.276215132
2.958256772
2.971249338
3.187322502
3.232210048
2.945110063
3.289479807
3.156839559
3.072224154
3.746724187
3.9586776053
3.1591635
4.24980486
3.543803266
4.025834089
3.6934614504
3.435007579
3.065660718
3.849981729
3.354243072
2.664216792
3.442082244
3.228700632
3.912444116
2.8275644054
3.748269501
3.607972192
2.926096719
3.7384601134
3.568044243
3.243271874
3.211306503
2.80609691
3.214434673
3.875638635
2.678947017
3.504242619
2.8427170571
3.473783682
3.185129283
3.66802145
3.181576819
3.390217973
3.5787938
3.024733013
3.279685343
3.360581206
3.042157179
3.13333496
3.18018221
3.95245718
2.97734117
3.292050506
2.843987408
3.372693239
3.320971283
3.0012018813
2.8396624
2.8936960941
2.9740283991
3.7420970038
3.069492125
2.978895051
3.29135979929
3.9741167569
3.595740121
3.136235329
3.355499709
3.37797367
3.174239449
3.543581811
3.650771203
3.51710246
3.336147602
3.338813087
3.400982449
3.51484091
3.557724988
3.756356762
3.256866523
3.39104834
2.474562655
3.6101571388
3.15726492
3.09121741
3.795948136
3.359138281
3.4038991212
3.170152446
3.2559191746
3.41391681
3.139790788
3.40710789
3.454775875
3.281417362
3.219011179
3.012158317
3.219785405
2.611475815
3.243844623
3.277486002
3.030710806
3.594737626
3.564128158
3.127913888
2.973535036
4.609221698
3.2776017
2.959067914
3.5062808461
3.682906722
3.440218856
2.928567483
3.010653806
3.6090544959
3.26860207
3.291425796
3.01795828
3.564025522
3.07586907
3.7431291684
3.90806576
3.39929479
3.19204714987
3.432139391
3.307752686
3.100167529
3.449100907
3.693785436
3.740849566
3.3684968838
3.1505790216
4.0543586492
4.149415237
4.354425633
3.687930635
3.501597367
3.6292448629
3.57749418647
4.119459992
4.226405563
3.8966345687
3.675895966
3.725327663
3.5280086461
3.581327593
3.617758375
3.256238643
3.102775293
3.947641128
3.692535327
4.4315933191
3.937084026
4.388988545
4.749108493
3.561759397
3.256659389
3.976804617
4.228940157
3.89541152
3.068479135
3.352152512
3.1743798395
4.2048581203
3.472757414
3.62842405
4.149817162
3.367287876
3.6120669798
4.06857702
4.411650539
3.83432202
3.6321816587
4.040807588
3.519469744
4.260174965
4.333989427
3.213545965
3.557245709
3.805686962
3.799406709
4.202923349
3.731681443
3.469114182
3.845130744
3.0347178467
3.829788075
3.829365804
3.899092447
3.762824204
4.454703397
3.71869125
4.3392905244
3.87263744
2.891690273
3.467222007
2.747276172
3.80133918
3.549685683
3.168852642
3.867326178
4.0826521606
4.022818603
3.1761906
4.049063815
4.198266167
3.754893309
3.839211257
3.570604912
3.594698873
4.056741345
4.076446117
3.511007643
3.037045031
3.372121631
4.196588784
3.268166455
3.502179841
3.840537225
3.549933203
3.729903544
3.519753986
3.894642803
3.9284725755
4.343458537
3.550116497
3.246456243
3.0700443682
3.1157578343
3.4648341213
3.4034552173
3.1532387623
3.2123721757
3.5126493573
3.8213158403
3.2757718557
3.9156256043
3.5129528257
3.4048482713
3.4708093803
3.4293216257
3.3144426043
3.8514164287
3.61144697595
3.8120462063
2.8433738864
3.5935994937
3.4050003757
3.0266292623
3.9722554937
3.3733844283
3.9530735221
3.251276589
3.1107495023
3.5857920923
4.18590547204
3.5726711433
3.6248628263
3.3887477263
3.7576683353
3.2658200592
3.1795206483
4.4104563361
3.5844844503
3.1829033274
3.4929068467
4.3539698413
3.4799098793
3.8776161783
2.9755012115
3.2759419113
3.6064525002
3.5968577503
3.2947394653
2.8157593787
3.3602394793
3.6028123074
3.4417999123
3.8325043403
3.2431751777
3.1001773124
3.7228071933
3.8184298197
3.6846728208
3.3417864103
3.4070383038
3.1409318943
3.4353116451
3.1916007453
3.4779697121
3.3217268503
3.1957367997
3.2607610203
3.8578288887
3.3700259243
3.2769015017
4.0840546933
3.5076038723
2.8853376557
4.1501272097
3.2379132153
3.8233887823
3.3138338997
3.4549115403
3.5150737873
3.2041346103
3.3489407213
3.4328169074
3.5571501343
2.7988674703
3.3358931783
3.1685815993
3.7414849367
3.4799835079
2.9506199653
3.3814050203
3.4184691037
3.5945010831
3.5698169383
3.9028655507
2.9119344403
3.7589542203
4.0081152233
3.5491959477
3.9149577417
3.45085987284
3.2681695453
3.494494636
3.223394896
3.167405162
3.046323803
2.853140024
3.429717269
3.530304941
3.351190007
2.623616651
3.64147642056
3.014562109
2.870407107
3.275035065
3.406916945
3.756546001
3.273337561
3.085906602
3.22546287
3.702758859
2.947067511
3.429038465
3.188177335
3.260846708
3.227689617
3.075020966
2.573637708
3.7755452507
3.13347510043
3.154168349
3.235358029
2.605069895
3.3782153248
3.1815198101
3.275326787
3.173862319
3.522067362
3.337534757
3.276880516
3.288921246
3.345538409
3.532525986
3.242906749
3.18489567
2.911232456
3.447211799
3.220124407
4.193528815
4.103153442
3.307513796
2.9979877197
3.375486379
3.255395228
4.0294152407
3.398692559
3.29908849
3.3291089887
2.880068701
3.041045083
3.073170304
3.078438611
3.392445549
3.069306917
3.467372514
3.69450708
3.374107502
3.316242441
3.565261894
3.2981434043
3.280714373
3.093643731
3.299031939
3.578389421
2.868069254
2.941636663
2.959176878
3.3686304498
3.132392264
3.268214509
2.911847838
3.527082884
2.892039476
3.435143058
2.984814379
3.092396416
3.282518698
3.324374302
3.299313853
3.805054011
3.846593091
2.867214584
3.315859839
2.987338859
3.164766636
3.868449507
3.582443204
3.503382502
3.325160811
3.2776109577
4.26506795
3.511913227
3.90775204
3.8654909
3.83601068
4.2092006919
4.1445342
3.096655811
3.456447511
3.932640047
3.716912753
3.583552817
3.955125378
4.17355193
4.66750728
3.455672838
3.75307377
3.363486039
4.174293126
4.425288029
3.059067771
4.38515602
3.56204521
3.537777945
3.739991669
3.66928024
4.1805949309
3.790646954
3.83675275
4.024266238
4.27838004
3.928163664
3.655442966
3.459354628
3.6958287394
3.841737591
3.17600528
3.81365508
4.269647826
4.08471781
3.196439411
3.555923957
4.8475313236
4.06845734
3.645054827
4.24967016
3.22375767
3.942335732
3.72269786
3.863534854
3.388774789
4.23789098
3.773688814
3.98464567
4.6182489434
3.362932462
3.95205473
3.810311983
3.590078881
3.965601731
3.811209285
4.1273376012
3.53892796
3.564062189
4.039863285
3.872717546
4.0649017
3.2970323
3.92012221
3.464841239
3.86579651
3.86579382
4.35065149
4.098462638
4.1457689346
3.58263276
3.6327676476
3.5536493
3.22150509
3.997941074
3.98225841
3.3761312
3.366859877
3.857358981
3.38693011
3.453188343
4.222789558
3.335361599
3.5409846892
3.5297166536
3.601426297
3.585640459
4.005854593
4.374524627
3.92724815
3.832293121
4.500054119
3.776516809
3.840958569
4.216224602
4.135070292
4.085563807
3.920776847
3.564951032
3.342716484
3.437380067
3.796052157
3.547579164
3.138435798
3.4814319556
3.759689434
3.252126423
3.083448303
3.896103119
3.400964873
3.327564315
3.728671873
3.230490043
3.969922627
3.722020767
3.734952721
3.498811468
3.745572373
3.065521388
3.510705157
3.337323457
3.188058145
3.545386857
3.368830873
3.379760245
3.392069256
3.617010708
3.491772797
3.375447797
3.873737993
3.5231959823
3.405388787
3.588865803
3.89147967
3.710631797
3.785733128
3.850856852
3.350498858
3.793063602
2.870673338
2.768281986
3.485124231
3.548665207
2.908375943
3.837140502
3.4457358274
3.4623775503
3.225870017
3.6910167639
3.540066104
3.798225477
3.332304184
3.682786447
3.218571533
3.423491637
3.207453872
3.266154557
2.633005449
3.793328997
3.2467720459
3.069818073
2.984354974
4.024214517
3.813613183
3.883022632
3.359941912
3.297357578
3.386711202
3.389179472
3.060667903
3.462603132
4.291322497
3.550062712
3.238656698
3.26063539
3.471767199
3.654861261
3.782309252
3.339336154
3.379745388
3.150357463
4.358922817
3.7123826952
3.505414588
3.500661707
3.290487435
3.228694897
3.660030497
3.5920432268
3.596980884
4.157449455
3.914522816
3.756081727
3.475363067
3.25682044
3.579782786
4.3451700084
3.770808695
3.047564632
3.850600707
3.096219833
3.444217325
3.591927025
3.782725612
2.799695655
2.797281597
3.717863935
3.503113923
3.314118235
3.258081273
3.404183746
2.789758865
3.687478334
3.18706852
3.505751031
3.485742205
3.138338266
2.874005561
3.216415863
3.636031935
3.422459917
2.875357355
3.487242192
3.531341667
3.085890925
3.200335408
3.278387729
3.259229522
2.891613415
3.249742955
2.485693325
3.4478150612
4.204292955
3.006454185
2.887177545
3.139171616
3.553278546
2.7804059557
3.397931985
3.284265845
3.548601552
3.259633595
3.902420214
3.974815105
2.829865235
3.220828545
3.064002255
2.954131213
3.120767776
2.968243405
3.318042286
3.187051829
3.275433716
2.510294683
3.4181952504
2.795868269
3.312550069
3.425169515
3.3122690805
2.925205565
3.354783555
3.470495899
3.574256475
3.263930525
3.15017921
2.810098755
3.794734284
3.295927756
3.724131764
3.378552864
3.269503896
3.078743492
3.531057678
3.787425255
3.512253505
3.420730857
3.877445271
3.708836213
3.648943615
3.201509296
3.341920438
3.028948125
3.147699385
3.216141911
3.248702733
2.8105695437
3.538475229
3.361834775
3.4853427206
2.994539235
3.253904772
3.502129405
2.766665865
3.755245355
3.174120055
2.961566032
3.625572385
4.406775823
3.44531958724
3.578656132
2.912009849
3.427987814
3.330754066
4.2688964
3.573791286
4.0680291608
2.970611453
3.214137087
3.973972878
3.545513587
3.184911241
3.532596609
3.751744264
4.062020521
3.459677597
3.04643991
3.4695959226
3.768710875
3.3075208362
4.071633159
4.1334854497
3.651712374
4.108511819
3.93311106
3.444681611
3.391563847
3.44263492625
3.57436322
3.303204444
4.06611556132
4.235097358
2.9122256983
3.374886121
3.730902033
3.08045509
3.811906814
3.082850189
3.290622679
4.077085313
3.664883264
3.744222223
3.277660611
3.810951593
3.748596204
3.023780023
4.288203694
3.749361285
4.509919406
3.963816534
3.816962632
3.151746485
3.477606068
3.645314488
3.388948782
3.836205697
3.299097071
3.561194517
3.626537059
4.707663105
3.807660611
3.401496372
3.495969436
3.778963735
4.117908623
3.041141299
3.580312093
3.6142319746
3.452700754
3.5121366083
3.43480547
3.393095624
3.628642183
3.671924874
3.599521666
3.516085996
3.714685586
4.002386254
3.7551881072
3.677921956
3.393738624
3.388173275
3.633801704
3.434876172
3.579477594
3.52823477
3.884242187
3.977172456
2.89932814
3.519675114
4.180830134
3.063360114
3.666617132
3.387273476
3.030081814
3.253127764
4.556487715
3.135530796
3.383680479
3.580362255
4.050208751
3.960044201
3.518160732
3.401961555
3.860189031
3.5494017602
3.871059444
4.40647133300001
3.757012515
3.638654301
3.467427754
3.419512309
3.156977717
3.866993794
2.841276549
3.784144104
3.624058971
3.221451883
3.7935054978
3.383262209
3.090292498
3.245751741
3.75559550200001
3.586054995
3.166688889
3.40081398
3.057363993
3.344203325
3.84012118403
3.462372699
3.687521385
3.284785488
3.978834691
3.289940111
3.131129771
4.061493839
3.7400767489
3.496358164
3.298963453
3.313536679
3.628427645
3.590974547
3.311081561
3.817981543
3.706788807
3.212748836
3.379287064
3.524136553
3.653403187
3.747661721
3.360143246
3.072003884
2.802648469
3.366374212
3.406391409
3.528401818
3.076498451
3.49598155
4.323028462
3.336307152
3.543470661
3.617509649
3.197650211
2.9384801476
3.607480097
3.2259734453
3.402474713
3.610670381
3.926480773
3.931687438
3.075119985
3.573544539
3.460705679
3.380865056
3.128737478
3.148693856
4.270876749
3.85188113
3.657410913
2.92139859
3.560867418
3.326928598
3.6771433216
2.8131766393
3.315639431
3.310305734
3.517188201
3.2816832325
3.945708543
3.405744458
3.761947523
3.8427251871
3.14863504
3.386298824
3.659189649
3.423778629
3.911505434
3.922649724
3.863861553
3.5189224478
3.78178023
4.304860372
3.58452746
4.0505960026
3.218922977
4.341460597
3.442695281
3.965363486
4.45662141
2.979831799
3.220376219
3.830049004
3.376966608
3.72960119
3.515932732
4.014247172
3.772850289
3.467954453
3.689699949
3.641413672
3.7743526
3.879700979
3.535065058
3.559312376
4.30164233
3.535401916
3.530741783
4.0371146818
3.7287547833
3.212434073
3.77778647
3.40150345
3.098895061
3.035287997
3.785372808
3.198173403
4.1236069523
3.877913686
3.522960686
2.578085857
3.339493843
4.002401286
3.363860413
2.980994425
3.383035584
3.72751594
4.0979858567
3.5010743435
3.853503581
3.577344447
3.492463266
3.806644317
2.9191445
3.916243788
3.85280643
3.803423011
3.934865515
3.307426364
2.95739283
4.139177905
3.547347793
3.7324032068
3.96103165
3.8133169042
3.6089995035
3.73593579
3.4177449937
4.19623273
4.258116065
4.267537058
3.54868712
4.15887455
4.413022426
3.18238496467
3.634117154
3.594402158
3.887931781
3.68808983
3.182513743
2.689387172
3.56990169
3.610711598
3.879989952
3.7853230901
3.102088674
3.272715453
3.370918865
3.2856353434
3.807384539
3.6820471351
3.274733464
3.00124665
3.697972696
3.46832321
3.1646847659
2.980932841
3.293564595
3.535479917
3.714822149
3.863940248
4.345616302
3.753050734
3.411020141
3.382284213
3.752008975
3.020141009
3.846730511
3.843186369
3.155725757
3.411350189
3.419279176
4.152974493
3.841339316
3.788804167
4.081402634
3.5088175038
3.991789269
3.867563153
3.572283802
3.8371766932
3.8356632055
3.286835599
4.030666796
3.529902591
3.566555507
3.664167658
3.778428775
3.75665674
3.511661713
4.082698103
3.279797749
3.872098377
2.687561529
3.794981941
3.809875633
3.684095234
4.046786667
3.641475156
3.043054319
3.586411555
3.47922348
3.326437043
4.493466736
3.51842597
4.033912991
3.974629683
4.443804618
3.8027193319
3.815357807
3.433630188
3.704380714
3.618811317
3.722033128
3.767086679
3.785221257
4.244674926
3.766788012
3.900721372
3.371663428
3.973307827
4.1422696838
3.729332434
3.559787295
3.7511946693
3.678741003
3.681155909
3.881151636
3.4068944728
3.738547858
3.760738355
3.6856213001
3.093220992
3.638938803
4.045618623
3.635797624
4.462572193
3.11713932
3.740974175
3.485826481
4.385938649
4.088957382
3.178451143
4.367934247
2.870297515
4.100729323
3.895868648
3.66195731
3.289121734
4.013715161
3.6548083472
4.037171738
3.948704895
3.227566557
3.332424548
3.922755807
3.856097582
3.630362242
3.878395823
3.3932898012
3.616522114
3.569321659
3.756646647
3.577325074
3.890960904
3.916599879
4.1820333305
3.415520946
3.350863543
3.451482416
3.770708004
3.826398747
3.148842736
3.634566441
2.804505986
3.97851545102
3.245497932
3.346426372
3.793197094
3.607337498
3.18807815
3.492966982
3.375511994
3.734836177
3.784259329
3.086195064
3.478385994
3.914594644
3.553100954
3.3628180505
3.955442094
3.637886654
3.499858103
3.353253754
3.491522962
3.826048591
3.8654052486
3.354975631
3.410696045
3.126904514
4.114600324
3.736193595
3.661834446
3.750381314
3.792779302
4.029799278
3.959507724
3.47802032
4.198328275
2.928432414
3.809335275
3.615948524
2.917389623
3.887215264
2.789845958
3.774903629
3.704781736
3.297121014
3.463702044
2.8010659762
3.805955921
3.472936534
2.859416314
3.86438141
3.262982575
3.338092444
4.245567818
3.724224362
3.456433291
3.131514134
3.658398834
2.555659336
3.574294196
4.004548134
3.538881734
3.662373064
3.92380426
4.016227484
3.199468522
3.325166784
3.943160613
3.391359853
4.088962674
4.4154197
3.637435399
3.635436354
3.484386304
2.979628664
3.943131955
3.563080684
3.394094827
4.524686198
3.766911699
2.838171544
3.10737133
3.260746804
3.829685843
4.355415212
3.441059924
3.7822071
3.534125392
3.06379945
3.534720256
4.043140682
3.193931486
3.83760731
3.36119094
3.192135413
3.7807482783
3.459215959
3.93914356
3.998357501
3.6922100493
4.04424858
3.74593584
2.683740258
3.91303868
3.578315801
3.816262197
3.23012069
2.705072682
3.333224839
2.874732915
3.14256002
3.297748
3.22543059
3.557111108
3.214042064
3.477765891
3.49305543
4.259663305
4.101853554
2.934494674
3.164510729
3.467679343
3.362515289
3.967696588
3.964125348
3.72708233
3.116286649
3.840730885
3.37761833
3.100576826
3.71402859
3.5860409149
3.34041213
3.69637842
3.95018127
3.90384347
3.7704829462
3.530023
3.30282213
3.734273963
3.213526317
3.61393963
3.512690654
3.891431872
4.12828586
3.9788159302
3.821686853
3.420227706
3.076898166
3.934569389
3.79377633
3.060774235
3.9745864913
3.447943792
3.08796271
3.689364453
3.90513765
3.5017522319
4.48802471
3.51035644
3.0926783
3.6088913502
3.6943656027
3.4629758854
3.60960332
4.34416211
3.546530623
3.573998371
3.261307753
3.545325797
4.07545721
3.69658509
3.15428223
3.744184124
3.620678556
3.431386282
2.966609576
3.085950862
3.63662873
3.423695862
3.872705122
3.86732798
3.571661333
3.810475172
3.882288676
3.47437034
4.098794824
3.714384533
3.210122344
2.841866941
2.765026087
3.363725343
3.269855425
3.486170068
3.164883304
2.874876411
3.695266396
4.091581581
3.644052334
3.407337925
3.284844224
3.176641514
3.3995957665
3.417677014
2.853500964
3.078556391
3.5677796
3.689409576
3.223752306
3.557383775
3.042061014
3.28291597
3.766044298
3.154968113
3.311922644
3.56358976
3.652153084
3.4421391364
3.550735114
3.3488010274
3.027420773
3.30097884
2.80341636
3.077745374
3.881203174
2.925081054
3.427201073
3.786551097
3.158836738
3.526088639
3.717295574
3.6323390435
2.947454372
3.845848533
3.066260055
3.443436141
3.170964505
3.625442757
3.509782681
3.068123478
3.578073326
3.421658429
3.328712268
3.347574684
3.768715541
3.34587699
3.587262901
3.19622034
3.176179036
3.474290108
2.8025709633
3.207762078
3.104525749
3.441452484
3.29371593
3.3153841849
3.420478611
3.782110507
3.018469674
3.409154944
4.063079218
3.60700634
3.960484883
3.803967754
2.865477344
3.825309271
3.605661765
3.682154348
2.934670074
3.317028324
3.184479309
3.581675204
3.0167536901
3.308008694
3.695375547
3.011467353
3.866662789
3.955189749
3.2633723016
3.308747105
2.716766986
3.37889644169
3.38778591
3.650378567
3.412189256
3.663026627
3.390630678
3.456771981
3.588900034
4.022945047
3.541863475
3.3661349283
3.713520361
3.634420934
3.295537498
3.489033781
3.146121001
3.691604791
3.196045566
4.118642239
3.890580249
3.112410672
4.060140831
3.849873878
3.727590198
2.675436736
3.932781381
3.665281413
3.147728721
3.142498758
3.758208691
3.809991265
3.946654037
4.033947076
3.226590969
3.551515319
4.170907613
3.42941704
3.2340503125
3.769693995
3.847898806
3.6870100502
3.216755235
3.479967193
3.594747043
3.154471922
3.443741953
3.514859668
3.276605589
3.9638010383
3.28088378
3.767969252
2.882416287
3.263753742
3.832130141
3.7104406678
3.636925354
3.7960659444
3.280147791
3.5216513
3.783920509
3.367485381
3.468547361
3.507493501
3.800073301
3.6303838945
3.578039343
3.68183107
3.994215586
3.719847302
3.669207011
3.772125791
4.129397691
2.924455421
3.370451447
4.160591253
3.412084538
3.6132462038
3.753865251
3.008841571
3.404483868
3.55025804
3.863866027
3.47597209
3.871105837
3.541992652
3.486125796
3.479190919
3.903717743
4.205640627
3.4471173152
3.724660406
3.479494252
3.550162907
3.812882944
3.397504904
3.912138066
2.8949370372
3.4102302573
3.303149438
4.263315792
3.486027223
3.9455149222
3.949137361
4.015883731
4.001512371
3.738215463
4.0109132581
3.340293736
3.633252632
4.002953114
4.05993282742
3.615883699
3.958010707
3.3541458297
3.249674766
3.68142483
4.202686052
2.965154484
3.88407162
4.233221519
3.786857547
3.203549769
3.252535089
3.921018649
4.055911669
3.483011582
4.25497736
3.438523372
3.105062151
3.18781112
3.092735319
3.736499429
3.904541197
3.651828941
3.544283547
3.538664699
3.631125686
3.896267637
3.553845822
3.454386577
3.915087762
4.08511621
4.123019081
4.537783869
3.9869222071
3.5193724295
4.612221849
3.502532039
3.336575952
3.204713043
3.348193912
3.3834522571
4.039972898
3.7278164017
3.998608697
4.270716011
3.454795816
4.028003404
3.887025472
3.494578033
3.286355813
3.271646032
3.549800685
3.734365619
3.9883228739
3.938260083
4.613590928
3.9623174123
3.653338976751
3.957516
3.459060805
4.939696954
3.819022349
3.7491125191
3.539732288
2.974489343
3.605498082
3.443965685
3.515919053
3.261041305
4.0550345341
3.4033199385
3.39698648194
3.328166319
4.137659805
3.909491865
3.873217316
3.838008774
4.247620661
3.604076476
4.611209237
3.989082523
3.489060018
3.719040079
3.752662369
3.494477434
3.736530487
3.637351248
3.376094399
4.053583776
3.978892107
3.158924818
4.1720078743
2.913373699
2.994782602
3.7899859111
2.905697106
3.604269993
3.52509444
4.048284539
3.350834361
3.574671787
3.204563653
3.280052727
3.173367987
3.482212949
3.527991505
3.90539693
3.200601705
2.988539928
3.4082150126
3.633177771
3.043044459
3.525516405
3.478351033
3.683591095
3.313700619
3.733650137
3.59003147
3.539289096
3.8671853181
3.279280074
3.90668945
3.242176953
3.979174917
3.7339978433
3.233062837
3.636079325
2.640312306
3.017459767
3.873693705
3.54110107
3.759920156
3.984344101
3.583278332
3.457057166
3.861088752
4.264820429
3.388390118
3.532717329
3.5151431772
2.857813906
3.334146165
3.48721537
2.451728726
3.522677629
2.576750169
3.22943647304
3.882949205
3.69398376141
2.627461381
3.6261665736
3.102420271
3.150852017
3.924648294
3.4379888234
3.27084393
3.0179030352
3.502503293
3.8310453059
3.522209891
2.80167046945
3.33235087375
3.922877014
3.124419599
4.42261667
3.526939703
3.12248422
3.6562586459
3.43197585
3.477326409
3.640554933
2.987387357
3.3391448675
3.099694025
3.254960297
3.427783495
3.597045474
3.2051798308
3.548413425
2.694603846
3.08535722
3.41427537
3.514557458
3.329693039
3.332455293
3.009390559
3.28186940289
3.504805209
3.624626159
3.872617849
3.465416921
3.3050686495
3.38288602
3.5866746135
3.083036846
2.9171741786
3.306383578
3.248064203
3.657683157
3.663760949
2.973437723
3.481838318
3.0562341983
3.070958841
2.556664564
3.256905833
3.375185277
2.711369339
3.06586845408
3.036880481
2.882396255
3.697134607
3.529247357
3.613285847
3.183773557
2.889312753
4.078835647
2.788421008
3.272129648
3.083080157
3.383898783
3.52358237
3.02638896937
3.46052252
2.636857937
3.439824563
3.37763597
2.921487909
3.140942897
2.992808181
2.403852112
3.268732567
3.254082103
3.710647323
3.268433347
3.272220348
3.246285013
2.952261837
3.1992266432
2.903523685
3.431721444
2.899240774
3.435535113
2.89621991
3.064861559
3.014049089
3.469710437
3.12211427058
3.367869277
3.086856873
3.182438831
2.928717273
3.47416472
3.145536041
3.258000253
3.273402337
3.008297753
2.764689846
2.686215405
2.553744463
3.242803394
3.373533737
3.501706218
2.953695423
3.563433229
3.168055826
2.832093306
3.148180417
3.302590308
3.357444889
3.183638352
3.159669437
3.263363937
3.408877303
3.0322955602
3.1899501137
3.809419535
3.175097553
3.062373837
3.375391246
3.353327162
3.162673057
3.08490685
3.738015387
3.1431689067
3.116855413
3.618040582
3.464060463
3.013580387
3.337989352
2.93929704
4.02475065300001
3.230390148
2.428954924
4.237729712
4.251190699
3.7789496305
4.068394803
3.753519735
3.47239386
3.1477693303
3.842075562
3.942686313
3.646677736
4.365208793
3.527650097
2.900241937
3.8304627015
3.472779027
3.346172653
3.585888334
3.093761534
3.835576762
3.949267957
4.206168487
3.958553807
4.267870292
3.817202957
4.119782652
3.619263096
3.671508171
3.347161093
4.056358406
3.859726028
3.671074077
4.329245167
3.517501747
3.415587867
3.845427307
3.767036432
4.504280845
3.198747206
3.978836278
3.296896053
3.808523097
3.379858652
3.4954315669
3.684418843
4.071450356
3.64107651
3.738179368
3.231477447
3.711025724
3.90868792
3.711581881
3.1838003317
3.7880963444
3.764048767
3.467271512
3.682471851
3.571938178
3.421244381
3.877051897
3.812138904
3.699094491
3.32724645
3.611224907
3.531775026
3.675324417
3.75112529
3.673058137
3.490421518
3.135472095
3.431213293
3.80166076
3.164819503
2.871499714
3.361046471
3.582115118
3.566082598
4.093671488
3.1916359493
3.565503643
3.511915669
3.6929562
2.892415306
2.938719086
3.63695297
3.332740247
3.355439563
2.805754412
3.560223415
4.236846083
3.406103772
3.978390338
3.615426855
2.999923302
3.913770527
3.395351508
4.2785231553
3.618636443
3.883320895
3.337089882
3.414108693
3.7097337624
3.36697402
3.8171261
4.27416315426
3.09356726
2.83137759
4.092693397
3.2024918
3.632650805
3.378893206
3.674676854
3.629108636
3.4496612852
3.65143375
3.3233330834
3.22865245
3.45629973
3.743795595
2.638572416
3.39734186
3.70407858
3.77991388
2.41864332817
3.385573254
3.9049611351
3.29480871
3.4867642
3.1111729502
3.044628522
3.025205291
4.017075264
3.325269382
3.390633007
3.4646312144
3.41860843
2.8939436778
3.76060426
3.378250962
3.03707619
3.349056857
3.65295261
3.090768898
2.8468682
3.762496209
3.720160003
3.343697524
3.551541625
3.3109295622
4.073964945
3.369810611
3.41895369
4.004640087
3.287155042
2.525282997
2.786782574
3.350998511
3.3404729524
3.083093892
3.744317007
3.3018894199
2.658325402
3.280739297
3.64292869
3.191141783
3.425211101
2.990753802
3.195889365
2.8381985517
3.077599041
3.45281552
3.799676633
3.987862774
3.624900912
3.28996856784
3.8879549059
3.835212461
4.642393473
3.07517344
3.3471741255
3.689179633
3.74793331
2.7744931673
3.169995517
3.659664282
3.5206259103
3.819757571
3.309142673
3.076327345
4.014774753
3.623486607
3.628979127
3.099568114
3.191318049
3.78888374
3.333468017
3.43218129
4.104146343
3.593860753
3.702780344
3.04992538
3.40774073658
3.393962708
3.272770722
2.694380612
4.346020398
3.212880203
2.779404112
3.510755288
3.722564758
3.475908083
3.418256612
2.963175182
3.402674972
3.43800515
3.363695262
3.552078982
2.4206437
3.398586132
3.2097429691
3.040508135
3.024872242
2.976075611
4.153425943
3.302332752
2.746288642
3.609788132
2.717652182
3.513048662
3.265426777
3.150785686
3.877620922
3.3165963
3.713098015
3.245844543
3.009748524
3.875173814
4.132433109
3.3823456313
2.925258322
3.672081421
2.726918802
4.003353252
3.427850722
3.264777648
3.295585372
4.04853853531
2.755948652
2.890272571
3.003765069
3.710106504
3.834638972
2.787569021
3.354312602
3.633223418
3.144632776
3.96980911
3.136605889
3.439343842
2.85505383
3.472611779
3.886402604
3.715454104
3.821503038
3.669764852
3.432263376
2.902082347
3.1016825551
3.8841118532
3.151309612
3.627031672
3.282457081
4.1699800782
4.13411041
2.993830457
4.242397362
3.711870268
3.35619867
4.196594218
3.355211518
3.732189195
3.790402311
4.108864618
3.247583296
3.509242258
4.0863570741
3.5629040869
3.067759752
3.589595818
3.775142722
3.947947062
3.525317502
3.836443137
3.436922269
3.44725466
3.830204203
3.69597137
3.346937943
3.249805042
3.380728512
3.496800768
3.383119305
3.452552781
3.865662291
4.094406996
3.512374529
4.255839141
4.330347723
3.283930257
3.798524531
3.072642385
3.9513442957
3.687610703
3.698443933
3.2016582776
3.528512628
4.283913888
4.142355945
3.81211802
3.315741335
3.433952525
3.313090943
3.131614426
2.827372126
3.515729333
3.51237086
3.954703962
3.472412771
2.912819003
3.548540818
3.417514355
3.158330445
3.670443216
3.58305290171
4.540944955
3.636481257
3.379458693
3.658602232
3.893687607
3.665678241
3.137050649
3.812738215
3.482551471
4.217502979
3.448515778
3.9923343285
3.345005265
2.613273945
4.0328742691
3.09872744
3.330363734
3.420685094
4.0827015073
3.880813204
4.075908171
3.813217705
3.286859891
2.9794126741
2.85318201
3.600647893
3.672793774
3.849217816
3.4090230952
4.611145987
3.950919911
4.540847784
3.189262366
3.490728233
3.6809714263
3.008054825
3.7250314153
3.799918121
3.808587206
2.929983387
3.342372206
3.725400393
4.383916701
3.222118855
3.645635503
3.59048300636
3.7139664883
4.226978992
3.821626925
3.178730716
3.161966445
3.622655654
3.339268859
3.5938477966
3.5172577
3.387811984
3.30912774
4.212276776
3.186272806
3.872551877
3.700954079
2.918248981
3.340428028
3.973530166
3.457011921
3.532922725
4.070757848
3.7853631766
4.1925804406
3.4425922266
3.9885363696
3.3469910976
3.5298958026
4.46307236436
3.8464234616
3.8656195746
3.6470955196
4.4988147576
3.6095248876
3.6583080844
4.0384182316
4.0022687584
3.4397855284
3.7855217976
3.6572260754
4.2425199484
4.0774083284
4.0122781044
4.2389288616
4.2500451814
3.0651192446
3.3612124234
3.8094904486
3.4670564484
3.7270499196
3.3165982506
3.2212453179
3.04876465597
3.8379471484
3.1066618024
3.4000078716
3.8833232484
3.8872345776
3.3469993026
3.9702608564
3.6297251156
3.9169475631
4.4330187264
3.5637160284
4.0897725496
3.1061297596
3.8491211356
3.2434967406
4.0766543416
3.3996357256
4.1758578266
3.9967017784
4.2739143416
4.21388295561
4.2627873584
3.6196679794
3.7021134884
3.1412336884
3.1178283256
4.3321711634
4.2957619776
3.8935076864
3.6872784724
3.942728824
4.2550865636
3.5683700664
3.7421271604
3.4265213016
3.8869893516
3.8516662216
3.8914214014
3.9193242984
3.3106468624
4.2067171016
4.055421265
3.7509549255
3.8471668614
4.33622318839999
3.6946681284
4.1311725786
4.0895220964
4.4166568986
4.2011807394
3.1819495616
3.6581453284
3.3390343516
4.3645852024
3.7858775006
3.6043371316
3.8056048154
4.0154120754
3.7047436484
3.3373987616
4.1118852766
4.1545691184
3.5819378074
3.5651280684
3.6451127534
4.1763892944
3.4689458006
4.0163798084
3.6645158184
4.28538962
3.093175289
3.372465278
3.54227402
3.36689605
3.23786791
3.849296432
3.74525744
3.723617276
3.23986087
3.40530771
4.026779771
3.594858967
4.34221829
4.073518944
3.961665614
3.7102589
3.974123572
4.04245089
3.6450361268
3.50500969
3.55030793
3.450504491
3.178739672
3.46732784
3.31742413
4.58278766
4.112528901
3.83563377
3.54575524
3.888693473
4.14363386
3.69305723
3.084900805
3.40903774
3.286682817
4.107802374
3.605090906
2.73938095
3.82902406
3.905358447
4.789302405
3.920284704
3.677482751
3.3501308211
3.20579038
4.231068125
3.73109051
3.281739576
4.13009642
3.35597344
3.979744753
3.26549247
3.728431753
4.08779824
3.449960054
3.5959848971
3.698854773
4.065010916
3.286128344
3.210700667
3.098870393
4.25668588
3.860689504
3.77707532
3.01714674
3.39357894
3.132868847
3.37196416
3.79539114
3.188429819
3.20141087
3.74821022
3.16298148
3.59288124
2.94197079
4.04433205
3.66592097
3.915861266
3.30564653
3.03559086
3.59135588
3.02225454
3.55263214
3.716132565
3.44713628
3.2734935928
3.386141103
3.73346298
3.46696253
4.139760181
3.15399545
3.4865269891
3.50103674
3.40928548
3.202521485
4.0228663
4.098100173
3.399266916
3.82129227
4.262098912
3.909934578
3.897707688
3.416358456
4.367105862
4.144143758
4.340187338
3.630689452
3.036961494
3.939767332
3.511658668
4.326227582
4.041480758
4.450136968
3.252263783
4.445627029
4.29976395
3.288331942
3.925202938
3.985340022
3.557394098
4.093898962
3.631769421
3.707967262
3.176347543
4.476880959
3.728291562
4.052791998
3.631437612
3.616920966
2.979226416
4.325858941
4.229809602
3.72928321
4.137714618
3.68178108
3.098081161
4.56882922
3.011507832
3.953382112
4.075851802
4.028271842
3.926134352
3.174798272
3.945907821
4.390350428
4.789801289
3.806955108
3.958035578
3.836297598
3.59109851
3.821252342
4.059421642
3.882168086
3.901722422
3.944866242
3.513436312
4.163135025
5.091681938
3.877897032
3.833698162
4.224740462
3.501302713
4.03139389
3.400844708
3.734163491
3.504736162
4.187309838
3.888298408
4.68460771
4.159620438
3.549908212
3.7837817214
3.539792128
4.017813322
3.618921618
3.947554424
4.777323868
3.636509822
4.413143514
3.635698335
3.658319838
3.281418926
3.824649613
3.685983098
3.700434518
3.248006559
3.533682635
4.105175058
3.971280892
4.507699366
3.693128462
4.255845132
3.506832505
3.782346108
3.979769046
3.758497182
3.207275705
3.782240292
3.727206061
3.762558792
3.879427799
3.70922839
3.07070905
4.155660565
3.114250795
4.291568678
3.697706497
4.1653964
3.53862306
4.390350945
3.560217783
4.586464016
3.1009962782
4.10616867
3.8024138
3.737028866
3.82825313
3.626585657
4.015342403
4.31119437605
4.260760621
3.2762104052
3.694368887
4.44709908
3.43910218
4.115041912
3.628394796
3.96893052
3.13965239
3.849016743
3.41307773
3.50719813
3.99279889
4.2249932
3.564706584
3.269719476
3.957438638
3.644944216
4.26894075
3.485119574
3.537296735
3.86290846
3.689908215
3.45657563
3.63008097
3.336607762
3.58047665
3.563561994
4.01485346
4.357978261
4.08363743
3.896398832
4.24919473
3.597625437
2.795980003
3.795044328
3.46712546
3.92654925
4.1245668
3.72744722
3.6798558938
3.74470296
3.775192353
4.708440789
3.22067576
3.91277485
4.68892368
3.78928154
3.70419998
4.5736951058
3.7359881198
4.443186226
4.67464577
4.00352634
3.55582801
3.6000892358
3.86021784
3.104907258
3.86068135
4.02028055
3.563094277
3.257448033
4.145243581
3.17595243
3.356781661
3.88403353
3.8361635
3.273519648
3.716311798
4.00768257
3.83138412
3.73620635
3.85819907
4.23304475
4.559089088
3.88855884
3.930393207
4.211898181
4.55268605
3.3296489389
2.7750488157
2.9343696977
3.4836821859
3.3998820901
2.9507541729
3.3258762039
3.0386642367
3.2632598789
3.4771601165
3.3871565177
3.5915828327
3.2971353499
2.9323467729
3.7470692039
3.5456339739
3.8169920075
3.6102067129
3.6433004211
3.2494659319
3.5045185323
3.3048166471
3.8875963989
3.7885739269
3.7866151729
3.0049092389
3.7461656459
3.7106691529
3.5605479719
3.8274880121
3.6123941929
3.3814216677
3.6519379869
3.5577283489
3.3710670489
3.1993206999
3.6048339189
2.8987216163
3.4994750889
4.2954709303
3.2658237569
3.6919795329
3.1344139377
4.0257241139
3.6082222829
3.2880440989
2.7990775879
3.4225005977
3.6844454199
3.4760525277
2.9178790339
3.2347191029
3.8423313047
3.7103959429
4.0736294999
3.3115003939
3.6255508869
2.9517120949
3.6277814403
3.4079000239
3.8681895677
3.3394976389
3.4056270707
3.2345168929
3.3244238061
3.4562454427
3.6024374671
3.3884268477
3.7534625629
3.3961775577
3.5175069109
3.3013102283
4.2115259529
3.3792497439
3.6274194377
4.3260462529
3.9952477612
3.6220893399
3.2541354479
3.4041722139
3.6964692327
3.5404322019
3.7701992077
3.9749187889
3.5962972177
3.3388800329
3.0735826777
2.5923504271
3.4422275979
3.6925155315
3.5242077229
4.4682573887
3.5837156899
3.5823392477
3.6345997983
4.0094511227
3.6286035177
3.9997548812
4.0992772167
3.2913552993
3.061244351
3.323352215
3.55092891
3.54024892
3.698821364
3.47897485
4.061199793
3.505272165
3.660992699
3.919168791
3.499364142
3.887910315
3.389974083
2.866036504
3.6053251
3.563050598
3.258772465
3.465560929
3.962439199
4.083187653
3.050776089
3.679815072
3.8472809803
3.5032600319
4.021400383
4.120856281
3.2484931
3.939092556
3.8604825862
3.797866273
4.39138819
3.501670593
3.4541207396
3.552327022
2.73327931
4.021451337
4.00742099
3.542640917
2.75338865
3.801468322
3.666806316
3.7277935824
3.365978852
4.012170411
3.136815964
3.632851556
3.883222492
3.98851635
3.150841163
3.48536191
2.779243816
3.981045452
4.059461356
3.807815834
3.87540587
4.13444728
3.66957349
3.615622601
3.4980545468
3.405864999
3.336386422
4.017157708
3.70907609
3.872885177
3.84761799
2.666600312
3.742223185
3.587298807
3.881320068
3.124939578
3.093452824
3.3331442351
3.52290634
3.52055829
3.705991472
3.75681876
3.3301920247
4.200528067
4.091451627
3.330780851
4.103784485
2.854210817
3.149097901
3.71780982
3.76447998
3.362735795
4.026978369
4.017162541
4.081661001
3.018227841
4.282186143
3.648395315
3.925405351
3.074992005
3.038921572
3.34086965
3.32697995
4.655929042
3.6155959475
3.634320854
4.11063999
4.40900754
4.064748983
3.73146427
3.42678752
3.24460881
3.5816207388
3.846266173
3.87673845
3.76121583
3.65058461
3.77417189
4.146150316
3.42471276
3.309212488
2.93770962
3.80766659
3.34287054
3.43776
4.32406345
3.31422233
4.071417012
3.11549095
3.812925021
3.43680038
4.067477648
4.08569335
3.7274718499
3.3751132
2.9214690939
4.48781516
4.1475043
3.597693484
3.588970007
3.1822118
3.24191678
4.067150822
3.16290463
3.793732541
3.66783765
4.10472168
4.01160257
3.657805738
4.18334675
3.179321624
4.03478551
3.4446909194
4.091717125
3.9969958065
4.072503184
3.774023635
4.94858132
2.92135081
3.914864108
4.33399402
4.02818468
3.88616292
3.842961746
3.705128496
3.79486063
3.29215151
3.691506297
3.93000302
3.414251157
4.12080357
3.625854555
4.0851734592
3.816950512
5.09721232
3.426620817
4.50713713
3.71005087
3.366722394
4.16339264
4.446291036
3.592625447
3.9395222
3.60168394
4.297788145
3.6376735
4.11015641
3.852764857
4.24950125
3.58035674
4.58283248
3.410823666
4.529728167
4.20362084
3.82937941
3.64466481
3.721280979
3.732339457
3.58009525
2.917693445
4.225691359
4.16079943
3.944888808
3.619894765
4.508986909
3.852136887
3.139556409
2.892996311
3.857987085
2.9489001519
4.150720945
3.03738182
3.5556180255
3.016444805
2.830437155
2.47806585
2.692301201
3.17887397
3.296852309
3.966565973
3.32546213
3.7665513
3.70893380729
2.716390016
3.582279474
2.76156774
3.469821935
3.39965114
3.198279176
3.50874897
3.10803545
3.851022678
2.817443958
3.380035647
3.24221187
2.87175604
2.59329788
2.964646401
3.276517475
3.137173525
3.1636628
3.03174162
2.987684996
2.82751385
3.512996707
2.748615759
3.23944425
3.447347618
3.62277709
2.900684918
3.594099194
3.59745901
2.844463737
3.275468644
3.25145944
3.998655524
3.55362988
3.967186463
2.79130363
3.08137208
2.770422458
2.770016002
3.59177316
3.26319839
3.2343803697
2.82657693
3.483381831
3.344521715
3.9170533713
3.02732688
2.821691107
3.704472028
3.056638838
3.510436621
3.16560259
3.567880211
3.78667027
3.605173575
3.091699198
3.109850454
3.464100995
3.001353843
3.3847215885
2.521076614
3.26414989
3.699175402
2.973310108
3.70723742
2.852241556
3.48921207
3.114672578
2.926754549
2.526883951
3.215631374
2.87735662
2.930507554
3.60133025
2.871250685
3.440680396
3.20413131
3.484969979
3.112339421
2.77628281
2.83339925
2.940337895
3.049422915
3.600261869
3.42216784523
3.642570559
3.561595588
3.3523978051
3.911902005
3.607436725
3.5740727644
3.760127474
3.417903286
3.2877681761
3.9668758578
3.604932204
3.964554584
3.454665877
4.107165017
3.085315619
3.929603366
3.182445306
4.063277787
3.268143684
3.416513537
3.427755615
3.379147193
2.8555296674
2.924472709
3.638582949
3.590113872
2.748062104
3.231276728
3.59524710308
3.436607422
3.529218976
3.70168773
3.453044382
3.448446545
4.11166007
3.1853672579
3.585460281
3.5548228343
3.7660633028
3.738593466
3.1528953792
3.5620359036
3.590215444
3.868301246
3.194323445
4.150829765
3.4066675656
3.768067141
3.4787393746
3.473363823
3.325060549
3.529781332
3.077134746
3.503847094
2.935350045
3.804687196
4.571301382
3.462699692
3.420069634
3.933917033
3.829540772
3.4030140023
3.7604402008
3.915552535
4.200066455
3.8522016081
3.195646491
3.42985297
3.733889601
3.498875931
3.327588333
3.840693446
3.541539178
3.916872896
3.52417608
4.291633072
2.852290783
3.484988608
3.10437867
3.034278758
3.897905248
3.55153108963
3.58709295
3.669812439
3.4221807535
4.029453315
4.087614004
3.42230912
3.721858263
4.149203201
3.831687278
3.356300054
3.734897841
3.223670728
3.6175760265
3.98947009126
3.60955565
3.154676204
3.066220778
2.915007278
3.480360485
4.184057918
3.447945227
4.411091758
3.529923064
3.097658468
3.589292233
2.905636728
3.0314154988
3.527046388
3.0535270615
2.801183518
3.448367968
3.263314403
3.6707873
3.84982364
3.664970683
3.714006397
3.721604093
3.107871143
3.408994898
4.3343119315
3.15149335
3.275344652
3.456839493
3.75760982
3.086193408
3.463064923
3.425307974
3.780346518
3.466723185
3.659348228
3.29266994
3.7821698788
3.747246914
3.869975214
3.343414633
3.255518249
2.990325039
3.950718498
3.126427518
3.751004347
3.304771362
3.163126702
3.5808107497
3.595263603
3.1706566957
3.539825408
3.317398749
3.787530288
3.386964985
3.170041211
3.162359974
2.930066924
3.411856936
3.764175083
3.262783179
4.134663262
3.121730169
3.214036713
3.076308537
3.34329437
3.856952124
3.464174075
3.392115289
3.837257238
2.864543958
3.620880681
3.452415778
4.102245063
3.159345851
3.566583935
3.787990505
3.981881996
2.919830287
3.413440168
3.255239578
4.075636518
3.7087809539
3.105847137
3.163478198
3.561431834
3.1388361633
3.690632313
3.886335651
3.271280181
3.926829279
3.545512809
3.099072014
3.336997433
3.703238222
3.390358368
3.369923266
3.691355098
4.101025297
3.499886756
3.678722296
3.091606785
3.927608314
3.922483834
4.197236514
3.538939889
3.627398814
3.315167808
4.008032819
2.981420044
3.634406973
3.248576102
3.493771878
3.708660402
3.573448541
3.649713108
4.647480554
3.885741205
3.6755531357
3.71949802
4.157609904
3.532027974
3.745143155
3.507099169
4.134600949
3.301691385
3.457741652
3.8026158362
3.715942052
3.648997554
3.524427864
3.63668257
3.629523464
3.387544709
4.117047164
3.251481429
3.973118074
3.556221827
3.772837978
3.663003251
3.874005484
3.916490884
3.1748680265
4.043946315
3.693773383
3.591247372
4.042491945
3.172047864
3.9573673
3.796610367
3.042555509
3.303717484
3.380954129
3.700054684
3.486478485
3.512569007
3.361863479
3.955620988
3.648807714
3.585683963
3.70244693
3.130584121
3.29575445
3.798595744
3.2829262661
4.093618214
4.327531649
3.672364924
3.623766549
3.806875262
3.107511817
3.681965584
3.474578454
3.5792128748
3.148826394
4.195891299
3.007822784
3.653198644
3.597851572
3.4147482715
3.494317369
3.733578429
3.859415168
3.419870724
3.689458064
3.806107614
3.194969615
3.444833309
3.316176231
4.020569724
3.9117310155
3.5168185983
3.725829755
3.097007824
3.541295571
3.687528834
3.586189486
3.246506673
3.843277884
3.575988255
4.1969306155
3.482797169
3.2138746801
3.7851799783
3.1558515591
4.0512404141
3.7454132301
2.8887845745
3.0525612441
3.6967071934
3.3825442441
3.2521021181
3.5745025741
2.9668780301
2.9267982731
3.10035403195
3.7682823101
4.1965117961
3.2211578351
3.1273182591
3.4062843101
3.2122631789
2.8727149719
3.0398151749
2.4095224661
3.5622554561
3.3205780061
3.1673672061
3.0441349659
3.1733584691
2.8509384529
3.0413559409
3.2420910779
3.0713959341
3.5020629071
3.0761887947
3.6539591341
3.2478069384
2.9691047891
3.3798926184
2.8819703149
3.4232131079
2.8983875321
3.3489774196
3.3375987771
2.8231625119
3.3079143631
2.5955252501
3.3875879959
3.4809180131
3.2916606391
3.0714949001
3.5192136241
3.6397555651
3.1499783291
3.1652831001
2.9148878849
3.0889767621
3.1912531441
3.47520504819
3.7715819301
3.8521150641
2.9695182451
3.6245886971
3.3548455431
3.1518996231
3.4536212469
3.1997827051
3.3411596049
3.3799867909
3.7248498941
3.3481689901
3.4026832871
3.2956453661
3.4670046611
3.3161011841
3.3387061631
2.9335589541
3.2041679219
3.0934867341
3.0289181541
3.3523400691
3.0891846989
2.9900815671
3.5230431151
3.2532961589
3.1932558331
2.9702126409
3.9407047281
3.0277213181
3.2225149159
2.7091022911
2.6835587921
3.5570784131
3.3137968661
3.48068675619
3.2448048801
3.1620975451
3.3579948441
3.3148666901
3.4663219769
3.2780543332
3.6984889355
3.3166402605
3.0340546195
3.2939751375
2.8781381355
3.3350150105
3.3211409175
2.9296204825
3.0845480105
3.5410453923
3.0433910205
3.5993359305
3.6573793805
3.2431152005
2.7654847865
3.2578257885
3.40300457950001
3.0526268645
3.1211031455
3.2984441185
3.3913933145
3.3217887805
3.1768181504
3.7429650605
2.9865089745
3.3050766065
3.8779463005
2.7850661405
2.9671932905
3.2630263505
3.2721204505
3.4314387515
3.4763010905
3.17327873049999
3.1502983195
3.3011332605
2.6444793355
3.2755208545
3.5938565615
3.3100406195
3.6597191005
3.4079649825
3.5131680925
3.1677079675
3.2778784395
2.7501369305
3.7458086605
3.1563735125
3.4648697195
2.6285481305
3.1367316405
3.0246323655
3.2699485405
3.3527392415
3.7112646117
3.2004869355
3.2509448705
2.6668761015
3.3003517705
2.5440262688
3.3615433013
2.9783419965
3.2715177245
3.1415935105
3.4803647505
2.9892838975
2.9758191465
3.0411308805
3.3341799985
3.0252555405
3.0657208515
2.6782598035
3.2824923005
3.6055155625
2.7953086005
3.1816951705
3.1957575035
2.7698991005
2.9697428605
3.0555597605
3.4847361415
3.9235950955
2.8477400805
3.6538543605
2.7983305865
3.3759394925
3.4463462005
2.9743640075
2.8083824985
3.2440495965
2.9700471005
3.2614770135
2.8303784205
2.8631909805
2.8560495235
3.0074823655
3.3755797275
3.41971071431999
3.5109235205
2.8194280305
3.155525087
3.386183431
3.027896404
3.383521559
3.360092463
3.181762933
2.973259561
3.7079637193
3.9709789656
3.0403866768
3.418834953
3.161448653
3.089565273
3.032217649
3.049921239
3.158511702
3.598008409
3.325638123
3.390463762
3.867641759
3.097080528
3.433146523
2.98054233582
3.0319756581
3.066848641
3.6265760385
3.05856191
3.149763585
3.340660612
3.490480512
3.050050039
3.373298872
3.422081772
3.726239443
3.3634778221
3.458676395
3.717684293
3.402947659
3.344823804
3.767933615
3.7627523
3.392481347
3.504609329
3.050403999
4.043112228
3.606630646
3.154448333
3.425537611
4.037858441
4.227795713
3.652270985
3.606154985
3.2658637199
3.707572067
3.9977122472
3.727494361
3.8474154058
3.408458367
3.364983764
3.068453175
3.71247772133
3.496356253
4.206642518
3.77718409720019
3.4530079667
3.341152473
4.479675635
2.670335211
2.925622117
3.56452884
3.372421333
3.689997432
3.481025227
2.990800641
3.9876411567
3.53492314828
2.789070694
3.163673314
4.0265712
3.027752636
3.755039028
3.118818807
3.133707432
3.77412377
2.837257927
3.872889551
3.334714421
3.282222199
3.2874842678
3.472770769
3.519717967
3.724634054
3.2669012113
3.716965739
4.201631319
3.047152618
4.068677335
3.728573699
3.295588714
3.975627279
3.512467082
3.494034107
3.529626662
3.421129305
3.5260253018
3.1855700353
3.609066537
3.517073666
3.339771857
2.789402746
3.279632486
3.475193722
3.533986301
3.051341549
3.5918478028
3.376595787
3.479321847
3.193902962
3.464502811
3.5561048237
3.712271468
3.419710338
3.5467919662
3.336289287
2.983277243
3.593232233
3.505099698
3.824069973
2.7993708801
3.659019255
3.47328882
3.072771867
3.761151811
3.278061403
3.244785428
3.324799011
3.494293364
3.194787418
3.073572365
3.834973198
3.579853958
3.6697389494
3.445166377
3.902769856
3.543201707
3.67696606
3.2641223061
3.255717888
3.90364925585
3.4311143807
3.161480906
3.3704487867
3.44467158
3.482386291
3.141551363
3.7232226765
3.202187283
3.44249895
3.173204873
3.740277383
3.240263937
3.4383696655
2.906207309
3.401014193
3.133025191
3.47754839401
3.926806356
3.262491504
3.837741883
3.137054973
3.55967664683
3.194330908
3.3043395319
3.493060477
3.274971032
4.049735288
3.331819737
3.309400263
3.6235848547
3.5330604798
2.998524003
3.648004610348
3.196474407
3.407902412
3.850361983
3.659488574
2.9764663863
3.381265137
3.534167981
3.035497364
3.585128881
3.711581138
3.439962418
2.962543693
3.468829157
3.913699697
3.797285817
3.629917863
3.2303878137
3.3048229615
3.2265493714
3.20474819
3.745389266
4.2886190073
3.531678677
4.139670638
3.588842225
4.076323416
3.701423314
3.720542323
3.6351639383
3.980650314
3.89671794
3.632291473
3.616360167
3.583010823
3.747001426
3.172295975
3.954798205
3.6237387145
4.007658625
3.529907615
3.479620035
3.58323144
4.260714889
3.87167668
3.965154476
3.6905962
3.502243526
3.849718643
3.31822868
3.665769742
3.506313638
4.029863795
4.254070518
4.0236597279
3.760456705
4.176770974
4.25948536
3.802203669
3.460324917
3.511857974
3.866997005
3.804754406
4.288582615
3.850353919
3.998497723
3.827979085
3.583847795
4.250069003
3.718439039
3.590521806
3.601459885
3.585152704
3.661727188
3.618242723
3.49476682228
3.456663405
3.89646751
4.165846889
3.820677194
3.721602411
4.154062243
4.117213063
3.538833304
4.61401085
4.206985983
4.320477495
3.699261993
3.577442087
3.425006475
3.98667549
3.968145635
4.251322445
4.00794441984
3.922794558
3.821434183
3.84075024
3.776895024
3.30549119
3.9825114601
3.763640917
3.710985535
3.763472904
3.670108565
3.8984242956
3.888619219
3.5485385091
3.542062273
3.765387671
4.464495249
4.0083453467
3.99439702
3.426190322
4.024162555
3.893002235
3.721509005
4.0543797582
3.532700066
3.307629419
3.553850244
3.936933155
3.703496282
3.5041419517
3.5024592382
3.7681882927
3.678018164
3.5735960597
3.863905742
3.926412418
3.427232629
3.553736446
2.9804151728
2.987465555
3.512972074
3.99528633
3.954406539
3.83248384
4.145203258
3.888781285
3.661810891
3.730975173
3.790936626
3.72515997
3.523981162
3.4382632728
4.055318395
3.636079083
2.9907031878
3.636690963
3.379149009
3.2529931603
3.565395402
3.656717863
3.485822213
3.607656474
3.752310046
3.78348423
3.8994716467
3.311964104
3.69459811
3.870320108
3.801437249
3.446253492
3.268659412
3.549810893
4.314442976
3.270984509
3.606803205
3.8410310231
3.685132415
3.830940372
3.099488742
3.227185687
2.933786534
3.744043325
3.902755309
3.37704563
3.097044305
3.857336914
3.7731095781
3.666997073
3.558554457
4.162713578
3.713246251
3.516511485
3.667552762
3.119977942
3.28855533
3.094620698
3.635081196
3.6017844101
3.31290602
3.514572267
3.483854996
3.559593273
3.770825111
3.574156199
3.162735702
3.363209338
3.325470557
3.135855352
3.295876927
4.023472198
3.379583954
3.18101022
3.647641192
3.380756887
3.555912676
4.204521466
3.428617896
4.0106967049
3.670168596
3.47641808
3.554837362
3.369224335
3.494773992
4.0552988635
3.167893406
3.137120344
4.362300631
3.7391333293
4.579764153
3.67902482
4.018126322
4.32926476
3.262638185
3.211480479
3.90492505
3.317367864
3.683435541
3.391897324
4.0434269
4.071418726
3.411811091
3.883038393
3.823731623
3.311543527
4.5651514298
3.776529453
3.7455714834
3.409196488
4.033822657
3.86991107892
4.054665154
3.673966617
3.6988277
3.217937321
3.931296156
3.31567117
3.669876687
3.73091795
3.498686811
3.314090571
3.16669925
3.6186173162
4.197841252
3.591389924
3.505705635
3.4979933074
3.49564533
3.4864895632
3.903905326
4.150955504
3.354832464
3.733967656
4.387362245
3.6553437537
4.010668349
3.566006569
3.582303153
3.132876584
3.491379395
3.685669022
3.388934967
3.339940571
3.345366386
3.794092283
3.59576338
3.73226882
3.58593634
3.696527608
3.33357764
3.313151428
3.5335206105
3.446198141
3.605459426
3.394187984
3.948604414
3.849632145
3.144610456
3.928780481
3.5599012451
3.77056501
3.395656191
3.671341621
3.3134284045
3.6597052711
4.0093844354
3.43832411
3.519610126
3.868670567
3.37830406799999
3.80840987
3.726368076
3.143122905
3.536152562
3.3044832
4.182956291
3.39590365
3.654294712
3.5321914303
3.554828029
3.2576517034
4.100099508
3.714455851
3.615902536
3.282730904
3.689189403
3.379155844
4.10292381
3.973803384
3.447786356
3.223092177
4.0256527
3.913274388
3.0076820034
3.23820397
2.975979216
3.699460408
3.259185379
3.241516066
3.616850589
3.822261678
3.49517564973
2.962170543
4.005651798
3.45451824
2.801901866
2.813108605
3.187715176
3.416563547
2.6668018473
3.90270086
3.49313144
4.752252257
3.11324418
3.463333074
3.286053045
3.912946522
2.845908502
3.26537244
3.100357829
3.070154287
3.309574521
3.905890625
3.582443417
3.6714593563
3.48021959
3.3693854864
3.1225503
3.04419885
3.80700787
2.813832466
3.3455981
3.6031515841
2.98657735
3.55862752
3.026730818
3.514399672
3.863138205
3.746702354
2.907889066
3.79130764
2.8793125
3.237011856
3.3220852832
3.749574463
3.65798814
2.670105388
3.55181889
2.90867535
3.90366925
3.898029745
3.727607077
3.9157745829
3.059937029
3.33383949
3.622353314
3.5711181748
3.5788361
3.546345842
3.875521652
3.2224054225
3.395851052
3.662569266
4.012571942
3.9747486072
3.744164884
3.220876973
3.7376246324
3.188720156
3.24877134
3.481120893
3.652358594
3.543327934
3.122874087
3.390778207
3.069112739
2.72517922
3.3022422377
2.86011247
3.265944539
2.967553295
3.178217451
3.45984501
3.209516783
3.046016774
3.29355057
3.513201934
3.689734918
3.197718902
2.959055418
3.342349648
3.047994478
3.8736488517
3.445787586
3.544454636
3.400441898
3.431853948
2.4999444578
3.534751387
3.408806588
2.956965858
3.346431506
2.950822808
2.837796466
3.972447924
3.7204918
4.601833918
3.242954085
3.622461262
2.9958699406
3.547661318
2.664362403
4.40822024
4.324242913
3.151754602
3.297410013
3.43207412
3.451238348
3.836860791
4.040885428
3.563862862
3.548290043
3.692878921
3.211885879
3.589683429
3.827327498
3.28549102
3.791969545
3.680291722
3.7555286735
3.470308208
3.404694419
3.73683271
3.418219115
3.402990411
3.110430985
4.074546512
3.256358028
3.427918308
3.648917381
3.048230456
4.014090032
3.547120772
3.524974873
3.381520298
3.422658147
3.936226875
3.475223523
3.328530809
3.697629009
3.398278765
3.44631356
2.941460832
3.600463172
3.5782157022
3.05919621
3.206852751
3.77922621813
3.640061885
3.691978188
3.281335078
3.482727332
3.2497602203
3.909487228
3.1989750329
2.945939535
3.108945442
3.667802244
3.127496616
3.537506805
3.280558792
3.508421341
3.800404056
4.087499136
3.1628038817
3.724912325
3.426419756
3.4288614277
3.491918269
3.17516398
4.305740651
3.393001072
2.897252718
3.580017218
3.1491010443
3.150517872
4.542158433
3.101320717
3.273274483
4.174205673
3.794747593
3.4709772
3.4086104279
3.362334597
4.342629787
3.836051911
3.308794909
3.267130944
3.602337649
2.7896425381
3.160129068
2.873591323
3.854836427
3.397302371
4.012091127
3.581260972
4.086579929
3.036604622
3.778400617
3.318581388
3.550723351
3.551548511
2.993006733
3.317443339
3.800405119
2.946295305
4.3481708451
4.077057733
3.336695535
3.463190778
3.737869785
3.583693706
3.449245008
4.307303519
4.476635226
4.010207266
3.268364586
3.664715091
3.74171611
3.017955157
3.446520421
3.741505921
2.610044361
3.102649777
4.422008013
3.463567004
3.477335179
3.554119303
3.425072899
3.203519768
3.460447881
3.119115897
3.2234748288
3.653973374
4.5435688517
3.508247451
3.521906047
2.604725316
3.560665957
3.0846098094
3.4671988172
4.169133911
3.7956413088
3.091311046
3.334306313
3.1259472143
3.0725441511
3.2699736068
3.1866517099
4.078022775
3.500414984
3.105993887
3.401771125
3.452311148
3.750632708
3.101517111
3.194279319
3.1983561218
3.000892382
2.766585756
3.1465235946
4.199514799
3.287779105
2.943278592
3.5906721291
3.470103864
2.897716485
3.4568268212
2.848697222
3.297019576
3.363420626
3.380987231
3.429599553
3.029420541
3.394781801
3.493526258
3.407981891
3.477319655
3.679607771
2.927502687
3.2745248545
3.3797298858
3.7266122517
3.7504703188
3.329981259
3.422613931
2.942990029
2.847136837
3.63714436807
3.405288727
3.132386818
3.569148396
4.0939970055
3.610831779
3.799306572
2.75880976
2.87141206
3.498102393
3.513623822
3.512487357
2.935775445
3.916843699
3.450926818
3.165409371
3.342407404
3.957187854
3.72668826800001
3.689384617
3.268797366
3.142584001
3.820577888
3.503909661
2.708318679
3.209871083
2.515993626
3.466321187
2.8923959188
3.086422697
3.467339151
3.268955605
3.003007651
3.512708991
3.465160297
3.370428445
2.7018580245
4.149264843
3.52027223
3.2146854443
3.246764941
3.592975782
3.209976199
3.8389263764
3.893995442
3.188961534
3.6403558655
3.105007291
3.276236123
3.295407334
3.155720799
3.0878878672
2.590183199
3.2260670977
3.804336666
4.0921528599
2.987241873
3.149601245
3.074272217
3.144033391
3.259833061
3.811161411
2.739003507
2.779112238
3.215453223
2.918305005
3.324907749
3.344080315
3.3962594808
3.375366135
3.279879862
2.982058696
3.64507917
3.147055381
3.6728496665
3.4174626259
3.486750598
3.456829524
3.389918957
2.666344883
3.091418321
3.5755174918
3.095031027
3.70330183318
4.014613218
3.521154948
3.822578463
2.970001129
2.8113498605
3.241292995
4.111557685
2.881524786
3.313468817
3.187781762
3.102947078
2.787533554
2.989734555
4.185413716
2.553843066
3.573605942
3.20538882
3.294092489
2.761190777
3.70348094
3.588189692
3.645718849
3.782298186
3.1084815407
2.8385040604
3.165277079
3.8106939198
3.70677991040001
3.4204942637
4.011865813
4.216110501
2.714581494
3.501623446
3.4448447345
3.583379061
3.444811322
3.87120589400001
3.454560744
3.188743641
2.981695256
3.927303246
3.246345462
3.334507984
4.103258512
3.0453120538
3.703588046
3.223646404
3.347230771
3.4336550199
3.121874156
3.201151474
3.289772274
3.458233874
3.440488411
3.212406446
3.445738706
3.60139477
3.15020520538
3.430795977
3.999456556
2.97217663
3.2188886466
2.8117636438
3.411878796
3.210223913
3.223754244
2.972909552
3.477182671
3.1507818544
3.11926843
3.142887364
3.22634864
4.22679365335
2.840664918
3.342824914
2.9360765205
3.156832599
2.621561665
2.869548188
3.627457401
3.100504009
3.75934308
3.107755099
3.601896645
3.5137600715
3.087157649
3.0503372951
3.765284017
2.7259064079
2.581361807
3.481121731
3.2094281228
3.72634358
3.309400903
3.97896658
3.850139414
3.496735551
3.51333612
3.514568115
2.679703581
3.318716596
3.204316663
3.441835907
3.539796487
3.013286572
2.95831229442
3.889956543
2.7388263375
2.91498022305
3.7626496672
3.585533113
3.125363466
3.36472637932
3.128943093
3.466742369
2.706856408
3.47958937
3.164331386
3.105759061
3.049525352
3.533888317
2.9116110696
3.850553771
3.372179401
3.623857964
3.781593311
4.081803873
3.158915224
3.393540605
3.4392559442
3.755998183
3.555768666
2.863957181
2.948745915
3.337900042
3.313016171
3.142243378
3.07944615
3.879043314
2.7501471774
3.322031871
3.182317067
2.701928545
2.931799511
3.539923321
3.513599801
2.578205894
3.926294154
3.400075148
3.5924849141
4.110879584
3.907945356
3.677282902
2.99607076505
4.060374884
3.486312224
3.634619079
3.028965931
3.072205189
2.598881674
3.096547693
2.892790486
3.000406748
2.718932222
3.0040481208
3.085462578
3.680594651
3.018023601
3.011934366
2.958828427
3.207022436
3.6044492708
3.603754432
3.816817556
3.198921138
3.0835834174
3.2613438511
3.815843219
3.357141005
3.394051745
3.827241153
2.868261309
4.026979712
3.358664682
3.3108249665
3.5084165998
3.620794737
3.1729126952
3.508905087
3.218640362
4.2035126835
3.775798731
3.029315422
3.544513875
3.625446262
3.242424486
3.5818877
2.905463898
3.892207371
3.069609824
2.82200877538
3.473236955
3.598729068
3.848736537
3.298885153
3.973442446
4.206202986
2.99479696
4.3051371753
3.464952888
2.642752757
3.38269274
3.4216775694
3.599707492
3.664314749
2.924694851
3.253509428
3.076956751
4.027992082
3.442356977
3.42877553
3.321251669
3.516023695
3.4449257375
3.787226165
3.9803293915
3.297273328
3.392064128
3.28778784
3.987301138
3.59111235
3.227758127
3.535757521
3.692426611
3.491132202
3.651259034
3.410761966
3.468266582
3.713754137
3.468411908
3.819316851
3.7731915481
3.657662462
3.4863198
3.823478776
3.68083907
3.4240774676
3.251382779
2.845559689
3.601192878
3.245465466
3.610480539
3.494599328
3.479619418
3.512264276
3.550657619
3.256157118
3.551153092
3.111823618
3.715113769
3.353164154
3.8190812381
3.307584993
3.006528867
3.490632736
3.8503965003
3.246422422
3.658255573
4.244310895
3.684958235
3.646677116
3.387452876
3.9806244556
3.518766351
3.364195818
3.12952771238
3.9849032915
3.393486057
3.742201525
3.660672642
3.404525732
3.10577870589
3.834728689
3.626706333
3.36913128
3.61644403
3.768282238
2.913140877
4.088805196
2.783190779
3.764480708
3.3767922616
4.6691382949
2.812756437
3.352833524
3.286856058
3.049705052
3.700818468
3.168733842
3.3932002544
3.7133416107
3.68490811
3.5857649102
3.342879702
4.2990631382
2.743325488
3.742970818
3.369424389
3.149650383
2.915182043
3.023287504
3.744158081
3.588363085
3.487275749
3.131109937
3.517098618
3.115390826
2.398035428
2.790556443
3.599382904
3.832175604
3.147807477
2.968639984
2.437290333
3.364952361
2.955824562
3.468363858
3.145266731
3.316453748
3.003698794
2.912487047
3.745687469
3.1453327567
2.885644437
3.537962334
3.460698873
3.491963232
2.907703368
2.827411904
3.459982349
2.6446018573
3.706354084
3.468495279
3.465450718
3.530429243
2.851659683
3.2049635905
3.018490335
2.975933613
3.117526988
3.665454925
2.828062578
3.204929318
3.269845505
3.644078409
3.189082729
3.285088805
3.423973802
2.992068543
3.490045204
2.99575912
3.372872359
3.449887608
3.820326523
3.20186493
3.090828524
3.392101058
3.375862087
3.464429359
3.187224503
3.345696855
3.000124599
2.929929588
2.748177138
3.957619136
3.403319073
2.915447907
3.167051556
2.426199673
3.441226758
2.926941518
3.780400404
3.141738609
3.458898388
2.563420116
3.41730789
4.085083438
3.2492935349
3.535301219
3.391327527
2.744737826615
3.355705629
3.468702073
3.391762352
3.396087093
3.677968398
4.0009145974
3.968264593
3.353919802
4.079467164
3.281799836
3.3312171174
2.735852268
3.179122368
3.00438787
4.094532354
3.244499577
2.938512672
3.731445984
2.657407503
3.3953305385
3.190995161
3.543291854
2.97194178
3.608887443
3.125104261
3.332931275
3.347954515
3.165773548
2.9045269628
3.934680623
3.063879065
3.200779646
3.272291982
2.945084681
3.481681538
3.633590155
3.3262419754
3.732954103
3.095971186
3.4873295022
3.83281766
3.205088271
3.385418896
3.729824625
3.012465362
3.3257835621
2.5420106869
2.7014460245
3.744651863
3.413307019
3.891654931
2.929975461
3.306160949
3.0289137102
3.5127011974
3.305896829
3.341313273
3.06409418
3.409399424
3.489096702
3.409964792
3.364315062
3.1557977126
3.3079817847
2.899317829
3.517507494
3.750901622
3.24624873
2.900437365
3.384888589
3.439429936
3.845679515
2.456683454
3.812261109
3.139276044
4.168719874
3.685052197
3.142718184
3.114506444
2.917289956
3.492990697
3.102112213
3.622992164
3.441481058
3.2802722684
2.993067437
3.585314446
4.097948129
2.9439877426
3.953234754
4.145182644
3.005318319
2.7864889697
3.028962927
3.174568528
3.6982883478
3.244235382
3.257940724
4.003126942
3.349533941
2.943037429
3.544440755
3.105535579
4.033371304
3.725261177
2.9125949752
3.695591503
3.0159296245
3.716129029
3.570764456
3.263580672
3.159460866
3.357848436
3.659483959
3.5253487025
2.689790842
3.01426761
3.3644287219
2.429097026
2.257295689
3.212263919
3.055097626
2.54215236
2.9756329197
2.978545304
3.267977286
2.8652326226
3.165715358
3.766481762
3.198851136
3.03313708
2.795248906
3.001861936
2.837523387
3.2803272666
2.851248737
3.050968087
2.508939001
3.039474789
3.269593699
3.5654722204
2.9070802861
3.116585775
3.057869172
3.2331741
3.010996176
3.65376549
3.500633023
3.3169225386
2.846025368
2.81684568373
2.236254639
3.897713509
2.691470597
2.875665461
3.477802686
3.223935179
3.063662031
3.2473513115
2.811152578
2.721243126
3.213626222
3.092926873
3.151337371
2.770160619
3.250847575
3.7679720645
2.752126386
3.633289235
3.494704964
2.9357769648
3.615888699
3.511577716
3.100931648
3.22935121
3.880160939
3.390715789
3.238010032
2.959392804
3.446286903
3.072634966
4.035698921
3.492813446
3.166616291
2.9866114847
3.586533805
3.1867937676
3.276615286
2.8900188903
2.483902791
2.791192811
3.333623431
2.784991223
3.179056186
2.955270931
2.9295340975
2.979593566
2.7907075589
3.510494752
3.259143552
3.02451646264
2.72525971
3.228146137
3.174135432
3.429446779
3.4266255138
3.624966136
3.266081742
2.977757016
2.82010098
2.856952488
3.6516384799
3.0930347133
3.354961956
2.9663689707
3.7589265342
3.5603494707
3.5860194307
3.3689777947
3.1482884407
3.1884025307
4.2889518137
3.7025782287
3.8467480117
3.6803771767
3.6272833617
3.5293159647
3.5632042707
3.4301102407
3.0150386217
3.5247870807
2.4295999707
2.8013693807
3.0973119837
3.0106593227
3.6614094807
4.3373102907
3.3324404407
3.6553844907
3.7777398807
3.2984672393
3.3271365667
3.0893607943
3.0850668667
3.0585576317
3.5736386407
3.3678056007
3.2839415957
3.1336066007
2.971886247
3.0567169807
2.8785475407
3.5236952507
3.8314523387
3.3666565617
3.3677202909
4.0083443307
3.1818407807
2.9348027197
3.5608269726
3.2991004629
3.7984462477
3.1840056807
3.4180383707
3.9814197187
3.2155068897
3.2324601629
3.8472049997
3.0746552007
3.7373495993
3.2875318093
3.3214153713
3.5356923383
3.6239217863
3.5026617347
3.4595696463
3.0086926157
3.1945481807
3.0455321507
2.8372604307
3.1937816867
4.0758104107
2.9676104673
2.9790965207
3.3968794847
2.6417287707
3.0306735347
2.97693293474
2.7788232407
3.7841737907
3.3931685693
3.0506814593
4.0620216207
3.4763071127
3.2390681717
3.3773680537
3.3610187967
2.9071917607
4.3013326415
4.1253593493
3.0856079544
4.1600135983
4.0006256607
3.2831945157
3.3409237437
3.8994512103
2.8135347708
4.2612516293
3.2128375177
3.7044063707
3.8577166297
3.2615027117
3.2285223107
3.1750900527
3.786684332
3.592961206
4.469182106
3.829903936
3.582350368
4.165401524
3.685465423
3.458664666
4.486277596
3.3940541219
3.519435734
4.491550896
4.195019384
4.0588021782
3.874107802
4.0439534714
3.591509846
3.7325872962
3.810670296
3.8019466
3.79619926
3.622927583
3.71959981633
4.254491098
2.962414644
3.646191286
3.735233725
4.392801897
4.035842057
3.717658595
3.504256814
3.884443597
3.978455785
3.532805949
3.121811958
3.932199694
3.462366383
3.680282654
4.391201353
3.29179947
3.886765054
3.758078976
3.669853666
4.261069432
3.866387697
3.636660076
3.952911191
4.219140466
3.888558266
4.009487297
3.783688179
3.8850477247
3.185301414
3.677524064
4.352704586
4.072031137
3.576393679
3.619451182
3.309418625
4.139095504
3.713636148
4.084011938
4.078848961
4.0956460282
3.417464594
3.90754994
4.034055664
3.826029953
3.395945186
3.941323946
3.1722253
3.540411446
4.100429846
4.061191099
3.782715256
4.435206516
3.632385759
3.89586301
3.275827574
3.803631586
3.868632335
3.803872496
3.442607489
3.79501302
3.913852709
3.658953996
3.950981506
3.413150314
3.48507717
4.122494127
3.864988629
3.145382174
3.451917001
4.142887544
4.640251272
3.77832667
4.941894626
4.4279075995
3.577563684
3.25016717
3.3181864511
4.0264916004
3.1861380979
4.0544221439
3.1295085579
3.4426588861
3.3984746419
3.8321953951
3.0538879849
3.2744284021
3.1378446189
3.8987682009
2.6189128601
3.4571443939
3.5729937021
2.6656158069
3.3665217961
3.3503040789
3.2537288311
3.0771524571
3.65129905665
3.0778516341
3.4394558477
2.9819923869
3.2082517879
3.4796687389
3.9048714541
3.3234514061
3.2780976849
2.7084574321
2.7799929249
3.2830178559
2.8500943179
3.4308986221
3.7119675861
3.1588614041
3.9786264061
2.7615166259
3.9951178981
3.4333387021
3.7679405554
3.3991650039
2.7883193303
2.4752241191
3.7588519351
3.1857179691
3.3565088579
3.4664743159
2.9068979751
3.3160820661
3.8111102231
3.5478014729
3.1569231696
3.0190241661
3.5199772961
3.5834977651
3.0769455561
2.9728468079
3.3869193179
3.0552811061
3.2905748361
3.2063744656
3.6365340711
2.9928408819
3.6601195459
3.4015903161
3.2526791311
3.0219920961
3.8165777751
3.3113629759
3.9568532629
3.5508470831
3.5285288799
3.4441184471
3.5881406969
3.8363621661
3.4366976791
3.7372190681
3.6860041761
3.13137535103
3.0345298579
3.9238049961
2.8817254709
3.2283750642
2.9639675491
3.4896313731
3.2254691061
3.9112599961
3.5907167311
3.5257313731
3.1228087441
3.1565566359
3.0339460779
3.4262706011
2.8760109259
3.4334025231
3.1263169149
3.2689235391
3.0528700661
3.7421327321
4.0762442521
3.8264370605
4.153722112
4.174223405
3.22676909
3.35690344
3.962374786
3.4633455
3.439063475
3.296512081
3.76092515
3.880097398
3.69183438
3.868673301
3.000005887
4.046314389
3.906211247
3.005588073
3.362801865
3.891714846
3.9791104804
3.29881765
4.342722932
3.829267663
3.563847273
4.178780505
3.138623293
3.328036485
3.336977331
3.002272808
3.425377994
4.490511831
3.559562964
3.376247101
3.875764483
3.614311587
3.669854607
3.47753083
3.421643488
3.208331552
3.4859782
3.24950191000001
3.89368968
4.359654059
3.896532727
3.34038329
3.148428028
3.697825
3.695951412
3.597964073
2.846983918419
3.0874252614
3.911437248
2.972821505
3.539686581
3.308122846
3.802251841
3.1935949
3.707414816
4.44953403
3.993754184
2.918975703
3.135287177
3.2484989736
3.022758753
3.510899555
4.333417275
3.54277554
4.52398252
3.586234064
3.82288051
3.397969519
4.543277046
3.792367896
3.64999929
3.27694311
3.239054494
3.58531257
4.232981699
2.87475188
4.103042791
3.86936852
4.2664897883
3.307374071
3.35403788
3.377801758
3.64887142
3.525984127
3.4243112776
3.7913596457
3.62497658
4.267333602
4.045473761
3.237121448
3.54870922
3.02145811
3.255797018
3.8854685555
3.93838099
3.4150840568
3.150889253
3.11911878
3.19739979
3.51239973
3.36278927
3.739613242
3.249907359
3.60338807
3.314249193
3.58740186
3.448152869
3.793442702
3.509769626
3.672653875
3.574577992
3.441093592
4.155788134
3.189288832
3.45288626
3.8165519363
3.671688181
3.80893016
3.434218541
2.74530836
3.967017921
3.334423198
3.0342037197
3.80099156
2.936353942
3.97826559
2.917277316
3.934758855
2.899072005
3.102444822
4.45759765
3.658017377
3.38545652
3.36299535
3.813909601
3.673890068
3.335899303
3.44557082
3.861303073
3.939992611
3.493859144
3.4192104575
4.2903895649
3.057773113
3.179811717
3.367616792
3.570914518
3.295740606
3.67535885628
3.162953193
3.926702002
3.620654659
3.834676518
3.807057765
3.1363126372
3.71302177
3.49604533
3.676183409
3.624004384
4.337689723
3.70451034
3.36726173
3.042752956
3.259959839
3.7955766663
3.820740346
3.040204041
3.8786606578
2.944818089
3.336192722
3.6871969424
3.018191197
3.160277266
3.25612772
3.732519599
3.77240369
3.980384895
2.9512587765
3.047720665
3.45166797
3.810230648
3.7443753
3.892723421
2.572137501
3.87491984
3.127309321
2.81506772
3.91519105
3.416436714
3.184214819
2.697305331
3.826070418
3.6041597406
3.218534619
3.890624069
3.19359318
3.056844463
3.105789549
4.127502297
3.466549153
4.2919420236
3.319381991
3.409153524
3.588209152
2.845070817
4.047802827
3.319986983
3.416442134
4.744274107
4.141858907
3.557760668
2.935966286
3.129261458
3.975948152
3.848344058
3.571477853
3.034490296
3.928498529
4.122352213
3.044289127
3.133928167
3.263831243
3.916790278
3.272552253
3.454792699
3.845057111
3.812789722
2.920213376
3.240627358
3.637712958
3.432654148
2.592604407
3.389355027
4.313022796
3.381734467
3.735837451
3.371538981
3.5239519819
2.987577394
3.980019346
3.695019607
3.2036474861
3.226310633
4.304451617
4.321934937
3.142073557
3.413599627
4.545714447
3.765146357
3.789658754
3.184675562
3.991485741
3.6083263925
4.278316998
3.150998835
3.71396382765
3.263427025
3.73706472
2.887674797
3.9755691171
3.903189854
3.843995067
2.766598408
3.639774543
3.726305331
3.553542807
3.903732307
3.927293763
3.391509645
3.096639526
3.093436357
4.24583329
3.968507099
4.0703155595
3.718549283
3.46392408
3.6361269605
3.81974691
4.140076555
3.737582497
3.212081678
4.168452342
3.591900002
4.198607873
3.879904663
3.833606917
3.444001983
3.552018832
3.706706852
3.815822679
3.401374335
3.560421549
4.071138771
3.914930557
3.1534095
3.663314914
3.3091481845
3.784985841
2.4133884508
2.973243272
3.79743548
4.164149651
3.440977777
3.700718356
3.74036063
3.952283215
2.716971359
3.577026681
3.4983414749
4.036190496
3.460411971
3.591432659
2.944950531
2.6413154495
3.31501371
2.898749
3.741330954
3.1328147277
3.436949716
3.294687146
3.441949782
3.69202460765
3.731789735
3.364161066
4.385679549
2.98271687
3.043109281
3.800284228
3.385437568
3.749691592
3.676904302
3.637726828
3.818866883
4.137508357
3.545680106
3.168646554
3.7522482835
3.927067593
3.366942342
3.470665036
2.944882698
3.658687344
3.792261913
3.524773682
2.87958178
3.2690787308
3.853777591
3.374680995
3.735423046
3.342090249
3.937673809
3.390976737
2.877078186
3.255014206
3.4472586183
3.6097977899
3.741327777
3.527607693
2.967341292
3.209350754
3.812595046
3.483884971
3.512074126
3.554905744
4.005685602
3.16283781
3.546608696711
4.030018999
3.9529468598
3.847389416
4.175573658
3.643977903
2.558513161
3.217410328
3.414108675
3.696181072
3.221018379
3.516195757
3.9419352153
3.9596586528
3.3399053645
3.549305349
3.824680129
3.792075065
3.092690137
3.3396219202
4.0770239954
3.744437647
3.577613522
3.782280434
4.2044927082
3.376756321
3.191336257
4.38301643
3.005536289
3.395167606
4.3575904865
4.4160297105
4.0247443745
3.7400639565
4.3951486665
3.4991970075
3.5839575245
4.4374196515
3.8595558565
3.2945951565
3.8122356385
4.0979756057
3.4753527165
3.5526062855
3.1003586165
4.4733693064
3.4438959105
4.5556053715
3.6396401412
4.1375843195
3.9107208565
4.2968201575
3.8742924785
3.7976558545
3.9092308915
3.5867916265
3.5352465285
3.9396071808
3.1842862225
3.8404863525
4.0198380115
3.8863988115
4.0127536855
3.7125028165
3.8298467525
3.634238985
3.0286119625
3.2830745429
4.0277206415
4.2200504085
4.4428091365
3.7289697342
3.6995979115
4.5395334825
4.3250357095
4.0882857285
4.3329765405
3.4257710605
3.2449615595
3.5256655995
3.5750208975
3.4786290375
3.7205600405
3.5840348445
3.2885662303
3.8704257765
3.0728309685
4.6324590735
3.4223046635
3.9689732326
3.6325675175
3.6871098125
3.2075833165
3.7763078955
4.2896891365
4.1633313095
3.8588671665
3.7440804565
4.350604933415
3.9476889525
4.3388326295
4.1317530665
3.7783239965
4.4207841321
2.7656862915
4.1655030685
3.7037891965
3.6982459335
3.7074842627
4.0273870355
3.7791565265
4.1988699805
3.4380632675
4.1406915155
3.6110338565
4.0312250105
3.0972823155
3.6417640285
3.6260287995
3.9277873995
4.2093427035
3.8674583655
3.5534021184
3.7397872665
3.1443748325
3.7595874685
3.482842328
4.3306892705
3.9935077952
3.2337057515
3.830553192
3.148903992
3.52027842
3.28961171
3.715177609
3.56101242
2.572784585
3.16356112
3.283591715
3.722073665
3.226415987
3.79206215
3.579468937
3.340489465
3.230875483
3.314188824
3.08189921
3.658822449
3.173170962
3.699906723
3.6856445532
3.820421903
3.21365315
3.122061765
2.953818063
3.76120744
3.914658649
2.977175614
3.767172595
3.53904091
3.114374217
2.914921636
3.342943451
3.403630323
3.8705229161
3.480039219
3.085755237
3.492030819
3.51531337
4.12605713
3.199435263
3.047522958
2.931659542
3.2167406439
3.100460295
3.466061849
3.333830695
3.434110032
3.058418358
3.521273071
3.349549525
3.506792993
4.083955735
3.566073692
3.83419276
3.50952032
2.72879413
3.001555281
3.560437538
3.852418535
3.3362423341
2.93474839
3.70142019
3.412445325
4.1935116846
3.1356780646
3.416204242
3.5296070548
3.2159764135
2.8131098754
3.90453314
3.653668683
3.757141137
3.4017492771
3.16311709
4.065479949
3.228967564
3.427898167
3.04591343
3.004714545
3.453686831
2.81468863
3.594781839
2.77548756
3.0375432639
3.364463984
3.355085649
3.539748719
3.272939546
3.922412965
3.21283989
3.932417755
3.634293032
3.162343231
3.197637564
3.497092453
3.623740712
3.331092918
4.169787498
3.6579052077
3.758235168
3.749064597
3.491086596
3.542198987
3.480018025
3.008061197
3.263190545
3.880279267
3.85400745099999
3.826505667
3.64198285119
2.983301116
3.012432944
3.618975066
3.341778364
4.067069197
3.87566362689
3.362171657
3.217900467
4.137382634
2.758645487
4.5831197668
2.99145911
3.246350047
3.948169582
3.506690777
3.423972538
3.093272547
3.5307782386
3.413920583
3.009147314
3.250788474
3.626332067
3.487024697
4.137109821
3.490798099
3.22970451
3.313020915
3.258048093
2.807169382
3.503153869
3.440001446
3.479567109
3.854569827
3.0581137759
3.3320070726
2.822138556
3.494650211
4.193381286
3.321400001
3.918692264
3.368403393
4.101483914
3.008243187
4.503935114
3.25551656
3.298075913
3.127992471
3.891088499
3.989342769
3.576354572
4.096220201
3.295310237
3.474075402
3.307891603
3.911785486
4.080559647
3.721682186
4.046557463
2.989948174
3.3214507811
3.756918265
4.064347476
3.3304627043
3.9415319017
3.4514117654
2.952868886
4.0657203724
4.056537028
3.4116432578
3.195610165
3.543147031
2.838445737
3.5100527765
2.792103713
3.406513234
4.022123041
3.53623985
3.568995497
4.061538221
3.780602429
3.674397965
3.496982592
3.5102634163
3.460604767
3.282016527
3.537032543
3.490357557
3.602329755
2.863408273
3.4596494037
3.5367486409
3.7506819547
3.3415838507
3.5284362108
3.6113504107
3.7072478197
3.9745718977
3.3326303437
3.7225579437
3.3587516947
3.5986591067
3.3699318369
4.1072744707
3.7288042697
3.7326563321
2.7841563124
3.5799620937
3.4920669827
3.4329950697
4.1661716108
4.1266839637
3.2747352037
4.1253773177
3.9377484687
3.3882711267
3.9693491337
3.8206530887
3.4863295347
3.7179869437
3.6346418339
3.1637699407
3.5053363477
3.7212082197
3.7518047867
3.4281168717
3.9514632592
3.3550087987
4.1721461047
3.5717336367
3.1055236647
3.3557254177
3.8028258237
3.82887279249
4.2816734797
3.4083594127
4.2163089067
3.8791585677
3.3402427237
3.9147443127
3.98781103516
3.3797531797
3.4578393157
3.3729603697
3.5983519957
3.7975544626
3.6598354937
4.1622935537
3.0883412453
3.1202435347
3.8141725287
3.1898458087
3.7722344437
3.8954960167
3.6399229367
3.7342614747
3.6666987307
4.1748828947
3.5419473647
3.2050357647
3.4153275417
3.13393039404
3.3843476787
4.0212630117
3.4544511747
3.5541588857
4.0929910067
3.9746280587
3.1011125337
4.4521825657
2.8279412977
3.5887829967
3.4606596847
4.0200932317
3.3414411807
2.9942496287
3.5960464437
4.6491048077
3.8961676247
3.6047386057
3.9673325137
3.6967909363
2.9401406097
3.2763845437
3.3495832077
3.2238699837
3.23007899678
3.5022387777
3.4511543457
3.7475212437
3.050379621
3.73983579
2.635490036
3.394805444
2.965025431
3.092653066
3.068710275
2.819963218
3.027306003
3.029333486
3.783898024
2.694167676
3.3394396876
3.231349259
3.327873595
2.771364919
3.049410096
3.025228156
3.113735546
3.177487544
2.995418583
2.969502026
3.668491803
3.365698374
3.742878316
3.229555384
3.083357506
2.573714358
2.992042928
3.841737166
3.733527789
3.317018184
3.095234873
2.793973792
3.353376185
2.480820224
2.582573966
3.156886136
2.735559281
3.723835706
3.108525304
2.514661326
3.760132394
2.8870050436
3.027780009
3.7454223902
2.617035224
3.167904743
2.852622366
3.468255697
2.580599736
2.549060126
2.847491046
2.742613514
3.387274903
3.182493144
3.005724171
3.161366973
2.767207879
3.518451211
3.013842146
3.130679356
3.493545324
3.088859435
2.891180204
3.22934219
3.430819282
3.035772338
3.059313519
2.806294526
3.232714225
2.815265556
2.848237074909
3.289719744
2.889792345
3.257850331
3.312646505
3.129254196
3.935377216
2.471774048
3.1428045137
3.918221188
2.635631456
2.827590319
2.889830356
2.8958075
3.435979828
2.448457996
2.856366636
3.555036899
2.765902242
3.583907243
3.390122211
2.279796751
3.281458134
3.578896396
3.2295218335
3.286759344
2.989652892
3.469236428
3.482839185
3.117272604
3.909893233
3.597750447
2.717623886
3.16322565
3.47894315
4.011933747
3.620344498
3.1858964652
3.770417876
3.036578209
3.1921591907
3.299128919
2.504817947
3.867089766
3.312070126
3.086579375
3.98972397
3.7698541529
3.9325130981
3.336284055
2.809146876
2.9918492
3.245081158
4.247605889
2.648641765
3.378944235
4.039625551
3.0135239882
3.62407102
3.381906796
3.131888022
4.073418204
3.5480832363
3.215264613
3.51666554
3.263682982
3.822670656
3.441512089
3.1643303017
3.737314794
3.238592291
3.205285452
2.851301664
3.373687951
3.479444825
2.955132336
3.033479749
3.2790526626
3.691880944
3.4016340862
3.236243255
3.4837796793
3.669041752
3.271011121
2.841746963
3.532160606
3.651782119
3.37888858
3.55370334
2.994526064
3.359954158
3.1730166248
3.5536660744
3.5146293871
2.701373812
2.55393084
3.3656753374
3.4825817454
3.18893274
4.628836399
3.050861889
2.683663241
3.116475736
3.566453854
3.3735762247
3.7415388574
3.164204781
3.4005101603
3.07371301
2.5686959971
3.623397733
2.92390646
3.0439992208
2.918118307
3.672405966
3.3334117143
3.2491104257
3.4733657224
3.274537462
3.362237545
3.6937663507
3.078076576
3.591666303
3.327176158
3.203043324
4.13424466
3.017449666
3.547792748
3.386376132
3.779682171
3.138155579
4.063432364
3.815715916
3.3100270263
3.682320259
3.630987427
2.905799484
4.199509797
3.657516179
3.7775948496
3.3100927074
3.032632361
3.033009365
3.533173695
2.958429923
3.388873542
3.243160245
3.604331817
3.512748719
3.528750215
3.767782
3.622574674
3.489982782
3.6593235637
3.487132993
3.2563305091
3.415283491
2.8359285022
3.844282821
3.275624011
2.869218116
3.082301451
3.956158755
3.304299409
3.72900092
3.718065741
3.417423367
3.540829981
3.945905383
3.579211182
3.641050798
3.617752641
3.575752429
3.239320516
3.649765
3.604480884
3.85549890207
3.114064447
3.486650449
3.592523988
3.4433935391
3.550755251
3.654669301
3.014139469
3.5360677402
3.838461136
3.428552076
3.753303518
3.4382895028
4.005694531
4.03389126471
2.54526529
3.238667981
3.598574407
3.643223087
4.836678773
3.605817305
4.0924246514
3.545698985
3.0787242931
3.740675475
3.2504148289
3.185197805
3.781515811
3.88353761
3.636613195
2.961121995
3.656487006
3.639310261
4.057403296
3.639775905
3.380871245
3.978941091
3.093573457
3.493109832
4.297740793
2.649972312
2.671156064
3.524746401
3.4704483893
3.445123869
3.592162965
3.44771033295
4.277680628
3.126913036
3.45817839
3.960532591
3.635467331
3.61894048
3.35376274
3.109823874
3.829615056
3.3304753499
3.4883543257
3.5361384079
3.273584042
3.4572751148
3.778921526
3.431193657
3.476050328
3.2619130713
3.887833888
3.555713145
3.75934948
3.44050512
3.720722908
3.4184453183
3.255304515
3.66243184
3.577935127
3.5435749129
3.524085197
3.3142951405
3.706039528
3.104888172
2.93805638705
3.2892435033
3.867084493
3.328750078
3.45897848
3.567515579
2.766849256
3.425976368
3.314840285
3.441719306
3.288027298
3.608832398
2.79624286
3.430121497
3.21699679
3.681454142
3.41785711
3.99062484
3.256661185
3.709401132
3.4136021947
3.24278785
3.755943235
3.30349153
3.891263098
3.274629091
3.534946534
3.012018445
3.04217735
3.140686555
3.328577951
4.085557879
3.814282204
3.5525314591
3.860757325
3.233120948
4.00623973
3.140618575
3.58923293
3.818813743
2.663415629
3.783856725
3.710265776
3.578192657
3.729319372
3.40838398
3.327069411
3.697308256
3.847955961
2.7994172834
3.200828385
3.310753526
2.832604906
3.47967833
3.218950158
3.791814926
3.255697084
2.974564959
3.758767759
2.758849028
3.445012895
3.4725287
3.69917426
3.287376256
3.52297482
3.3901686
3.738644172
4.173808439
4.674708783
3.4161900769
3.642055797
3.755225311
3.777959285
4.029764837
3.233235474
3.671255297
3.2568301384
3.248394397
2.7630517151
3.191745078
2.924217214
3.340060411
3.090527168
3.21828787
3.9403253151
2.904444658
3.729868509
2.834792479
3.471520486
3.415721256
3.454605761
3.421045071
2.909979024
3.245950125
3.841114454
3.631726204
2.825587082
2.721276497
3.38324908
3.2127768908
3.295607319
3.554422965
3.234148979
3.89267910663
3.167473793
3.589223719
3.917035321
3.252670321
3.229589021
2.950183341
2.879334583
3.709925832
3.030132921
3.107424487
2.88481586
3.816179213
3.613155459
2.877976533
3.196986468
3.501361761
3.684772899
3.394562191
3.545215659
3.480123237
3.618536416
3.61062202
3.59329478
3.578584825
2.767633421
2.979930194
2.984015622
2.710924209
3.164578624
2.759911637
3.626210724
3.281869859
3.324970418
3.619985069
3.782699389
2.953207643
3.100821143
3.484370529
3.3921612
3.365808282
3.401990496
3.537731511
3.068855011
2.990096138
3.445428828
3.399288809
3.575780893
3.344249783
2.648766606
3.562115184
2.96582596141
3.260279204
3.253913868
4.16224959
2.896822223
2.671575771
3.221571447
3.217532249
3.53625283
3.614429484
3.6923670517
2.971333518
3.313243581
2.80479636269
3.215908122
3.012707155
2.9694666795
3.651084599
3.786736663
3.3321329953
3.8007742703
3.3629146415
3.6342566363
3.9438634107
3.7032665603
3.5231272563
3.3757121593
3.3672995773
4.0862074973
4.0367857367
3.5858142063
3.9127558654
3.9407774743
3.5260561703
3.6467100683
4.0051508163
3.9242118362
3.6556002587
3.6774103463
3.8954992313
2.8615941953
3.3263289137
3.2359392321
3.8111538193
3.4686068844
3.4535133733
4.0293506411
3.4759012563
3.8311617843
3.2749347743
4.0365124721
3.5345572423
4.1422966925
3.5374080483
4.1408932267
3.5671652113
3.6173529223
4.1838071283
3.2536231383
3.4362807729
3.2651142113
3.6060931307
4.0462228937
3.8368418687
3.2696656023
3.6359098678
3.7760025916
3.9496039463
3.0402057523
3.5959799383
3.6701630537
3.9292743563
3.0350518937
3.6874142613
3.6485533763
3.3311794796
4.0338354923
3.5519997892
3.7227135633
3.8695853637
3.7242092663
3.5466638187
3.51522995795
3.7074146347
3.4144366693
3.2463311363
4.0188413033
3.3135519223
3.6426667687
4.2295899038
3.6616235007
3.1681817307
3.4238766503
3.6562044213
3.8363941793
3.2703924737
3.0967497767
3.1936931237
3.8296449573
3.6729557833
3.8724754947
3.3360322513
3.60857640629
3.9737897113
3.6847749393
3.5862075231
3.2562548713
3.3330536637
3.0008874573
3.7937668363
3.5484385373
3.1652210413
3.7746610553
3.1605314353
4.0125523157
3.6142999229
3.5523271637
3.2854547743
3.0973448443
2.98250744
3.335967614
4.0721139313
3.04236627
3.58508798
3.37644217
3.792550265
3.608299381
3.688181765
3.201805858
3.11193748
3.514769327
3.555309829
3.687576828
3.078896358
4.39207398
3.311147001
3.145086469
4.267191348
3.531581752
3.72595261
3.5549639289
4.057387849
3.806046394
3.888416339
2.9836954
3.403508153
3.819777845
3.59981585
2.93028414
4.2381048295
3.432746827
3.409695527
3.228061724
3.58454455
4.162030757
3.237933072
3.425370744
3.68668586
3.290481419
2.79546912
4.0145632021
3.47076039
3.72307824938
3.92336484603
3.85791833897
3.79267582
3.583938444
3.731265622
3.489326807
3.694366181
3.27605559
3.38600622
2.642864778
3.98089001
3.109838137
3.8137636261
2.673778636
3.3248407439
3.623691553
3.410644145
3.42101590044
2.75383724
2.80873931
3.14746478
3.40699601
3.466155109
3.513424685
4.003319814
3.283853914
3.757923086
3.5227125
3.37499169
3.195718661
3.5256723
3.813258798
3.1308632463
3.374544874
4.347652254
2.9187663703
3.43160094
4.27346918
3.369098118
3.13327576
3.67487307
4.03648096
2.884580694
3.40481634
3.206154455
4.301398117
3.397159295
3.492523366
3.957326209
3.333307515
4.196040759
3.26920029
3.426145478
3.7427931742
3.961618752
3.774390684
3.3718984
3.43188909
3.393705923
4.379468834
3.20671898
3.158366593
3.506229169
3.63218026
2.674192305
3.95647293
3.406942255
3.902568638
3.0616453395
3.676425405
3.210436372
3.159749393
3.215005931
3.7835921389
3.659696324
2.81106884
3.74979057
3.40639172
3.597842223
3.0519902413
3.524030918
3.449261898
3.334584641
3.8774625503
3.476763356
3.36619016
3.852412847
3.51391678346
3.0548277053
3.59222169
3.9212403571
3.715868633
4.194238488
3.29183616
3.515131923
3.306093137
3.630760575
3.416776169
3.938066482
3.069696809
3.834245666
3.484542298
3.544341259
3.71670964
3.41789837
3.659703416
3.377909071
3.132418928
4.129245425
3.654606963
3.12322373
3.69307557
3.31119700642
2.956596812
3.056512138
3.6470765684
3.329663334
3.99705569919
2.651825423
3.558118013
4.176557852
4.051586289
3.7349546162
3.003951834
3.26488961
3.99984322
2.884441896
3.293087994
4.349023709
3.8453865577
3.4143950371
3.637380175
3.521993182
3.0425556644
3.719466148
3.10819093
3.9119023333
3.2613603787
4.000165744
3.778540711
3.536262373
3.38673338
4.017299208
4.060055021
3.19106075
3.0608769663
3.82673992
3.194018379
3.1402497579
3.74723684
3.322563423
3.627038527
3.797134458
3.126732352
3.029174992
3.57996063
3.59136763
3.0241607
3.49755432
3.25662642
3.11238421
3.83193841
2.72575493
3.197870367
3.84695314
3.3569754
3.8050439628
2.60827788
2.82206101
3.09285045
2.09045412
3.452215004
2.770673322
3.44835281
3.1407478074
3.57201352
3.23128772
3.80278932
3.06191373
3.343819647
3.18297879
3.14593933
3.25639816
3.408120579
3.14491609
2.76957586
3.287862608
3.41669132
3.234298511
3.327933868
3.67158141
3.036431691
2.80235412
3.47187812
3.5800191
3.45121431
3.020830836
2.848883591
2.421828116
3.26619195
2.744169067
3.0427224948
3.3197325
3.481683857
3.03437927
3.097304589
2.538381451
2.29640504
3.51653037
3.2369924511
3.37884003
3.3343604
3.902115125
2.82842665
3.97431689
3.10671436
3.079490161
2.57129239
3.86674499
3.12861827
2.84737366
3.533490491
3.365392234
2.92127294
3.86441424
3.25777608
3.41508874
3.37540693
2.76227828
2.74325733
3.60670477
3.67699263
3.43805423
3.061363357
3.18850691
2.937756625
3.36339887
2.92081405
3.233314357
2.948445687
2.77612771
3.42263072
3.54297569
3.4097106
2.46749329
2.8389934
2.9344562
2.86065067
3.17885133
2.83471287
3.592667457
3.41222579
2.73415536
3.702886631
2.87034622
2.65297766
4.167697679
3.881852757
3.134610872
4.470476671
3.605267039
3.930383187
4.098872486
4.1922842512
3.413054315
4.062647751
3.4852478375
3.37472975
3.7034523324
3.716229551
3.754179968
3.85495915
3.687391486
3.292594836
3.642829569
4.352069244
3.402654378
3.713224264
3.81580735
4.072830503
4.1132780328
3.676048592
3.1516701307
3.79496407
3.850797034
3.894537476
3.537935395
3.3959423334
3.909496628
3.7372449761
3.145080941
3.2475235962
4.032437312
4.3826580292
3.744768934
3.366504969
3.56693906
3.856125877
3.329749406
3.663017897
4.176157512
2.872582179
3.692227822
3.7651967596
3.124351279
3.4061281389
3.287708806
3.6440286915
3.17248543
3.9564889928
3.682470118
4.052096108
3.669008976
3.48291484023
3.679082808
3.8689972281
3.70110843
3.66436532
3.574055115
3.958890466
4.082795992
3.389190427
3.937669504
3.820870449
4.010873966
3.414584355
3.114676007
2.81146195
3.21716207
3.969672584
4.152798409
4.0051078001
3.04632846
3.776812309
3.343804556
3.664687627
3.642714335
3.27659689
3.617859289
3.84464466
3.474665237
3.184026961
3.7794915402
4.206306473
3.313596903
4.006974268
3.2264831279
3.32956452
3.109724822
2.942529068
3.93322575
4.431332982
3.819279798
3.424089996
3.805993849
4.839863938
4.1476181026
3.47783768754
3.9402077556
3.0960856826
3.3710640236
3.5327850496
4.067705499
3.4066992314
3.7599547996
3.7328818886
3.5524030756
4.32038980860001
3.7963251648
3.7421885486
3.7309242886
3.2999077086
3.5517727956
4.5258257066
4.1978752854
3.1039200364
3.0344712014
3.7290579186
3.6529379498
3.5315442086
3.6699384586
3.7417097786
3.4488786134
3.37079695322
3.3021050986
3.7396663026
4.1346379986
3.0775206926
3.4299291686
3.4306940146
4.5725884446
3.2761172686
2.9640474656
4.1403249951
3.3700091214
3.4556296376
3.5006429276
3.5580338614
3.4583780086
3.7249381266
3.0763534384
3.6680791036
3.4592713094
3.6594806596
3.7660294526
4.0643811624
3.1339283506
4.1965465206
4.4520966716
3.1282976086
3.8968625076
4.0314676014
3.4570316596
3.0331972356
3.4371408586
4.4408991774
4.0348725024
3.4096755114
4.4227221106
4.0770598586
3.7011673656
3.6706401776
3.41417578
4.0553184886
3.1848639286
3.7106437039
3.3294056856
3.6161940086
3.4430960416
3.9885640386
4.2327031166
3.2976031466
3.5333167066
3.2491957872
3.5747806046
3.2922339086
3.2460119986
3.4076062576
3.9315656876
3.3249018414
3.6243229786
3.3872256886
3.5109689386
3.4737413156
4.2957907517
4.0801159056
3.6722333014
3.7595701236
3.5234539916
3.8789565936
3.3217136914
3.3401454926
4.1450377986
3.9778182602
3.3029540986
3.0876361786
3.650646451
4.161659179
3.690995584
3.294998395
3.541437433
3.289453086
4.0038262972
3.18016538
2.946488341
3.65781611
3.0928958403
3.749390994
4.0575223405
3.36748201
2.9480973943
4.1876454938
2.674618164
3.59718462
3.348307907
3.4124841506
3.667032865
3.3730372859
3.45456065
3.442740242
3.4780147664
3.599352734
3.78815377
3.2917824969
3.214757362
4.167883122
2.973987825
3.904998557
4.357349858
3.52802581
2.72515339
3.9901656652
3.436004976
3.616531712
4.136574611
3.69664691
3.571144256
3.5093808871
3.415826914
3.782911899
3.1480401568
3.358941678
2.99356345
2.996832048
4.05743308
3.8534397
3.0062054696
4.0025263033
3.37002867259
2.251277084
3.5211435574
3.7255081552
3.32011718
3.451541075
3.9247228786
3.835045094
3.707234763
3.292116735
3.785734835
3.8100964028
3.1330536647
3.448667212
3.132674819
3.401822864
3.031443427
3.770230127
3.0854892605
3.55814579
3.5132026558
3.642301935
3.46367329
3.088576115
3.688327282
3.766997021
3.387167276
3.05642189
4.508726291
4.014846079
2.898160513
3.149193391
2.968637264
2.7045991217
3.14986208803
3.584498568
3.21634197
3.059624691
3.26752701753
3.930084956
3.600086896
3.591652869
3.127774257
3.34724552
3.378132714
3.507657309
3.500384726
3.787062051
3.520788364
2.9570673029
3.724089798
3.138252048
2.902807418
3.5119862461
3.243594088
2.9440756572
3.117308631
3.502361813
3.226419067
3.9716782762
3.3044203711
3.70227264
3.43478874
3.28530085
2.91829963848
3.100472069
3.6771756404
4.757812975
3.21758833
3.135667093
2.821285975
3.0359605389
3.8587606367
3.7277292116
3.0526501413
3.555446832
3.175548779
3.41660484
2.932194512
3.256154725
3.288081248
3.513564149
3.2137061558
3.246192981
3.1267423868
3.020325684
3.507772273
3.842535841
3.631305727
3.687914709
3.680918396
3.274008434
3.3065594908
3.197259545
4.232918897
3.668432961
4.138066221
3.235273162
3.2278918422
2.896492588
3.318756735
3.971568502
3.328764373
3.358534065
2.843926713
3.253597732
3.32714864796
3.6559282352
3.514890244
2.838847835
3.823329384
3.325075408
2.995148953
3.3294296614
3.732610544
3.100264456
2.49362363
3.629410619
3.433338796
3.7026439004
3.09172377
3.3920680482
3.159179073
3.217975179
2.796013183
3.055637528
3.216208993
3.596489228
4.183255751
3.787678689
4.019921232
3.194204188
3.5430778
3.53113524
3.714942622
3.5418017253
3.4127831552
3.383273721
3.298679858
3.064486778
3.753597364
3.495030729
3.17224746614
3.397352739
2.832442211
3.528578194
3.196075233
3.759612499691
3.2843907922
4.633253956
3.427438452
3.73583278
3.6729795146
3.333211933
3.960359433
3.8346465564
4.010288068
3.431309164
4.049057282
4.159311481
3.736051506
3.101747093
3.3969914274
4.051742618
3.438732986
3.155306663
3.0144250124
3.890499286
3.280914485
3.459974934
3.845619431
3.8338340349
3.342572813
3.1762811
4.103370331
3.670815236
2.915267026
3.603355989
2.953815432
4.29440084
3.195647968
3.559602081
3.708544773
3.499065173
3.642646408
3.673306931
3.077822796
3.643774761
3.7524326556
3.9078011977
3.425156471
2.798325345
3.42706088
3.743722401
3.834627634
3.403362976
3.571471697
3.470880684
2.902853529
3.312537572
4.06820362
2.940397726
2.611830184
3.606448543
4.244908606
3.843739787
3.176976495
4.231098919
3.759047037
3.707420795
4.169120705
4.013798294
3.397864493
3.549750433
2.927230563
3.282890134
3.29047358
3.255043007
3.50118116
3.295870021
3.254349603
3.909797942
3.2957727565
3.9767474219
3.3619668392
3.2553439288
3.376404374
4.520500174
3.351268862
3.59278416
3.694328861
3.63545253
3.534642381
3.599768482
3.241844476
4.1695895569
4.011180352
3.399838602
4.16473927
3.99929134
4.347936318
4.026866677
3.86867374
3.61783368
4.249360322
3.459188918
3.7665205651
3.618297859
3.220002521
3.2179776462
3.367481662
3.589031572
3.278202242
2.929792929
3.341418093
3.403230778
3.254637676
3.058732281
3.725160239
3.178331123
3.521061218
3.588991492
3.303004022
3.755816598
3.639340832
3.872292769
3.806014772
3.572246198
3.093280282
3.150371643
2.9203135
3.447990706
3.388442377
3.523404242
3.065421794
4.03246204
3.597245465
3.6561670506
3.473742604
3.300962048
3.253882422
3.831372186
2.806041061
3.086500199
3.714308708
3.7688390595
3.051718909
3.254255757
3.58705711
3.056994375
3.580632733
3.180540564
3.321949513
3.5997412
3.436659374
3.741939746
3.056344213
3.6412311735
3.764302859
3.548922732
3.302458958
2.292944961
3.782298543
3.81429475
3.577627673
3.5279951874
4.0687961841
3.776059621
3.229906908
3.826706976
3.577391784
3.4755975
3.237835248
3.2631070579
3.492075966
3.245910891
3.115752222
3.482499434
2.862913542
3.5198631479
3.274476459
3.382953053
3.408855262
3.3021649932
3.138632111
3.614426825
3.379475564
3.075527887
3.1339485294
2.684935305
2.6471745928
3.5275343555
3.428112868
3.416112828
3.092137506
3.244117647
3.928878585
3.4673891164
3.771082118
3.804032844
3.896722107
3.341764412
2.835317314
3.681073376
3.222372984
3.211648825
3.089888732
3.560910273
4.486940268
4.341304799
3.20260471
3.578090964
3.196231943
3.50399461
3.480129956
3.780314403
4.131859216
3.303675837
3.921424553
3.168360999
3.389570379
3.166773315
3.782296147
4.227791658
3.292048812
3.691360187
2.956474032
3.282880197
3.80967428
3.723024866
3.017019423
3.096154726
4.494623323
3.553310159
3.4673149845
3.759102124
3.876912466
3.597231968
4.163866638
3.205077565
3.35956079407
2.830845442
3.658568879
4.153690651
3.990414463
3.344394867
3.753390704
2.686671042
3.1067504655
3.563996777
3.787761454
3.654984546
3.766575013
3.390027194
4.39197466
3.156713188
3.925641435
2.993350898
3.200294657
3.175295713
2.928476317
3.5428472284
3.7531808071
3.747770941
3.793070405
3.188658938
3.591168674
3.288902113
3.611983077
3.8746126896
3.479888554
3.401921607
3.16181243
3.2504916247
3.1933827097
3.735010687
3.672841314
3.427861435
3.535754261
4.308781943
2.903100634
3.311988525276
3.223184623
3.290551852
2.957205542
4.47412258
3.55143768645
3.880790644
2.804911007
3.514931782
2.6848850252
3.300791958
3.849861128
3.621598656
3.528004074
3.6165739619
3.132120597
3.335044383
4.274622055
3.267075044
3.478040196
3.285434612
3.704531687
4.032286905
3.434656256
3.580787674
3.943843922
4.07892329
3.76368323
4.183857753
3.91299132
3.7652982
3.702600093
4.40776466
4.24820982209
3.920777475
4.85462778
4.262213133
4.39848848
4.09359505
4.107635708
4.317662435
4.09014019
4.631279428
3.822593549
4.359055306
3.396563761
3.52877641
3.62771112
4.483722369
4.167041899
4.103051771
3.6022168032
3.72998079
3.446594868
4.837790211
3.718524023
4.955738972
4.240702436
3.213762913
4.19739567
4.58245255
3.419041916
3.45407228
3.596143427
4.2737280655
4.165436958
3.551207409
3.99070655
3.21076179
3.655881717
3.864111231
3.952393244
4.213805907
3.444191488
3.655444697
3.838902804
4.406960031
4.266243547
4.488738413
4.121439851
4.53362674
4.134063339
3.25368772
3.848531329
4.436375238
3.886816996
4.147675633
4.313331
4.241497137
4.093268866
3.5509471182
3.63367475
3.595212888
4.264189834
4.433936899
3.769091947
4.708323322
3.8507032
3.371093249
3.403578673
3.82948743
3.887357771
4.07307024
3.806755116
3.66527537
4.009923662
3.948421995
4.449302752
3.94602919
3.605802627
3.92171706
3.16637305
4.481669118
4.527172955
3.899337791
3.705486405
3.261018146
4.252821992
4.2431738813
4.182020726
2.97533488
4.75912806
3.74053797
3.655406956
4.448661
4.30400806
3.841459507
4.126814498
3.710508689
3.383241435
3.547984635
4.010471381
3.217869754
4.203273561
3.66941329
4.119162737
3.606685063
3.3639098851
3.760722485
3.43616248
3.113288895
3.339147273
3.6118906704
3.3145908247
3.117326681
3.04488923
3.4209737667
3.69072757
3.3950261638
3.66210967
3.74024921
3.58649988
3.2528266819
3.515644745
3.32815601
3.625185154
3.463110176
3.691065097
2.853556044
3.2987879539
4.083225428
3.007945539
3.73524466
3.909930834
3.526260527
3.100892383
3.03456924
3.625618789
3.634454012
3.77237873
3.286699218
3.736245433
2.7897519646
3.6042643659
3.462863744
3.317949786
3.598592867
2.9456968147
3.914214837
3.1120457664
3.557917351
3.777973027
4.034717097
3.61204845634
3.503921784
3.15464578
3.116479456
3.451492079
3.357000602
3.666524323
3.6031437697
3.397811281
4.007388677
3.3517319346
3.998128148
3.881391422
3.636341402
3.534012049
3.165012408
3.651459721
3.48962085
4.012695218
3.98143757
3.3824078196
3.61861692
3.35671875
3.219980761
3.7859936
3.224139406
3.2825181663
3.199947743
3.5858251383
3.46959872
3.7002466918
3.95904094
2.871168518
3.951453383
3.080916159
4.0336596
3.9756036223
4.002570692
3.091212827
3.7919312112
3.20671138
3.5599663281
3.334379626
3.908798434
3.9260964775
3.6658076238
4.02294917173
4.619036411
3.840465626
4.028241624
3.730597197
3.942967797
3.324602326
4.073952276
3.81903737
4.352880487
3.8598936088
3.445138244
3.679766953
3.959262177
3.558727281
3.292630757
4.632962417
3.555273944
3.853124747
3.457736797
3.404230224
4.1907158817
3.866593885
3.932452219
3.822529024
4.5246560203
3.248489045
4.396584844
3.581445687817
4.023639825
4.3198868779
3.880446067
4.528024677
3.805272017
3.841008036
3.263350506
3.503135026
3.54988824
4.2261471625
4.037543385
3.943868894
3.530907315
4.071486726
3.957582161
3.8593021475
4.393855496
3.612708249
3.792250614
4.113939227
3.840560087
4.581425032
4.440505747
3.859469519
4.0794713767
3.919315347
4.430529092
3.98722313
3.840214397
4.598695244
4.4572259254
3.601903869
3.069881507
4.216952552
3.7967212461
5.101966157
4.091137429
3.406342219
3.1762130298
4.095507762
3.6685984637
3.706316637
3.748941897
4.144312349
3.903370191
4.377656287
4.844629756
3.783183978
3.905341241
4.191279853
3.603280137
5.0049243941
3.396323005
3.3950721246
3.728612443
4.293662558
5.460254236
4.13278314533
4.160013616
3.562443664
3.822226207
3.417816377
4.271545097
3.710289252
3.897346277
4.170748581
4.579603947
4.308210568
4.727561478
3.463490655
3.371558465
3.822997125
2.980004523
3.768229912
3.761136975
3.4679263691
3.657366295
4.195869231
3.852622962
3.928845184
3.247387821
3.225346972
3.742971409
3.860880545
3.401426225
4.093728535
3.412365395
3.155342625
3.502651172
2.671532686
3.7560525949
3.765086338
4.410161565
3.2565429146
3.681291055
3.4303400151
3.032755614
3.89076827
3.329134435
3.838897736
2.940851575
3.292482485
3.229465926
2.938609865
3.2467334497
3.251691315
3.319177651
3.347838136
3.252298661
3.353564462
3.542092765
3.33885356
3.63769826585
3.961285156
3.799163517
3.727633304
3.16574941197
4.409941965
3.655996305
3.366291045
3.1444539749
3.286222402
2.866030461
3.282357225
3.69853622
4.006477989
3.3316362949
4.086090993
3.580978013
3.939446105
3.6607632257
2.751191069
3.916885249
3.046119168
3.317340703
3.235317785
3.356303592
2.910194058
2.98834611
3.559210795
3.2852369587
3.407107265
3.030007931
3.929215388
3.469386853
4.217924312
3.554040066
3.841120604
3.6705261248
3.358475195
3.221984285
3.335608211
3.358795522
3.671984556
3.766716354
3.370979826
3.530123517
3.159487615
3.267907445
3.0383187809
3.410914925
3.42767235226
3.933800661
3.037788705
3.379620682
3.4444375251
3.512675542
3.543678896
3.371696678
3.733128687
3.56550934
3.60519748
3.487087846
3.32051955
3.79305667
3.251898539
3.362733149
3.2793945
3.45650984
2.63589406
2.897315645
3.40153882
3.33782648
3.38881396
3.76149414
3.83602616
3.301932092
3.57949846
4.099156036
2.99096157
3.449870155
3.60114167
2.79490676
3.30664837
2.99141322
3.536006055
3.8902108748
3.719938541
3.759808647
2.97182884
3.554315613
3.47017844
3.85983061
3.15948902
3.093212715
3.1354818
2.996557318
3.395556889
3.36644166
2.831601315
3.809025598
3.72016457
3.221672817
3.66230697
3.709589644
3.31366875
3.357912265
3.24767232
3.165597744
3.02629592
3.481527657
3.38792255
3.53821317
3.49522533
3.454738807
2.98379779
3.758670118
3.18614473
3.74478542
3.49038743
2.9144885
3.1772331
3.372580341
2.98207583
3.6798291668
3.58662162
3.312444277
3.235669381
3.43541492
3.20209048
3.0796084
3.3997328508
2.914563995
2.95035935
3.12964363
3.35036274
3.831448244
3.762451759
3.4329429
3.15659401
3.05991352
3.07560381
3.369308762
3.109946496
3.2937918
3.834079504
3.767073382
2.89913488
3.845927
3.28504209
3.815267407
3.61525542
2.6368828
3.446500318
3.870186188
3.06773073
3.24420751
3.335877647
3.16487325
3.1340864038
3.7847475338
3.7698637298
3.0657654158
3.6013845778
3.8795266222
4.3399983158
3.9484112178
3.1182898278
3.0300233252
3.2812958038
3.1460979522
3.3383909358
3.2561512558
3.2747348658
3.2326757172
3.1864526308
3.6043525372
3.5974200358
4.2921982588
3.5115793338
3.0096516642
3.0992953132
2.8474361227
3.8521917822
3.1224369768
2.8368791303
3.2850041178
3.1818147482
3.8765028328
3.1601921742
2.7141914622
3.5178378118
3.1344144198
3.0604843428
3.1741130858
3.1800286798
3.6734743092
3.6489479552
2.7360994209
3.4724346258
3.7628198558
3.4400104558
3.8597529402
3.6287344438
3.8178459322
3.68627567232
4.0292781152
3.510794615
2.6528537392
3.4723091418
3.9408000765
3.0440834475
2.9784108522
3.7169350432
3.0008092972
3.0208615748
3.7178860302
3.2299104342
3.9183217472
3.389338604
3.6396767048
3.139268438
3.5947077542
3.3085716358
3.3702061822
3.1062100472
3.6669636158
3.8144466158
3.0209659402
3.4754697103
3.9300602302
3.2860544658
3.0955189208
3.2192162127
3.7084711402
2.9508045278
2.9051539448
3.1898609958
3.1526063998
3.9121886002
3.9720391578
3.4298083004
3.6641100272
3.2939456262
3.9362685512
3.2436386958
3.9210928072
3.2257328242
3.1249943598
3.3710178988
2.5904041988
3.3969658158
2.8018000638
3.4550235898
4.3938874028
3.3260755982
2.9671554938
3.8764516968
3.5171716432
2.95281996
3.142654882
3.7748475
3.593564992
3.3845727788
3.473614603
3.131049855
3.499592782
3.580773367
3.205933922
3.808609782
2.96640341
3.490802198
3.80108596
3.347585192
3.08958994
3.2894696
3.604140232
3.134773982
3.198431981
3.186452506
3.595667052
3.508380662
3.606978105
3.532285895
3.056563242
2.579040681
3.311502962
3.016095896
3.247292792
3.845624342
3.235845602
3.4566839215
4.1365519472
3.268849569
3.705203529
2.862421213
3.697461537
3.845244597
3.677382841
3.77985324
2.944139959
3.615463944
2.9806874847
3.263953427
2.972327273
3.777353331
3.181511023
2.83553107
3.622272554
3.75586724
3.400047382
3.770429608
3.655064257
3.44487137872
3.38262343
3.63381612
3.320268401
3.26408207
3.465454052
3.097387791
2.941432652
3.816297586
3.467824451
2.956817982
2.833762802
3.303472252
3.62847366
2.641314881
3.0361649
3.026886
3.250289843
3.61787089
3.948263092
2.845494102
3.18861472
3.470631982
2.904754181
3.114258922
3.725381191
3.360968422
3.287167496
3.25472395
3.23358893
3.262414036
3.042336414
3.0522169808
2.818225156
3.029590027
3.238824235
3.253891922
3.537225753
3.810723522
4.001767656
3.31979084
3.1699767876
3.24599072
2.825440382
3.26795946
3.81210127
3.8371897856
3.5023334146
2.8211478734
3.6096777856
3.6431323596
3.8353263076
3.2126087944
3.2774525724
3.5687707926
3.0207465396
3.2595232054
3.3854276356
3.3781036146
2.8843487224
3.4276072046
3.2474415024
3.8417176196
3.7724324524
3.4182096154
3.2176621596
3.5072080726
3.7802322096
3.6158880362
3.6655597202
3.2542876024
3.8184508026
3.7237977394
3.0898260006
3.8701821454
3.9968607374
3.3100593316
3.2430607299
3.5277297815
3.7064633564
3.1885434686
3.5524555176
2.8866380534
3.3615430976
3.4944733836
3.4314310624
3.4828715934
3.2915676996
3.1981676906
3.3869227416
4.2405521526
3.3737593194
3.8710350824
3.2008409837
3.2454338496
3.1723478804
3.4868954866
3.1575472986
3.0838000396
3.9159231116
3.4992434696
3.3330791096
3.5948802316
3.6155110736
3.4686930246
2.7185157034
3.6606991624
3.0214196796
3.4345546716
4.5812268936
4.3556731324
3.9390830796
3.2627886364
3.4074162396
3.3013689201
3.9990898236
3.6479759096
3.266522914
4.1041682636
3.69163977036
3.2054686104
3.7621794246
3.3058252818
3.4247935966
3.1343716296
2.9088682786
3.3965257476
3.4050740346
3.27531923487
4.7096034324
2.9659653476
3.1967500506
4.0674721324
3.9997623436
3.4493563476
3.5985774366
3.7546548624
3.7396359856
3.7018470794
3.4745427824
2.8165263174
3.4932494044
3.7580071376
3.3924119224
3.3955124984
3.50776211234
3.04335654
3.70105229
4.036348996
4.2638603
3.72794861
3.342684625
2.70554438
3.208305719
3.288489162
2.9745526365
3.7755330736
3.32037669
3.21992936
2.97558183
3.970270567
3.52441077
3.3622086243
3.32782126
3.45796696
4.35105397
3.835174097
3.53750079
3.621858124
3.548834681
3.46589418
3.884142291
3.704423323
3.253179209
4.05847773
3.87520604
3.42610623
2.79010732
3.1180704
3.42151889
3.274746172
3.337686412
3.858051015
3.139529445
3.146403795
2.832152916
3.23521242
4.2855893969
2.63023258
4.240179675
4.57136462
3.531192995
3.40628425
3.28976516
3.337955048
3.228468097
3.95809606
3.50121619
3.35120307
3.212726902
3.92297461
3.285470939
3.355777071
2.995305599
3.384358438
3.766036573
3.78547756
3.92103079
3.91866689
3.159182037
3.59235209
4.135493417
3.41583881
3.15272588
3.739430963
3.327481383
3.4928058823
3.5656145079
3.678467128
3.557610602
3.44432983
2.80807739
3.47597249
3.584128277
3.23107867284
3.33002673
3.40107715
3.1411456899
3.66282106
3.78266949
3.56424775
3.41010738
3.830740703
3.489251805
3.511414944
3.4420447
3.3072467
2.912135429
3.120301732
4.012271235
3.357744901
3.1640974
4.045175587
3.11260788
3.41344939
4.01402926
3.30441065
2.940791761
3.4948859
3.513155712
3.124995807
3.737076452
3.6254131458
3.524863172
3.678516499
3.331423437
2.97888839
3.44020965
2.991824789
3.745251091
4.183820638
3.009046454
2.770127732
3.88236671
4.2947448776
3.822575283
4.081730253
3.5804644
3.945577087098
2.907992314
3.653105417
3.188479092
4.398214332
3.54502527
3.390125992
3.04062094
3.32517474
3.64817074
3.8566637
3.156949701
3.921554892
3.1193949822
3.303429104
3.62246142
3.172705675
3.68870035
4.12008769200001
2.914917229
4.080875571
3.791773485
2.98327325
3.747788585
3.944194492
3.794924478
3.67211993
3.6055714
3.25832116
3.67184377
4.06500443
4.630894134
3.85714914
3.65986918
3.59335392
3.58129397
3.369995871
3.45467029
3.461792574
3.529341879
3.348420441
3.941271091
3.348589061
3.679439934
3.50114903
3.41359296859
3.017793002
4.21501901
3.59051606
4.251031386
3.928480602
3.74344018
3.590933
3.7486824124
3.002573692
4.117242342
4.200797126
3.0893160243
3.057406455
3.637290283
3.60388931
3.9309292731
3.07079341
3.74544901
3.774937563
3.30574423
4.3208552464
3.299126254
3.425698945
4.036740396
4.2127140129
3.219575373
3.690075201
3.172502614
3.601493661
3.031771758
3.375396571
3.05934476
2.972922649
3.680352272
3.948164081
2.710281894
3.228769159
3.183122543
3.305546534
3.003547963
3.444224804
3.448895731
3.406984911
3.315365887
3.038655469
3.171109809
3.706278409
2.854431866
3.63669447
3.236175483
3.346564711
3.408401537
3.07059955746
3.14400692
3.601030741
2.995287801
3.255700667
2.855615329
3.505655979
3.623792679
3.297619698
3.080974805
3.26435781
3.147382533
3.013940089
2.945700239
3.4765408201
3.600010221
3.342217973
3.277514599
2.565515338
3.674838835
2.837722131
2.916618638
2.935543387
3.347249539
2.599245228
3.515308219
3.445799741
2.800628301
3.474491184
3.781296675
3.118391822
3.2533973
3.6389767551
3.668672615
3.301086962
3.413411041
3.601894585
2.939932249
3.290281627
3.573295203
3.285105315
3.698076854
3.589187087
3.313634677
3.019084044
2.907095723
2.992257827
3.21081725
3.476883886
2.967038597
3.367619229
3.661994501
3.852521801
3.6784377742
2.938791436
3.347734055
3.520288509
3.331618259
2.798107196
3.213071459
2.920374674
2.909913193
3.3245953919
3.097209536
3.202629155
2.693274079
3.479131498
2.418783373
3.483265393
3.479316215
2.807625845
3.329984426
3.265908291
3.0913371936
3.683965989
3.037390897
4.065654057
3.746413705
3.009853446
3.932116572
3.294740334
3.983851514
3.949083497
3.962059314
3.677591192
3.471968494
3.654870034
3.797603862
3.707355665
3.734804564
3.49293575599999
4.153125054
4.099880661
3.437432563
3.980100738
3.503605524
3.258913214
3.537804075
3.53528021
3.982086687
3.847764132
2.837724848
2.9188118608
3.083652194
3.17461213
3.615752644
3.601259784
3.788390383
3.004898821
3.711777189
3.742915211
3.592585564
3.618972517
3.642124464
3.901115119
4.128014254
4.084276908
3.612812404
3.867949764
2.929954553
3.702338581
3.307772814
3.793899094
3.883949724
3.381070699
3.819013324
4.135192069
4.164881904
3.450928224
3.512330274
3.592734301
3.155407294
3.492599154
3.36605206383
3.241094592
3.646793531
3.376004118
3.079131748
3.484969584
4.833721654
3.787755848
4.218292654
3.633429214
3.77339305
3.50842545
3.596527556
3.191954504
3.080844334
3.592087326
3.643414907
3.576190034
3.4817480553
3.354819694
4.228077494
3.7470282638
3.936435972
3.623640512
3.602722502
4.600796294
3.697462244
3.244293698
4.304593824
3.689377691
3.166500203
4.334080006
4.239867264
3.830928095
3.570557059
3.284851044
4.495883354
3.623718789
3.658925914
4.010450889
4.023393894
3.391961799
4.049030174
3.180531142
3.373409664
3.694628048
3.967487425
3.31910073
2.88720278
2.877585821
3.677517602
3.23867611415
3.12481299
3.36216425
4.162935841
3.13341288
3.33488011
2.70788558
4.93304785
3.37227598
3.51972223
3.65822416
3.49286978
4.155617119
3.02519357
3.35827966
2.82636271
4.12971978
2.76248854
3.45999455
2.63142777
3.45023308
3.32658822
3.511369985
3.28216382
3.29270863
3.672670655
3.70489602
2.75388788
3.305343424
3.7989241
3.63479673
3.44661824
3.76238601
4.265805635
3.30734599
3.30234557
3.51542994
3.400774129
3.41128167
3.44056473
3.80080449
3.731096375
3.284389269
3.76126749
2.99177435
3.3590272
3.10565326
2.63453074
3.56152281
3.31884681
3.898894973
2.76999521
3.820448397
3.05541923
3.118176928
3.63558465
4.11950231
3.39877494
3.31010163
3.30601399
3.358366771
3.17917554
3.26514514
2.94917803
3.08762662
3.8234510268
3.981464445
3.57548682
2.78347895
3.55776663
4.26895728
4.30580446
3.54070888166
3.27164547
3.276229
2.74269711
3.612537312
3.87168931
3.954049091
3.466924443
3.59064135
3.265433586
3.194165557
3.3504969
3.54778074
2.89050751
3.50431475
2.92841624
3.15211015
3.729384485
3.73575854
3.94392502
3.49705297
3.25038667
3.85211891
3.1716213824
3.788507452
3.50697675
3.582814749
3.751844671
3.722702531
3.7105147144
3.375106541
3.430003183
3.3746203059
3.420366968
3.122906825
2.851096227
3.495529394
2.721321212
3.191900396
3.69037115
3.211120033
3.474375576
3.854337617
3.829341823
4.118655111
2.124035647
3.714163452
3.606804813
4.107284095
3.928227908
3.84209758199
3.867491143
4.10021472
3.333462711
3.880098238
3.2420667978
3.618900435
3.658827894
2.831142335
3.6636849951
3.506350174
3.614507953
3.267605688
3.604645354
3.46939387
4.239993906
3.846745314
3.346459233
3.026461236
3.021510883
3.23928548
3.856230232
3.014432952
3.800142567
3.330158774
3.541308955
3.272429167
3.56058866
3.718160571
3.148784405
3.304410945
3.8755416319
3.577472653
4.137477673
3.5358878856
2.886205645
3.4444303625
3.7166154135
4.266974828
3.628887904
3.554495943
3.401584088
4.015557473
3.310810892
3.788103386
3.6068436859
3.39709184
2.649309303
3.52914383
3.271297319
3.35445573
3.763762714
2.971257169
3.360587151
3.943601627
3.924609909
3.767111813
3.383920799
3.041392908
3.720665125
3.163395575
4.0815785392
3.874501964
3.53213817
3.762971111
4.108774627
3.934777048
2.915535348
3.662388657
4.1461240951
3.301145613
4.420289513
3.808634712
3.659230582
4.084807751
3.349265487
4.056268281
3.025966828
3.724120448
4.689805553
2.950153241
3.476413087
3.531809461
3.55565729
3.391633474
3.594201596
3.198413953
3.864064956
4.067513419
3.893226319
3.110523455
4.014285331
3.376049165
3.281894582
3.766903667
3.190609591
2.82794611704
3.501815632
3.740729615
4.471997376
3.953397873
3.7245083314
3.206147796
3.829109703
4.321290007
3.945832648
3.247715417
3.446101651
3.424315678
3.19719596
3.284567157
3.599734203
3.514385711
2.910514254
3.268924497
3.564039891
3.107357968
3.357976664
3.155362061
4.190388938
3.261069707
3.067632739
3.2473604855
3.369015392
3.555657967
2.9504722937
3.034099845
3.184892918
3.425985404
4.026928663
3.408014657
3.440783684
3.822401998
2.897800847
3.445816431
3.224338827
3.4904452508
3.140401274
3.337861126
2.9984158375
3.229433323
3.153626732
3.446718321
3.027755102
3.889240061
3.437248027
3.671082649
3.322075588
3.4929256998
3.365097245
3.502827959
2.797212514
3.538018132
3.096832811
3.910268961
3.662527457
4.244755821
3.104357457
3.266009125
2.803854406
2.993161151
3.161665238
2.934432871
3.3642076057
3.801600368
2.965045182
3.944870692
3.29918158
4.124987771
4.169433543
3.322208096
3.018149122
3.860228034
3.2660514238
3.824148499
3.837279412
3.601358139
3.285390092
3.543501949
3.410580294
3.583150862
3.712120569
3.238682429
3.901909939
3.398555984
3.401628642
3.4568051382
3.6316644236
3.393340284
3.377684382
3.018707855
3.5031106234
3.114752002
3.170886088
4.002732189
3.366276679
3.492124364
3.295226968
3.875049326
3.443212746
3.498966647
3.419777772
3.20348929
3.246036856
3.6127663244
3.393437978
3.348073111
3.079510759
3.17000062
3.714512437
2.7603101032
3.472552954
3.568718638
3.743868386
3.520183529
3.648153169
2.897323268
3.560330678
3.024133814
3.738503587
3.3344692574
3.437380435
3.936876361
3.336246583
4.098627964
2.950582238
3.64385089
3.152756127
3.831423554
2.871340073
3.611225047
3.275243556
3.193697443
2.885524901
3.1554271702
3.401763626
4.345607432
4.1967183478
3.603977963
4.0428162705
3.52042907
3.380369839
4.01435665
3.1138259693
3.263332256
3.804964121
2.7733789198
3.749423942
3.070740037
4.272260881
3.037181188
3.384655595
3.64284305
3.663837362
3.0848629707
3.198212126
3.745899488
4.253130029
3.891359449
4.35254812407
3.433044779
2.965546636
3.436230997
3.950317746
3.110722959
3.248751284
3.1873789
3.183762621
3.8278659185
3.6251238845
3.590632039
4.076786014
3.447449254
3.213734318
3.1329057985
3.4651334062
2.8572225952
3.2369314802
3.8607179722
3.8349408822
3.8827732619
3.2343865352
3.3828577346
3.4348415692
3.3917072068
3.1839615372
3.5883459902
3.2955918878
3.4953438003
3.3038148202
3.0245253112
4.3297831868
3.4097801842
3.9664975518
3.5525661668
3.5241083242
3.4574712668
3.7291544272
3.55367903757
3.4754543582
3.5651683918
3.5902999242
4.0696967447
3.7322984322
3.7392819602
3.2815043322
3.8957242758
3.9319629802
3.3586602079
3.4259183502
3.5968239222
3.2485706689
3.4117095158
3.4741890342
3.3642882418
3.4885841982
4.5656114818
2.9819999822
4.14629588387
3.8561883392
3.7153654362
3.4416623908
3.491415609
3.7750398878
3.5026057292
3.7157927822
3.2952541518
4.1133535772
3.9119928267
3.36501711835
3.6136665083
3.2385002666
2.8547716348
3.2859322242
3.9534819642
3.5748058828
3.0848989418
3.3343463172
3.6252019472
3.6317481728
3.9773218857
3.2925287472
3.1906142082
3.2997573862
3.3871670852
3.4700471418
3.9358571902
3.2547345132
4.0329302132
3.6564410532
3.4220697838
3.4398684232
3.3625329312
3.5533802502
3.7775225998
3.7274923778
3.6165069642
3.2771324128
2.8502935308
3.3679937942
3.3999834072
4.0537579772
3.3632490082
3.2205452232
3.1447242528
3.0777261012
3.8686317072
3.3612818202
3.0384857542
3.2493007662
3.8955321352
3.2594279882
3.3165334688
3.4416629172
3.159070525
3.603751299
4.39801317
3.2388513
4.9929189
3.750798697
3.34215856
3.32613455
4.36741638
4.235073015
4.0121398876
3.60393785
4.10380213
3.853666048
3.3679946116
3.008207575
3.363341942
3.36850157
4.46694745
3.90538638
3.674215308323
4.31722111
3.587024749
3.57944488
3.8609679
4.163604854
4.025238167
3.253579
3.9184464526
3.98627319
4.04222697
3.177160817
3.647505998
3.11454586
3.653935066
3.46245456
3.593289023
3.260429581
3.945974833
3.71701931
4.29619408
3.426062641
3.714691487
3.659331895
3.810618871
3.101205166
3.8620779
3.680690143
3.57475294
3.797930592
4.03253132
3.5514769993
4.21873613
3.73319836
3.727116273
3.339979357
3.43850591
3.61176563
4.006008657
3.24082112
3.532494337
3.350807842
4.596045442
3.99422876496
3.390530077
3.35392662
4.08663172
3.49734302
3.80243839
3.4795488458
3.416347093
3.53318046
4.5588127
3.702901022
3.57392716
4.275595206
3.80664654
3.591197791
3.780960571
3.631454508
3.938026673
3.129120846
3.84867401
3.759070473
3.805878363
3.400769846
3.477557694
3.323844565
2.73219623
4.38251507
3.959961048
4.1629072
3.2223994875
3.87001459
3.945753097
3.95241177
4.062913925
4.65089245
3.787433554
3.62475299700001
4.222153565
4.0989058945
3.602860729
3.437299561
3.804381139
3.465912991
3.853913365
3.846419619
3.810073104
3.353327454
3.476031972
3.367151634
3.767813434
3.162811647
4.380887561
4.02938978403
3.720436874
3.2606630325
3.325042369
4.23129037
3.632300146
4.178433036
3.2844469705
3.495493642
3.6040671707
3.313373482
3.7835373398
2.833482264
4.089514924
3.631535302
3.584272717
3.66329113
3.302866752
3.6340100495
4.194237024
3.810873564
3.4624595688
3.825446426
3.251574847
3.273760764
3.307937396
3.860773724
4.349446514
3.876454368
3.277832438
3.033345901
2.730482248
3.767356733
3.172684611
3.549098195
3.437794934
3.388507104
4.050621265
3.380779439
3.768111616
4.351485631
3.755579566
2.891525476
3.479225925
3.337952129
3.622106783
3.195933299
3.651963021
3.380660797
3.903041588
4.31038891
3.776558881
3.536774926
3.5060751952
3.794974731
3.655278768
3.007900507
3.169220701
3.500646653
3.227496749
3.462445134
3.330088706
3.3430200485
4.044679474
3.560973859
3.657017225
3.679970221
3.784114525
3.331797397
3.826967494
4.359085859
3.3289367403
3.997429821
3.755861204
3.675312408
3.6928396301
3.700316282
3.901830274
3.3778909029
3.62038053
3.542625889
2.714364305
3.454958244
3.577870132
3.213872819
3.273785557
3.898921488
2.671214332
3.277435189
3.327310527
2.927975933
3.101726835
3.442324636
3.0943994611
3.7328571663
2.93298255
3.574460629
3.33422325
3.084198995
3.195374401
2.90386816
2.960731314
4.262192907
3.50398152
3.474173001
3.701935162
2.95744729
3.151047957
3.385898345
3.3659462203
3.17496801
3.798182901
3.3171564
4.065785173
3.396875
3.5013246
3.698111644
3.22332556
3.421801942
4.210744246
3.15933707
2.985613069
3.427464834
3.204827095
3.44175628
3.4155379
3.286269081
3.001321694
3.449252197
2.916104
3.691442095
3.365125549
3.83969093
2.925769033
3.69433289
3.278580468
3.357699792
2.904790989
3.310524582
3.4821719634
2.69376345
3.75361701
3.774117547
3.605279776
3.229994655
2.94800961
3.610686438
3.270668131
3.27467683
3.2590451705
3.557119431
3.695070121
3.471052354
3.92703761
3.181164945
3.96519277
3.313176023
3.906451154
3.879679758
3.782416207
2.98135739
3.21633714
3.24235554
3.738516177
3.775014174
4.096061315
2.990862827
4.271689605
3.24562488
3.506908355
3.40749055
3.874940742
4.01862147745
3.78157798
3.88062852
2.97935947
3.306251923
3.546518207
3.532742654
3.402696859
3.466891905
3.242356365
3.3686344838
3.04963069
2.8154175503
2.8725461387
3.35768272
3.886524875
3.86003169
3.86391798
3.37445514
3.354708151
3.25172362
2.62576974
3.32836003
3.147976272
3.83430876
3.98997914
2.87382877
4.00914704
3.320981992
3.694474225
3.48551476173
3.180551586
3.32007859
3.603116727
3.433117327
3.417602084
3.31995807
3.513370815
3.906431942
3.856089346
3.972253781
4.26435472531
3.31790053
3.35495509
3.86218561
3.929678792
3.114303531
2.863766322
3.19339942988
3.624043314
3.3615957
3.32438703
3.59190697
3.15586046
4.127185503
2.920588568
3.619516277
3.2916962
3.615656519
3.475036311
3.05859597
3.412631545
3.1092008
2.945388511
2.90165292
3.11938291
3.79117518
3.236761019
3.0330006767
3.228765674
3.24059441
3.353749195
3.693107163
2.78571137
3.880864385
3.439865377
3.90320494
3.816231048
3.459835746
3.214544138
3.52887751
3.87705756
3.10480774
3.32071329
3.82212338
3.86885427
3.74605964
3.210210241
3.29722693
3.33902195
3.392706645
3.6924917
3.40686083
3.88669286
2.9637988
3.75425495
3.615831961
3.25063761
3.2577887
4.04526392
3.8462591704
4.25164046
3.584277619
3.47370685
3.551896426
3.28540837
3.959513594
3.18953048
3.47701598
2.68620717
3.93357148
3.44500753
4.340146844
3.608064482
3.57676316
3.09158423
3.196459536
4.06253277
3.646978495
3.49716073
3.24178669
3.263717394
3.372081569
3.746800821
3.127579205
3.343713341
3.6091180044
3.52313271
2.8527784
2.86596942
3.2778519
3.207045455
3.32037862
3.34053648
3.712849876
4.11968124
3.342785919
2.963438456
3.8435784
3.28907296
2.75787327
3.20275823
3.643828996
4.45389256
3.230492856
2.90042213
3.767810709
3.408004587
3.39515327
3.895452528
2.92052318
3.340634865
3.63617355
3.61041709
3.358933088
3.77615396
3.712325659
3.149996581
2.90794713
3.37755532
4.074343636
3.87439283015
3.97033147
3.79474774
3.54046196
3.45522481
2.612592608
3.919266589
2.98507291
3.635940058
3.372977579
3.655388617
3.3377763452
3.53915608
3.295524148
2.785212487
3.615353995
3.90937525
3.343841659
3.514012111
3.317196021
3.661384201
2.969823547
3.41728579
2.69057138
3.605669553
3.788063115
3.521511481
3.17371615
3.59111388
2.90065254
3.364025722
3.401136973
2.992588048
3.700604083
3.319718831
3.319676483
2.9620153
2.526826889
3.716614284
3.63256766
3.5608502325
2.960220503
3.41406981
3.46697587
3.26112363
3.33011048
3.309459403
3.365442887
3.38814737
3.359122228
3.67963733
3.51405634
3.7648200553
3.9365592234
3.8420206634
3.9814138906
4.1342735994
4.5059198784
3.8186479134
3.0521547834
3.82653606195
3.7504679614
3.7886518194
3.7496151054
3.8296069764
4.2204516014
4.293000306
3.4406552634
3.4579303629
4.4237980834
4.7090805934
3.7597077784
3.9490511584
4.3294435694
4.34010023340001
4.8298204197
4.0007226434
4.5119520344
4.2655540614
4.4637041784
3.6512340934
4.8478708254
4.0101526134
4.2133100824
3.9069958334
4.7186346134
4.2322700724
3.5646274314
3.6785858914
3.5949230434
4.1116129154
3.6123161384
3.5010248234
3.5099645806
4.3032916634
3.9763176174
3.8140990136
4.8346808834
3.7270542104
3.8146232004
4.1023543434
3.9014088124
4.7261597794
4.4660477134
3.7390492034
3.7521627304
4.0899990744
4.8517040989
4.0378167424
4.3435525861
4.3225200724
3.88540716565
4.3874365434
3.9561850495
4.0134626744
3.6893047314
3.3720858534
4.3766174634
4.6301873524
4.2134546223
4.1376349434
3.1882723934
4.2146514894
4.3605828344
3.4669547834
3.7671658314
4.5361752334
4.0180497934
3.9583686294
4.2266895734
4.4631145674
4.5232506734
4.9014245624
3.7667197694
3.9331393244
3.6903561534
4.09147224877
4.3941984554
3.9491686604
4.2251388234
3.5213777154
4.5501845748
4.3364552134
4.1349974904
4.3981378814
4.0148486744
3.2786376264
4.0488617884
4.5554475034
3.9828965434
3.6618298254
2.9966824434
3.0533775327
2.839026358
3.501909154
3.89920462
3.957008408
3.773750056
3.717036995
3.4584237758
3.648574253
3.270829008
3.630192368
4.222711628
4.032900799
3.5030344062
3.738215542
3.93677844
3.976808453
4.003416895
3.060257903
3.545973043
3.588447388
3.912877445
3.380342598
4.097098409
2.6624893637
3.645933085
3.64431123
3.351050983
3.761889732
3.658597188
4.035164168
3.1197717358
3.460934876
3.314500784
3.691835638
3.347387788
4.042347677
4.367564245
3.548179281
3.725962901
3.713135395
3.167836908
3.126248338
3.279240718
3.9997165538
3.6009093298
3.149357518
3.722631505
3.511103728
3.574239578
4.174823846
3.325452143
3.818417999
3.512891019
3.014590747
3.387067615
4.045840718
3.511181572
3.641554603
3.228411968
3.419076538
4.349044829
3.663785599
3.928107305
3.443069393
3.460544818
3.0651632313
3.573626286
3.99339103647
2.879791234
3.579746318
3.211735348
3.689234958
3.635819268
3.187251908
3.654741207
3.2251734116
4.251162173
3.349120072
3.86710119
3.552078653
3.686044459
4.283161946
3.3424167106
3.288124782
3.879858978
4.217869155
3.738259934
4.169110419
3.535065404
3.467759792
3.756656061
3.601173885
2.981558894
2.867783375
3.260541715
4.133398793
3.3543917109
3.989727044
3.7194728598
3.920152934
3.378475414
4.040220425
3.624145617
3.118208185
3.705206505
4.096187374
3.8454584072
3.157058947
3.091731634
3.63180308
2.98543128
2.96900717
3.264085027
3.727697554
3.082777503
4.190010777
3.918549967
4.087644169
3.19805724
4.019344779
3.60174431
3.55109968
3.7395844156
3.44717592
3.40933585531
3.256416618
3.190574244
3.34377851
3.456038702
3.612028239
2.667014665
3.414155935
4.170783611
3.047005444
4.307447384
3.489235606
3.384453116
3.271749587
2.733892888
3.197103747
3.53839838
3.55638916
4.30921235
3.191413753
3.407187697
3.285804928
3.608715478
3.450062963
4.614314767
3.728716042
3.428724045
3.361092727
3.18795768
2.8292901276
3.95728948
2.916576284
3.53648842
3.177839465
3.834479008
3.4533447493
3.925116039
3.480760599
3.11219149
2.542556437
3.562753486
3.446601356
3.746787063
3.426572111
3.386038229
3.2566995806
3.0332507805
3.101729919
3.5907394755
3.52040619
3.033023905
3.075018675
3.424738881
2.969381302
2.338521015
3.188618374
3.7699425631
3.509490603
3.476094268
3.704659046
3.2682220891
3.383838181
4.418929708
3.958496737
3.032221389
3.16371446
3.14205145292
3.42773513
3.35313864
3.774980143
3.3580922696
3.256050864
3.13584083
4.510549948
3.79522694
3.512772055
3.668927792
3.6132502641
3.735848139
3.224658242
2.426568595
2.994933125
4.322251567
3.494650454
3.118244567
3.288233309
3.381063991
3.0610288411
3.49570358635
3.1926338117
3.373501972
3.373062868
3.598963236
3.8125984018
3.7477199958
2.9734999645
3.651815896
3.051298445
3.529491122
4.4736092568
3.860132312
3.29727192805
3.208827124
3.664286716
4.095100822
3.790004328
3.112564516
3.580356789
3.223178274
3.299457704
2.916433215
2.812354476
2.362600838
4.00204753
3.544807384
3.465545284
3.687460531
2.806402684
3.74872529000001
3.656745409
3.052120889
4.17625934692
3.541835075
3.026608079
2.962988591
3.272364665
3.146412479
2.903180961
3.210570845
3.299567042
2.8610918168
3.3924986822
3.875640216
3.295872379
3.280628375
3.615365547
3.64350198
3.271428638
3.269507781
3.027515559
3.945639871
3.442901951
3.231570334
3.564904535
3.933627429
3.790053664
3.944436064
3.2685269393
3.478608032
3.280710866
3.7996395382
4.045141975
2.663582867
3.444123101
3.274808655
3.028706529
3.461558101
3.075913586
3.172125182
3.482680181
3.252723885
2.807353909
3.9773616442
3.620364034
3.093675253
3.804141645
3.4842023419
3.459651565
3.323768298
3.373716275
3.2401125
2.993346225
3.585238925
3.55558577
3.4292492282
3.3494885754
3.8095100986
3.6651244206
3.0595610326
4.1288179166
4.4465037004
4.5668388959
3.6866076556
3.9483609896
3.2720237404
3.1727739393
4.1670140474
4.1928500116
4.1467438806
3.6069707916
3.7250106766
4.3119930636
3.2787323951
4.9200661886
3.2001767914
3.6542584122
3.8890238516
3.8379442006
4.1024692916
3.9907085836
3.8744331416
3.4273677614
3.239124232589
4.0043011291
3.7071277314
4.1684725746
3.8542855266
4.1141688054
3.4116890786
3.6641688036
4.5746534496
4.4265308704
4.1909648216
3.8156840101
3.3293949024
3.5341093096
4.1369658709
3.9291601816
3.9210784286
4.1132740766
3.9422337976
4.1826494686
3.3997834090321
3.2624333016
4.4032470316
3.9155882996
3.7028402004
3.5089852327
3.8974679706
3.4670467804
4.2585160936
4.7896020796
4.2780413614
3.7164585664
4.0500665216
3.5245916314
4.2387687816
4.0365870154
2.7888264256
3.9822161836
3.7383175836
3.8242232916
3.7587382264
3.6566583404
3.7600835366
4.1452053556
4.7688375866
3.5580713716
4.1677030676
3.3049016876
4.4276485336
4.0373817851
3.8140061436
3.7951086286
4.2020978981
3.8969851416
3.7060966416
3.5247066929
4.1852440246
4.21894114719
3.1694570986
4.4158398806
3.1878368886
3.5053458516
3.8626009756
4.0960646376
4.271258246
4.0273654074
3.8197141936
3.3512824046
4.0239304834
3.6675854486
4.5772384776
4.7716867164
4.4621541596
3.971904276
3.948842748
3.394429942
3.841789702
3.834054919
4.3556111442
3.430356812
3.889603924
3.633761354
3.305990247
3.46924827
2.963125143
3.822013541
2.880354674
3.588575117
3.90898846
3.627329987
3.385934258
3.3529305576
3.495123408
3.873366457
3.443518719
4.362707042
3.681072524
3.262500802
3.62035018
2.767732987
4.030539178
4.20924829699999
3.260051988
3.817273362
2.684563957
3.687413467
3.806169827
3.779536077
4.014726212
3.960241677
2.939396758
3.589110392
4.353574787
3.649130429
4.123500944
3.433576949
3.142881992
3.071948719
3.448117985
4.073362067
4.023869659
4.457847754
3.551216357
3.212725478
4.516776808
4.498217127
3.981804117
3.7621812759
4.015662567
3.636517937
4.085965256
4.038222614
3.9786583692
3.919745987
4.560790796
4.590987061
3.709527834
3.930692752
3.877137237
3.771054992
3.596533128
3.413048713
4.289507247
3.899128567
3.335408622
3.739978392
3.395316617
4.268928775
4.35593197399999
3.734773205
3.820805742
3.1629677528
3.183160493
3.995222033
3.594417587
3.851595913
3.73590422500001
4.44730611
3.09618615
3.9131361265
4.159614536
4.0385713053
3.33219055
3.533414198
3.618589857
3.897615189
3.830755798
3.466377427
4.129173837
4.124111648
4.019909987
4.058838212
3.547907256
3.819810842
3.554487569
4.305003724
3.9975097385
4.089696429
3.960290524
4.36376914965
3.5804156063
3.224618514
3.457373774
3.675132389
4.266399448
3.412983714
4.173487249
4.171017341
3.931910839
4.128776589
4.218553164
4.474194711
4.163512278
4.379076388
3.42957336
3.533412014
3.647577682
3.758040029
4.656579179
3.176770282
3.509196148
3.172243577
4.339888669
4.408980982
3.491264059
3.889051307
3.019122564
3.838510515
4.119392978
3.560921745
3.4041721811
4.423208444
3.3744881647
4.417647454
3.243528639
3.898300542
4.122839033
4.246742185
4.300855939
4.064459653
3.491933761
3.761888605
3.197589154
4.014725272
3.380861816
3.51291436699999
3.382116668
3.882713689
3.8103675814
3.6638206139
4.132673996
3.4235241005
3.713876199
4.280064153
4.563516614
3.612788253
4.051468067
3.937880382
2.925817448
4.023824905
3.779904752
3.881733979
3.75978487544
3.954601887
3.513441071
4.19270978
3.515797729
3.999715934
3.598272827
3.839983439
4.146002686
4.2306413165
3.359946724
3.997269649
4.047973309
3.939698189
4.026015135
3.467112433
3.695096589
3.929436939
3.970639549
3.963766129
4.699547843
3.875247082
4.232110749
3.540948165
3.700837098
3.855164639
4.049797062
4.019667309
3.927118763
3.829578116
3.665683689
3.6574614399
3.1629982611
3.5053770629
3.6660210739
3.8180716921
4.2969703909
3.8132021671
3.3534088601
3.8253603509
2.9565784611
3.4709274041
3.9015266041
3.6821949421
4.2370017221
3.8660529101
4.3108713883
4.1435874523
3.1940756889
3.1506058521
3.4698360891
3.2256141379
3.8426670079
3.7012908679
3.7552308779
3.3150280979
3.3773001679
3.3816679199
3.75361803238
3.7383228609
3.9465647841
3.8009496669
3.4275982679
3.9837763121
4.5182300269
2.9814967999
3.9263788441
3.7048572451
3.5270829121
3.4859190311
3.5685281819
4.2445031989
3.512699038
2.9416429659
4.2970172861
3.6432826079
3.7518119309
4.1066205519
4.0353803979
3.6096020991
3.3660597979
3.7726581021
2.8557977521
3.5677605379
3.8244447919
3.4111881289
3.4380705631
3.7268552679
3.7121840521
3.7966321719
3.7247852859
3.1704794721
4.6246286819
3.2806980609
3.5542608319
3.3341086879
3.4165988621
3.5767752521
3.6205694101
3.7879067479
3.5296268221
3.1916155981
3.4290469499
3.7395905269
3.5983121121
4.1978548459
3.7993354809
4.3215520479
4.1841505939
3.3881968929
3.7232141299
3.5703107009
3.5467590871
3.91302103290001
3.5836171438
4.024740394
4.4014672145
3.4603240879
3.2829863751
4.2356610226
3.1669044251
3.2573480289
3.3884934579
3.4383809611
3.6491196859
3.7262732379
3.6735251979
3.7485800531
3.7745806154
3.4009698129
4.0434413739
3.588818525
2.6531399889
4.851280635
4.122716846
3.396175841
3.93528312
3.87869711
3.459743592
3.3033054056
3.444225454
4.33610835
2.77348737
3.2700715733
3.001282501
3.573901825
3.71709196
2.659789961
3.216060655
2.914446578
3.08463651
3.156276411
2.816770165
3.02941971
3.877406771
3.452983024
3.570087867
2.937267565
3.420378905
3.5434873582
3.050764134
3.823281959
3.122424449
2.611006665
3.132345186
3.197646625
3.896669592
3.2772140238
3.104917923
3.435121702
3.857982524
3.2812786975
3.656992606
3.540233105
3.794771573
2.992444497
3.651474793
3.52455313
3.215312092
3.904888272
3.952451403
3.350628848
3.361169716
3.093704439
3.347712927
3.2998951562
3.700579556
3.35840079
2.443316654
3.362778702
2.629287008
3.291952035
3.360851743
3.78923221059
2.803726655
3.25617029
3.679379903
3.243442218
3.564838101
3.604149647
3.36974572
3.5639855
3.077638516
3.192472482
3.459407648
2.95273316
4.212832375
3.758958805
3.728213006
3.638561429
3.361862879
4.071102136
3.24456295
4.1107205
3.279375162
2.969521598
2.51013204
3.090902649
3.04919261
3.073890233
3.410779885
3.55005365
3.29878576
3.681497225
4.087616035
3.3026695623
3.695519888
3.308222253
3.466702756
2.9817597381
3.066357466
3.5626929
3.22142076
3.2894185872
3.351100215
3.308793601
3.59015128
3.861809197
3.525520382
3.272330535
3.24633292
3.650275632
3.021643
3.663273904
3.74015622
3.71405215
3.1224194802
3.104335404
3.523129703
3.51337734
3.79904264
3.462708829
3.537125425
3.091495774
3.52255406
3.565495291
3.06257288
3.90635343
3.71957329
3.0872023616
3.0632679875
4.05385104
3.384001914
3.061394965
3.39494949
3.377746535
3.71308421
3.879581195
3.43615102
3.29279555
3.07460901
2.796766404
2.982115984
3.30334221
3.43087752
3.314796027
3.717883284
3.501652156
3.08372149
3.6672185504
4.27797621
3.244322012
3.313737126
3.500643336
3.708642542
2.508018825
3.64246471
3.099806372
3.94429937
3.64957029
3.039034371
3.502369668
3.82803806
3.274526735
3.600868824
3.36807304
3.351315745
3.466351985
3.352173568
3.213160675
3.262264927
3.67463718
3.14833289
3.7908935
3.8214105217
3.4960122519
2.96143137
3.40893058
3.7253030217
3.299358027
2.842580611
3.11053299
3.736824555
2.88908743
3.170674878
4.13802003
3.034938964
3.410933432
2.97135911
3.76449782
3.34123733
3.07039624
3.6246422824
3.52609997
3.355232838
3.161182725
3.177546811
3.322279785
3.532309893
3.165278882
3.52958791
4.284459373
4.111509636
3.75585982
4.462298409
4.31045496
3.6873826708
3.6928643885
3.24220468
4.358656081
3.803949698
4.1969444376
3.589268284
4.16743321
3.65790885
3.646460342
3.625662685
3.9317447568
4.061962713
4.029235395
3.837754345
4.43269877
4.37951376
4.005346752
4.186798858
4.527256755
4.17251515
4.190370592
4.468216936
4.15109789
4.10291182
4.1413658712
3.41290342
3.704839515
3.912709415
4.1443662651
3.64469313
3.63482661
4.067935267
4.5596219
3.817146701
4.18245761
4.434407718
4.15269324
3.62887375
3.94681036
3.24595268
4.12116104
4.2797777737
3.911680525
4.50563093
3.75880937
3.675862219
4.20398466
3.87089543
3.70456871
4.25099888
3.94633631
3.48684157
3.767003325
3.209671983
3.94600388
4.00886641
4.33524862
3.997972772
3.984524948
4.239496809
4.24360099
3.96100402
3.9457321
4.24506263
4.51801367
4.51919182
4.106147335
4.42166401
3.717455034
3.472603947
4.16408256
4.139103913
4.192537799
4.143168744
4.1022775
4.216430449
4.06031528
4.17928654
4.211098452
3.5021026
3.092937996
3.940759426
3.970860186
4.58088732
4.98550274
4.233706694
3.25748733
3.96645433
5.29496537
3.7788284
4.03157212
4.0920701262
3.876104476
4.211480097
4.188493619
3.925395981
3.6793805298
3.728173811
3.503917927
3.403608021
3.722526799
3.548152345
3.817414669
3.855351367
3.508357224
3.728373839
3.660768277
3.112160458
3.856463079
3.449259867
4.236351104
3.705984339
3.597507319
3.833737711
4.003090335
3.815763041
3.758295915
3.869576439
3.765183361
3.114375091
3.792936581
4.306895769
3.156476339
3.829300201
3.475006305
3.249645289
4.563152851
3.906068139
3.1221357
3.977225783
4.4010728583
3.750955021
3.166463772
3.700486672
3.808353191
3.594074772
3.436546469
3.557428029
3.373217129
3.679748801
3.20264889
3.930188481
3.524602729
3.711375729
4.20541758
3.558087259
3.596657616
4.069618875
3.047702263
3.784458097
3.390950889
3.878236987
3.229024659
3.365066536
3.351530995
3.500713769
3.548070609
3.760777525
2.967919581
3.532177289
3.476352181
3.283518809
3.878144205
3.22669117878
3.393918494
3.689825557
3.391174539
3.9042301408
3.168467019
3.962776382
3.516161005
2.966172693
3.693002747
3.313350772
2.940665361
3.724838763
3.860036999
3.181053899
3.2567508072
3.541719352
3.92492137
3.466583246
3.554696389
3.174100656
3.949683539
3.961202119
3.8646073818
3.33165236
3.38299151
3.563783281
3.284014681
3.903053062
3.752206489
3.696764999
3.188040474
3.589762091
3.641201685
3.396665181
2.974416505
3.245510649
3.4470675
3.818789826
3.627150212
3.6987180159
3.260433188
3.424587865
3.084725147
3.227093801
3.305675375
2.74165735
3.4037694193
2.831425547
3.6656170007
3.129559079
3.555094634
3.43060514399999
4.086206747
4.133130175
3.292582675
3.732811673
2.9721273633
3.336748885
3.21544481
3.4440524437
3.748878355
2.70050149472
2.778813055
2.942911106
3.508021547
2.949980945
3.625861195
3.132501655
3.325946114
3.4157776723
3.452452484
3.264738336
3.035136523
3.158468877
3.802880287
3.005334619
3.2614712441
3.58764437
3.283876287
3.019494342
4.1067311435
3.2264312403
3.660493957
3.833637271
3.468675542
3.726142967
3.63086489
3.236944168
3.055449335
2.7738425648
3.201576633
3.415716855
3.906060312
2.669181271
3.413508763
3.031866523
3.681978131
3.616868611
3.653247833
2.447403178
2.68277699
3.745233547
3.287426897
3.572036253
3.425341966
3.917503709
3.394376702
3.478070377
2.950575132
3.433632072
3.249593359
2.8186920212
3.921840315
3.322854723
3.621470625
3.147531475
4.019694364
3.722765872
3.225793376
3.792251788
4.270294985
2.577048807
3.218711815
3.391322779
3.054242321
3.9414143103
3.3148761667
2.964978947
2.930722807
2.839638999
3.7984794335
3.6709330327
3.4428301703
3.5844549603
3.7455678147
3.7268280507
2.8969695013
3.9545892487
3.5179209367
3.9595312727
3.5325700187
3.6216962693
3.4100793707
3.6164946177
2.9685263227
3.0197318077
3.8128090843
3.0239875387
3.8691019367
3.1476637741
4.1913950494
3.0493514567
4.2587025773
3.4081437607
3.6463019551
3.1028417597
4.0118264185
3.5175714387
3.9860452247
3.4153704841
2.9319688726
3.7116830783
3.8137249207
2.9706925837
3.7134925337
3.1834660147
3.5252086855
3.8852856307
3.7687999697
3.8929149757
4.2794364209
3.7765347367
4.1268027287
3.1706427224
3.2530989497
3.6198084187
3.8594572681
3.8313452427
3.7284199817
3.4981407617
3.9785878099
3.4200063037
3.7061929893
3.4004049217
3.1973572253
3.4334498677
3.4758448037
4.0106032087
3.4875463247
3.4152609487
3.4068145361
3.8488594527
3.9673890883
3.6257388905
3.4442490213
3.0568752617
3.3825277784
3.9499951247
3.1530333483
3.4997382113
3.0953643077
3.232730602
3.3135602623
3.1019318425
3.6404355453
3.1476172763
3.3885488887
3.1498699187
3.3811331103
3.2660062477
3.9218410707
4.0988795557
3.08711868838
3.8478573427
3.7722833617
3.6724955323
3.8208741587
3.5249364857
3.7001271833
2.8686578907
3.5699351633
3.1175586823
3.4828289137
3.7490171107
3.5651214987
3.8413284517
3.5921537887
3.7628007913
3.3449851067
3.7265422127
3.618479113
3.107506644
3.475603431
3.614896293
3.922427637
3.178703817
4.041748647
3.241268287
3.439886612
3.644239276
3.322194417
3.314869728
3.604657757
3.713770385
3.707949327
3.7231895131
3.111144437
3.6858824432
3.321363407
3.7000489717
3.639122445
2.741105293
3.616864967
3.009753923
3.806797937
3.782125317
3.025134673
2.998642126
3.335480509
3.403847125
3.807480527
3.137000834
3.881487852
3.075300193
3.545825052
3.7511741928
3.9379309929
3.488264737
2.832632474
3.467261607
3.5635897405
3.222401141
3.530341347
3.0585490445
2.761543899
3.707065707
3.825316027
4.160209252
3.615971866
2.988387657
3.675681328
3.7543740701
3.346070537
3.509400982
3.869475767
3.564688549
3.837992307
3.697447161
2.782579294
3.134267797
3.317791801
3.104905331
4.005817557
3.855427648
3.045500258
4.142426392
3.692240641
3.461494547
3.211623027
3.233988957
3.372415377
3.433606723
3.317386357
3.620147627
3.448208612
4.030265849
3.366594459
3.743135371
3.847063901
3.389017267
3.277066009
3.563577777
2.98811099
3.531347551
3.225245927
3.541408571
2.906179385
3.018251427
3.286419377
3.748202028
3.670893039
2.807757423
3.205799273
3.305252227
3.3980908801
3.249528382
3.739126388
3.386635603
3.355961849
3.078729187
3.685619579
3.327416298
3.38005889
3.075225822
3.5350659814
3.480222876
2.67598581
2.963111831
3.04215214
3.94717163
2.9622901556
3.188687345
3.6394995785
3.75550108
2.799420644
3.79932376
2.590826012
3.710030776
3.6898296052
3.148590093
3.275422351
3.417403464
3.933287547
3.8789134
3.040097467
3.264134270543
3.01864765
3.663135663
3.59050847
3.529250569
3.323709946
3.748351018
4.417049963
3.407057207
3.2232523745
3.5439985
3.120777445
3.463175895
3.3845869835
4.125718509
3.468322068
3.574557844
3.91954249293
3.266726429
3.5457325583
3.34880807
3.34956424
3.538973435
3.3838913758
3.306340089
3.347712975
3.21019387
2.791386289
2.97115967
3.780299838
3.543202201
3.084488584
3.80918224
2.887591879
2.70122586
2.978749196
3.082399982
3.2895782371
2.94802208
3.1483020229
3.482188653
3.544083449
3.359366298
3.46195511
2.917565857
3.30373589
3.594965642
3.535401082
3.303762115
3.803281359
2.810849398
3.14829745
3.406899634
3.381686749
2.882368205
3.297736813
3.30176561
3.722155143
3.357521721
2.686343308
3.19705133
3.31123784
3.456867242
2.582880643
3.33966176
3.56603746
2.90450853
3.406521759
2.932871725
3.072254878
3.1605675865
3.64263807
3.3495549
2.919078493
3.35581063235
3.426170844
4.03092038
3.300017666
3.41606933
3.73079675
3.66112421
3.654157129
3.838914883
3.66327936
3.51680519
3.92996377
4.71989199
3.67633039276
4.248578834
3.5642319451
3.638566803
4.17285142
4.22931769
3.795331416
3.58782473
3.746765506
3.977379552
3.653459172
3.428131981
3.221004728
3.8191103351
4.215239596
3.8319967
4.041455745
3.73105429
4.02662774
3.773911831
3.98717407
3.758729135
3.96752134
3.539422944
4.319095005
3.84606909
4.14441194
3.30227194
3.929298427
2.95321353
3.718486737
3.538166677
3.7279808
3.51443441
3.841927302
3.78214049
3.488778106
3.886657564
4.057139311
3.438632003
3.75778562
3.206821939
4.00709777
3.746558946
3.747102412
3.286385044
3.6673495
4.1425612807
3.854157259
3.47674881
3.9995262613
3.875100494
3.56416243
4.209500075
4.038310771
3.45133089
3.63498476
4.38722265
4.065876127
3.330932799
3.96996004
4.243480849
3.872738324
4.49744756
3.430623873
2.9489032485
3.70232034
3.35814188
3.67158788
3.67167835
3.809905465
4.025523
3.400063278
3.6360203678
4.09201705
3.4618687162
3.494353693
3.466580637
3.61264223
3.441004043
3.72083023
3.639572925
4.27714702
3.45577917
4.020519597
4.062494433
3.905458037
3.245428511
3.085981365
3.101560853
3.212182204
4.095365099
3.158081028
3.977166609
3.309949159
3.102454066
2.958114449
2.962150968
3.565045475
2.998140499
3.464262735
3.746173052
3.254903319
2.984673469
2.997733509
3.470728241
3.319319869
2.428544957
3.245856509
2.8773968065
3.425890381
2.704373489
3.889008711
3.543750969
3.512331869
3.279260139
3.653065919
2.706324569
3.652449119
3.166065491
3.165094516
3.20498934
3.7227882191
3.088459299
3.421575699
3.559089809
3.088996989
3.438023324
4.32936257
3.229062101
2.796711319
3.8286461819
3.076497579
3.367884089
3.203742686
2.612656349
3.499227636
3.222076717
3.3520076811
3.396432049
3.528762829
3.565145419
2.756145809
4.0952854128
3.116138743
3.317223819
3.635375919
3.160308779
2.830295524
3.725316879
3.452385589
3.199545991
3.078090476
3.74155383
2.915872834
3.338837095
2.8379241669
3.393742569
2.669275046
3.602458248
3.664511849
3.226146589
2.893672769
3.423415599
2.936559429
2.978759706
3.649410508
4.0239152818
3.026309159
4.182307309
3.027628819
3.268618769
3.272590969
3.225943069
4.1145733219
3.085283097
3.124181849
3.627055139
3.277843899
3.2728748357
3.591234339
3.839351659
3.100755466
2.487179564
3.3294599569
2.610923109
3.487993639
3.101995767
2.980620627
2.9620478296
3.462708428
3.281877498
3.480184149
2.736761214
3.355846012
3.212879303
2.688238572
3.613278089
2.955566207
3.061207928
3.3257171612
3.683104788
2.999857688
3.4323097549
3.168339202
3.3246343504
3.878249099
3.209730489
2.683018689
3.697503712
3.330248548
3.274965508
3.632748457
3.761256278
3.478644972
2.432931898
3.641196884
3.133345782
3.346287398
3.910788208
3.419094569
3.169360148
3.1021050211
2.878224322
4.155886448
2.7782344617
2.705239388
3.312984478
3.291395968
2.96948595925
3.020021806
2.774222738
3.037671908
3.261072649
3.322904981
4.038446968
2.962150608
2.7882088497
3.114670115
2.792804602
3.392885118
4.121981833
3.174021951
3.122149398
3.448659058
2.652662348
3.42901004300001
2.939316088
3.763883966
3.295015181
3.0963677891
2.975897858
3.265851225
3.464889748
2.536959748
3.476655188
3.117779938
3.142923647
3.395350425
3.306015508
2.929227508
4.142312138
3.128079188
2.449593982
2.611902788
3.164610982
3.137893638
2.549230295
3.311473064
3.1436930163
3.401186022
2.886000059
3.731661358
3.677669898
3.441208688
2.624110554
3.293682619
4.215815366
2.976010052
3.388882124
2.886150637
3.918817172
3.839188318
3.7190634911
3.429777788
3.974105188
4.157244052
3.247377074
3.7241702573
3.880836144
3.491828022
3.962112028
3.551996027
3.487584651
3.6930438575
3.946119705
3.36496929
3.468952386
3.289867171
3.703421835
3.593979802
2.973803663
3.850578737
3.112165761
2.953496095
2.885566721
3.29160648584
4.13384607
4.072897791
3.321312346
3.66519810276
3.2270639919
2.932609343
2.995005985
3.51556002
3.010146299
2.97795824
3.983991173
3.192497913
3.33667365
4.22671101
3.77257446
3.625679781
3.156697426
3.50260326
3.4077789225
3.395271695
3.039297202
3.199277063
3.077824972
2.975762885
3.081596777
4.3051313061
3.347549875
3.3483568355
3.764657514
3.65760636
3.2177867565
3.37772619
3.643920946
4.3924868319
3.076276503
3.414051866
3.72044251
3.443186947
3.944919301
3.410691619
3.409942127
3.80655783
2.9587743688
3.80653807
3.652514116
3.190545995
3.773718939
2.755513285
3.170321144
3.111425883
3.68661692
3.684977838
2.88389141
3.458047542
3.828529075
3.290922457
3.2550179715
3.895425692
3.8385239587
3.010941387
3.258549379
3.53833991
3.598729764
2.925732359
3.435042174
4.093895316
3.93180397
3.556651998
3.133914865
4.3118678865
3.131133923
3.665227166
3.947802212
3.091765719
3.899606653
3.460801827
4.0291588787
2.34092218
3.330762354
4.1921016115
2.893326352
2.906960476
3.138598185
3.00151061
3.382819162
3.025198996
3.050215362
3.037276184
3.521521016
2.949088804
3.554910925
3.327488135
2.808390745
3.127932545
2.999687991
3.549108151
2.930863688
3.180642735
3.290933965
3.899550225
3.393947744
3.041106577
3.341917229
3.236213015
3.343415394
3.285852393
3.232651598
3.387321903
3.27915335
3.053396957
3.123315374
3.81082104
3.206486455
2.540968376
3.222578595
3.189701022
3.44945893
3.841348915
3.086700976
2.789823963
3.216162019
3.467946453
3.314570388
3.153467515
3.1560359104
3.288095373
2.934515265
2.611474035
4.434390275
2.975490895
2.62295915
3.477454304
3.188934826
3.473894081
3.397082355
3.803765776
3.12953378
3.33125810917
3.276734215
2.8965303864
3.415243228
3.027060289
4.04843403
2.504807228
3.375021288
3.034551063
3.325998135
3.036407341
3.42548422
3.414244294
2.822175817
3.882398075
3.484794852
3.744173605
3.513594721
3.174089874
3.294575829
3.17391971
2.595497626
3.7019470827
3.643664141
3.085673535
3.1346340839
2.464094677
3.581171885
3.241056562
3.567679897
3.349643061
3.535345285
3.396589475
2.83407159
2.694370632
3.01044245
3.0980228078
3.065639705
2.8694680314
2.943265436
3.216695346
3.190314704
3.4586588528
3.175523857
4.267727183
3.754515967
3.4348312672
3.4298153778
3.0922999887
3.89387937
4.051980627
3.578622634
4.06848477
3.16490342
3.326544
4.20886346
4.208690202
3.44983574
3.565728803
4.181059251
3.934872268
3.863107716
4.207970278
3.991826005
3.149251115
3.646069807
3.788861861
4.544660251
4.059126565
3.59977343
3.2827596367
4.208472912
3.04439027
2.671467253
3.60272575
3.426504865
3.237584995
4.13179053
3.25325818
4.009521035
3.574779421
3.91054134
3.42246303901
3.51883611
3.871403853
3.151352306
3.684535515
3.2300850302
3.37032351
3.951670518
3.134126458
3.495505476
3.24418182
3.846642256
3.88315337
3.738061287
3.9209166278
3.454265543
4.04276257
3.7770831885
3.19910162
3.381771084
3.7967848245
3.075025436
3.63472396
3.0896330325
3.231763604
3.929768305
4.551979115
3.96997154
4.229345994
3.60696041
4.449360355
2.869121697
4.023534315
3.72960911
3.790393444
4.059721235
3.418855953
4.196029535
3.40966771
3.53845145
3.76375203
3.565361827
3.592433135
4.057020762
3.47491348
4.04940361
3.3822576351
3.493906413
3.51527725
3.43519267
3.03827153
3.08770393
3.823236365
3.6151248132
3.1019790514
4.27303837
4.246448002
3.7215314
3.674202105
3.652898578
3.99453737
3.326035716
3.24883928869
3.344115569
3.826600521
3.722166751
3.110257708
3.451000927
4.046563362
3.537844689
3.588167858
2.989843001
3.038813223
3.779622481
3.287323088
3.726629102
3.8052339935
3.348402345
3.328905106
3.533534695
4.246185007
3.317205701
3.383303582
4.023113771
3.17058933
3.7712417435
2.765230849
3.9978167196
3.402808207
3.443792185
3.66242315
3.910349651
3.279347905
3.319609436
3.490430661
2.955807993
3.672411937
3.455625814
3.3554667615
3.146517946
3.375209853
3.6039735663
3.751717797
3.623194465
3.712395757
3.143632041
3.081182719
3.3362116154
2.8344040692
3.2513033205
3.6109922424
3.477898613
2.868586461
3.762573225
3.271284447
3.294156084
3.744088093
3.453454378
3.400449953
3.835370975
3.153523957
3.797129067
3.757914873
4.237655123
3.289982614
3.915231142
3.380476535
3.428930329
3.949034147
3.60737518
3.477976187
4.032257657
2.929355919
4.012737641
2.911726183
3.486123751
3.42961796
3.307753101
3.416110137
3.574666488
3.266861852
3.813675781
3.141413883
3.325816114
3.531660099
3.478535191
3.822922819
3.169126009
3.137545872
3.126568238
3.78941409
3.856972394
3.354764698
3.467504656
3.59923542
3.620620049
3.576047861
3.511205336
2.750610706
3.615319636
3.783660439
3.07398202
3.46462829
2.9217049421
3.2973728
2.91378935
3.16575963
3.331944927
3.0863876702
3.24395272
3.40775272
3.69093567
3.050616436
2.893541493
3.126347905
3.23505736
3.4556387851
3.313854773
3.80082088
2.74924724
2.783397796
3.09936941
3.60376403
3.440860003
3.767985392
3.102553768
2.80584339
3.17843984
3.861398741
3.07838458
3.486066056
3.509226526
2.90027299
3.56430455
3.216245183
2.949967046
2.814662636
3.253159105
3.504717497
3.110876418
3.61103232
4.480111895
3.540438526
3.60026919
3.86766686
3.55424471
3.214125805
3.133392343
3.619133838
3.701582446
3.27883122
3.823960505
3.02508757
3.213685953
3.7174035788
3.12964291
3.277946572
3.874093501
3.397767217
3.844819198
3.627266233
3.49489467
3.076482525
3.538639885
3.540019676
2.548830231
3.228388512
3.16990261
3.428142684
3.326180556
4.066748991
3.418572938
3.26370728
3.032691286
3.93105204
3.563693688
3.888711193
3.49774249
3.493064445
3.581174331
2.756318285
3.032187713
3.951927893
3.07454437
2.82393599
3.310283628
3.432117882
3.105731116
3.059793817
3.797605817
3.340717645
3.045841718
3.60503483
3.65684706
3.7664327335
3.526223189
3.113059663
3.13415089
2.74064247
3.15581025116
3.618071862
2.32405706
3.812802618
3.7009290359
3.5379620355
3.773874793
4.376358236
3.633978387
3.753490082
3.658442934
3.243862166
3.710530304
3.242430433
3.992334183
3.436891764
3.851479014
4.148745612
3.99210986
3.509274524
3.721105245
3.312689543
3.599063949
3.336292848
3.815248604
4.464638174
3.867617449
4.089798552
3.879468668
4.317388273
3.885105782
3.132692994
3.962388616
3.646357266
3.494192704
4.380543114
3.51762323
3.287423948
3.737073022
4.353457084
3.272670753
2.82152687
3.669065894
3.674188491
3.94160594
3.610613131
3.610549933
3.851339293
3.69169171
3.806631684
4.035966836
3.522292299
4.53037821
3.370822112
3.1619196943
3.836371354
3.581624035
3.834180445
3.34641509
3.67250952445
3.627157035
3.810041428
3.71957139
4.213072999
3.283088976
3.975649626
2.982525107
3.599118314
3.594752738
3.5472917963
4.01993696
3.535862766
3.55504595
4.358032494
4.61966166
2.952843008
3.3239339171
2.919199397
3.988309364
4.103235552
3.842284754
3.682032844
3.844992664
3.680350346
3.720138554
3.326243255
3.364247973
3.728032963
3.486510279
3.27803869
4.065606236
2.831746549
3.120979602
3.629249834
4.137673164
3.652846056
3.31817069
4.108290844
3.278908495
3.734942688
3.84146612
3.628828776
3.868929383
4.003622064
3.641208524
3.427940929
3.70222044499999
3.06694101
3.7198841052
3.7655194147
2.975059819
3.2099431946
3.917634339
2.80924934
3.823933925
4.455153225
3.98506635
3.227456576
4.248439008
3.51448255
3.22313825
3.208846833
3.375141582
3.652469544
3.6819946722
4.262421749
3.95863993
3.1409344685
3.374276481
3.636761563
3.953116273
3.48168452
4.306365149
3.646409761
2.836880288
3.68739715
3.131263791
2.9984978785
3.372170433
3.607529219
3.769439932
3.65667195
3.6474700266
3.34316763056
3.5025809155
3.21064047
3.39417424
3.136215061
3.8315791808
3.8693583
3.8953120838
3.414347496
3.70623733
3.93629804
3.889690725
3.81822546
3.309016885
3.517186949
3.513822267
4.0858615003
3.46885521
3.527478458
3.49170799
3.82889119
3.588825595
3.676231837
3.357732298
3.8206434513
4.580644568
4.070101682
3.3933750768
3.817743615
4.60117531
4.19282671
2.5640946
3.732652328
4.015575488
3.684972199
4.01330706
4.203711053
2.8973781578
3.822657126
3.407410261
3.49052828
4.340045761
4.109353131
3.591829474
3.186207334
3.4045596079
3.798390621
3.53089633
2.887677856
3.45703845
2.9885203
3.815407705
3.524895033
3.186620182
3.72337759
3.8346553845
3.4353847033
4.09772591
3.732890007
3.24709358
2.902962422
3.310360503
3.332249565
4.054409129
2.925251982
4.179819762
3.133297342
3.83257426
3.338600969
3.18697527
3.7219189338
3.876913928
3.175178052
3.631757997
2.6461951836
3.553683642
2.979381062
3.161945592
3.13307025
3.65896342
2.959128065
3.5321926668
2.685819119
3.0741346
3.480986579
3.10891622059
3.442953032
3.602498376
2.634901671
3.494380171
3.0776961561
3.094099552
3.449172077
3.516928987
2.726673228
4.300139524
3.84095757
3.390297806
3.048849503
2.829465812
2.608732734
3.0513507
3.4530532358
2.480786803
3.091459381
3.566786525
2.694589406
3.610447988
3.071636894
3.0143572273
3.46785656
3.127673731
3.2030068716
3.489314672
3.409244912
3.757791594
3.52697396
3.305069552
3.376765339
3.476730539
3.328912632
3.82050606
3.277804402
3.141369411
2.963566095
3.183888215
2.775642232
3.601951482
2.970370337
3.4490234026
3.445961169
3.855125973
2.9075656375
3.353761506
3.596353414
2.754559718
4.100266982
3.47783096
3.992820541
3.357528738
3.06241103
3.782907841
3.119197594
4.025924436
3.297822708
3.327924062
3.155719886
3.178578325
3.200226418
3.520562467
3.17725150537
3.309115842
2.931454197
3.649241803
3.7535524744
3.309836942
3.045840739
3.0978172148
3.610045242
3.517335192
3.226336243
3.0870299611
3.528479151
2.89273923
3.323446362
3.279880513
3.678519892
3.512146889
3.645609251
3.897815255
3.76091184
4.290213793
3.402824662
3.7648530342
2.939552271
3.301040502
3.5976266566
3.276581382
3.345869491
2.909138516
3.7389464697
3.554763071
3.26882115
4.129389381
3.5638292355
3.392143859
3.426505761
3.643192419
3.33068522742
4.522612359
3.837798872
3.480741687
3.338249171
3.836971921
3.412325679
3.437252436
3.902217666
4.225217437
3.322233329
3.263084991
3.392932697
3.560310977
4.7947133474
3.669856639
3.658194001
4.429897679
3.1482196225
3.703841508
4.290898657
3.731972582
2.7324891906
3.361333587
3.949075325
3.390231183
3.455347271
3.5656978095
3.520337123
3.358387109
3.881781543
3.464354643
3.386461962
3.96087391
3.527804901
3.38970864
3.399113017
3.554190539
3.690413417
3.655355187
4.283299731
3.33338728416
3.2501507842
4.078246071
3.76488731604
4.141455308
4.6783987019
3.504859735
3.308698261
3.996455036
3.114260333
3.97542879362
3.237292471
3.653718153
3.2098361132
3.100369271
3.505173257
3.961198976
3.91361961
4.69852083687
3.878779051
4.396367258
3.405511017
3.6082004939
3.935736485
3.3859370273
3.96869144
4.273704061
2.934497193
3.861111012
3.495592104
3.32745948242
2.864870644
3.861825367
3.67861112
3.080602828
2.26411545
2.97798732
3.1498844226
3.450163577
3.694138766
3.45904128
3.112594273
3.585851502
3.10556739
2.9862902558
3.398756137
2.74050867
2.96854748
2.550452689
3.2374574846
3.078353855
3.5341292432
3.149967885
3.21599399
3.540271025
3.297676495
3.968685721
3.2025308706
2.843210773
2.465243461
2.784663529
3.00226843
3.84147891
3.302203504
3.18720707
2.86654946
2.817471393
2.845913066
2.81863837
3.2828735
3.2650575
3.300799579
2.687217108
3.200494929
3.5284173837
3.45627868
3.60693453
3.096552742
2.860835768
2.881703231
2.986866811
3.790167097
2.839563481
3.0354956
3.409026674
3.252747964
2.8899581507
4.005536166
3.540236034
3.06982489
3.05383324
3.54924374
3.142185335
3.01586558
3.67949182
3.342390778
3.413334526
3.205806011
3.39243161
3.696279092
2.725463653
3.816488925
2.972985115
3.1452992702
2.9955965
3.302290321
3.57211464
2.986330972
2.707123437
3.522049243
3.34065384
3.45373985
3.3014417
3.6477673438
3.40149959
3.048207531
3.331522698
2.76128018
3.220926703
3.0283852446
2.812765461
3.51211095
3.447142496
3.423617664
3.844418739
3.466627964
3.0765569885
3.256863879
3.156000877
3.299132325
3.086660042
2.859402877
3.483048001
2.887979746
2.448164485
3.397634911
3.633145001
3.385831282
3.181761025
2.858185319
4.07881592
3.1101214498
3.107786945
3.262557188
3.354440806
3.1343796264
3.084408514
3.622222231
3.78867754
3.2973038832
3.6155184771
3.3246292853
3.028961735
3.357995927
2.79170245
3.205457471
3.2770477411
3.949372911
3.32956377
2.975006328
2.9619539549
3.684937726
3.571242271
2.700169044
3.094284811
3.227301567
2.970398441
3.518576037
2.650213737
2.836887251
3.383556239
3.456080821
3.0806212
2.850451618
3.521222159
3.421148474
3.319548077
4.14459836
3.734043518
3.72902843
3.399228755
2.991628164
3.414157405
3.123914911
3.548462556
4.03664324
3.444851471
3.145869474
3.528767938
2.93219968368
3.293791217
3.88050141
3.2122372018
3.692738361
2.8298658996
3.72032922
3.377181234
3.606299833
4.099334419
3.103642235
3.593945359
2.881912436
3.605592089
3.449022801
3.773709666
3.110132479
3.438354278
3.74311984
3.973093236
3.588652972
3.273525807
2.910165641
3.262505159
3.524243147
3.756038281
3.496725832
2.977039761
3.177360035
3.226342247
3.858643102
3.89553428
3.89869362
3.345980161
3.468110121
3.929449571
3.933859841
3.559238629
3.807091582
3.968576537
3.216153917
3.854543609
3.598476015
4.359861584
2.8827198
3.403262323
3.165023278
3.791926325
2.984989698
3.60126632581
3.548492482
3.7755575773
3.8913822664
3.681456095
3.676690569
3.889824874
3.614926346
4.187365563
3.887114585
4.266421687
3.4266277
4.014351811
3.819150804
3.5005049129
3.74405851
3.972390736
3.929489478
3.52844683
3.6520156495
3.637676496
3.463069806
3.05320531
3.690824502
3.83387757
3.22873591
3.632526512
3.602670806
3.613446175
4.106488046
3.516840915
3.207362509
3.54606288
3.47136412
3.92825346
3.41707851
3.7345312338
3.285930887
3.67607939
4.289687805
3.467405354
3.592768917
4.265895577
3.062436451
4.204607271
3.1135579
3.623347854
4.1234502
3.236188124
3.587846106
4.096068143
3.864525586
3.559984918
3.808213937
3.759380591
3.93728696
3.33133315
2.99971966
3.025646743
3.536440619
3.013378845
3.63454639
3.50594199
3.824861885
3.865156853
4.438685465
3.154419239
2.943167997
3.54707069
3.962200802
3.64477162
3.46318445
3.55250311
3.758028072
4.217277035
3.772146398
4.13467627
3.250115052
3.826065405
3.270130607
3.503033084
3.741988202
3.673499806
4.124782461
3.7850444979
3.418747023
3.42860191
4.017317052
3.031731737
4.049755996
4.121168895
3.355320024
3.696922278
3.517311892
2.864165095
2.953078254
2.989589635
2.893195365
3.580142914
3.3140849131
3.41213892
2.74451286
3.4965529726
2.986185653
3.2735407577
3.113409611
2.8504214954
3.140017944
4.120736549
3.13047139
2.892446282
3.358627367
3.379651273
3.31125745
2.67020074
3.02016663
3.558690455
2.972549175
3.009289563
2.828549277
3.007525484
3.728730051
2.719060254
2.941948023865
4.208184071
2.518921951
2.46453716015
3.1772859312
3.083094888
3.213905745
3.509309711
3.132637729
3.411507132
3.449598709
2.617515825
3.441642396
3.131065739
3.234113107
2.8913399286
2.83759401
2.952114566
3.026333958
2.610248515
3.206506138
3.166758924
2.991602979
2.713094271
3.543007643
3.047841275
3.634945385
3.307494704
3.152529983
3.115495082
3.317676068
3.277825373
3.68918193
3.313466205
2.94861678
2.96883213
3.37018981
2.661942625
3.795059625
2.747585
3.093024589
3.379296597
2.680588041
3.1439089548
3.183036421
2.607412366
2.81930576
3.495016833
2.891583536
3.674705855
3.444446794
2.506683362
3.4353614749
2.978813659
3.391155036
3.532368349
3.731975521
2.815991771
2.8592211
3.03907473
2.774587255
3.1091286216
2.660937085
3.041196361
2.9398492336
3.805275969
3.199968233
2.761584433
3.473236135
2.770578106
3.112176707
3.5822449907
3.49927578595
3.5412604872
4.135880158
3.62057006
3.4454009309
3.71640608
3.300187598
2.785999914
3.8158715062
3.501201571
3.212054375
3.2731713026
3.483160409
3.713039255
3.549968037
3.247598829
3.467162255
3.949560309
3.812712666
3.23185543
3.091327269
3.108805065
3.229839456
3.647124035
2.888104816
2.468502618
3.530277256
3.335884033
3.336337097
2.893070835
3.396090011
3.82429069716
2.905362721
2.845504377
3.061315329
3.309609268
3.350535344
4.061476231
3.539854337
3.274182822
3.228074283
2.958076531
2.926402923
3.310069465
3.384738871
3.479921594
3.402862469
3.0342900771
3.2937545998
3.293536081
3.120805969
3.903820646
3.651399531
3.329587182
2.766578181
2.712530435
3.580073286
3.953253579
3.28882092
3.451304648
3.968805883
4.0155335765
3.910638765
3.52460065
2.977106151
3.084123824
3.301535173
3.428087839
4.308776761
3.618011883
3.398990343
4.030487465
3.5961314681
2.934801685
2.891672951
2.827078637
2.982829211
2.69055526
3.290637203
3.49267933
3.181492381
3.39469775
3.488792928
4.054691994
2.857779766
3.107007263
3.39272764
3.2020157081
3.117591325
3.446312567
3.407789349
3.407033661
3.314604053
3.008462799
3.102031826
3.250291059
4.2142860501
3.329407553
3.865294564
3.4976089899
4.009630615
3.296995142
3.201275579
3.871625978
3.997218352
3.163909659
3.27962244
3.991739268
3.617989761
3.10632097604
3.763936545
3.980364042
4.119256365
3.464586731
2.867545795
3.469103519
3.4135563545
3.569204222
3.2548267674
2.790994825
3.374707125
3.382090447
3.660874619
3.2285328849
3.02707299837
2.984061877
3.969625201
3.398988148
3.127144015
3.520863227
3.536558979
3.303266505
3.700216195
3.473840805
3.630992395
3.474317409
3.539355276
3.477946221
3.112659958
3.170190239
3.1805755669
3.392701554
3.1849530593
3.7500904069
3.515718102
3.3932055824
3.738050597
3.3342795087
3.121613605
3.729728669
3.254917911
3.69801453
3.266754155
3.281539994
3.557594105
3.8800745315
3.473229338
3.217783466
3.53857779
3.227512631
3.456552765
3.10819446
3.095158147
3.955832079
2.9736251
2.869980698
2.671176944
3.23067805571
3.68580204142
4.026553664
3.638875574
2.939035418
3.393255348
3.873884668
3.203030401
3.309389461
2.9656126154
3.179863571
3.369831162
3.627604231
3.094984511
3.718927331
3.25725035
3.39136469635
3.508643586
3.196710402
2.7296638925
2.576026714
2.63350256
3.269004103
3.064942815
3.262944526
3.696314891
3.432628515
3.18974389
2.833240024
3.467516864
3.191036995
3.111107067
2.851999172
3.757262647
3.407757218
3.144668355
3.36777865300001
3.173425262
3.504694923
3.007924311
3.650390301
3.73351086
4.006351054
3.172542371
2.682432876
2.856177555
3.492417692
3.086069705
3.396320607
3.798767546
3.251332351
3.372086099
3.937674334
3.3368297362
3.284437889
3.444297863
3.3921362133
3.537518319
3.1036692138
3.825988785
3.427646045
3.417524513
2.94604832
3.871120123
3.434881112
2.890896599
3.267945131
3.398969964
3.304482609
3.174031847
3.053686119
2.844399868
3.586475707
2.732950808
3.537383847
2.655814933
3.519082877
4.166236663
3.733867016
3.366338878
3.405121393
3.4238727558
3.0940612148
3.273604633
3.778324239
3.154692758
2.986491659
3.412170504
3.558727209
3.13700308
3.842187285
3.586666638
3.771873188
3.499146721
3.267962768
3.715420839
3.464120983
4.126540933
3.632259167
3.377784523
3.445018501
3.075992055
3.964051005
3.477186197
3.743829468
3.248132776
3.212526613
3.731675467
3.056814604
3.553729803
4.04368068
2.782578746
3.594838536
2.861981869
3.039405259
3.793105821
3.060532217
3.391785949
3.62892718725
2.9112139528
3.565995607
3.804966817
3.179336858
3.219117515
2.917633081
3.171716215
3.672875698
3.119530563
3.573298249
3.619040936
3.640174954
3.949072367
3.155699717
2.948513323
3.405119215
3.22067505
3.8004184919
4.02057173
3.629013607
3.53955297
3.5829600961
3.6454912227
3.84170252
3.50946234
3.383463422
3.52184023
3.192871029
3.173815303
3.094267049
3.6131622749
3.263721124
3.196510604
2.94135996
3.850369674
3.4413541
3.951885707
3.15780404
3.875941561
2.9300920131
2.91243071
3.682614433
3.995063321
3.401335729
3.395944368
2.86717729
3.798602422
3.6285378369
3.991839673
3.82823155
2.941959249
3.599493521
3.47869605
3.938532495
3.188966449
3.754560344
2.74660494
3.16222158
3.884613696
3.1864312955
3.59459397
3.773800392
3.498942744
3.29531307
3.49112769
3.519828314
3.1761943137
3.420349023
3.723690223
3.2707343734
3.7290051
3.93733975
3.25959113565
3.529315738
3.2252492442
3.3935249171
2.986186474
3.35829367
3.471265416
3.458483664
3.154796329
4.018056335
3.153735811
3.697003413
4.092862348
3.417821694
3.09673087
3.201312894
3.2049569
3.247024128
3.20905863
3.529139669
4.074542542
3.522429115
3.599213335
4.481144497
3.121475879
3.545504033
3.18262005
3.54335058
3.189453654
3.205407316
3.895573289
3.526856847
3.7566276714
3.513857293
3.1899973766
3.170285517
3.637799168
3.2245639791
3.49443894
3.625966078
3.4227020355
3.7120787835
3.3669552025
3.8029236445
2.9206695985
3.0261321165
3.6532173235
3.1090240995
2.9317031865
3.3429057775
3.0511066695
3.9527000195
2.7857796065
3.2373694545
3.2245948655
3.9366270305
3.1375479295
3.2503905165
3.4684840325
3.0846526635
2.5891731285
3.2180985765
3.5587446645
3.3104297635
3.6559832365
3.1547121935
3.0277508465
2.1681114225
3.2874138056
3.2750362445
3.9156540395
3.0003442445
2.9447431375
3.4063682726
3.3438824625
3.1536110959
3.7708386335
3.4547953715
3.4559702865
3.1331517065
3.2917847465
2.9375981845
3.3320390945
3.4380917475
2.8805148705
2.8960819935
3.0473110615
3.3830618655
3.4811511185
3.8276627295
3.0138249775
3.0560556515
3.6567095345
3.0777328695
2.8345984585
2.6687375225
3.0556842555
3.5697926655
3.7358861675
3.5994966671
3.3081573168
3.2007614685
3.7324788715
2.5697424065
2.6895153915
3.5465659405
3.6043535075
2.9635532705
3.1979977475
3.2914514425
2.9998261153
3.2679535685
3.3586903565
3.2214008635
3.1883180945
3.5154830925
3.2759268335
2.9954965175
3.5540416265
3.0183355711
3.2741160665
3.7091051685
3.2234146665
3.0492388065
3.1800544565
2.9186643237
3.7202377105
3.5674569955
3.2967269245
3.3003895955
2.5855111165
3.7320831555
2.5782270825
2.8700659785
3.2354146115
2.9020257955
3.6768883125
3.0708306745
3.0917955145
2.9218898565
3.3586883186
3.298572232
3.608510446
3.190326489
3.399131139
3.215117375
2.698181421
3.241301555
3.4576503963
3.04226812
3.884422726
3.4988465719
3.249198853
3.687931234
3.311440292
3.145445434
3.450459981
3.613160547
3.289132824
2.809878225
2.450588887
2.226871502
3.500542165
3.848858412
2.96922748
3.640881515
3.624181136
2.72108508
3.79697285
3.224977373
3.327167235
3.504152108
2.98892918
2.419223939
3.33581221
3.678946871
3.3402385323
3.1336850361
3.8269942794
2.862939767
3.106641212
3.360006512
3.29090194
3.2750296
3.14851569
3.467126481
2.8256416179
2.700161378
3.059516733
3.216614863
3.6336371591
3.18426869
3.214554515
3.32533575
3.46258592
3.678481876
3.158968978
2.909628259
3.6137404572
3.375254001
3.496185916
3.15709891
4.02816163
3.340994753
3.460353127
2.573966655
3.23796427
3.867113153
2.78830176
3.6398067641
2.84309171
2.8476749
3.33775816
2.6340414888
3.774670894
3.185424536
3.580593714
2.767111631
3.66882329
2.843609187
3.202306646
3.1452724672
3.334561439
3.020096386
4.058388324
2.8705470466
3.315050985
3.440310657
3.0800305841
3.4979264215
3.58751189
3.271427016
3.2184184572
3.89418629
3.145541541
3.644615927
3.22826216427
3.414368504
3.549937603
3.4593475362
2.64718353
3.3317773
3.35951167
3.542054499
3.108470708
3.392958556
3.697993056
2.882234478
4.4078106
3.1875151466
3.60207455
3.528411209
3.22708019
3.52743957
3.50581373
3.36504263
3.55470088
3.09483532
3.169165001
3.19394594
2.831137617
3.17540901
2.71166038
3.259824482
3.493716486
3.07131206
4.09872254
3.006931099
4.033841707
2.974706746
3.39317071
3.11259858
3.305338894
2.451749208
3.10346565
3.206197141
2.97056848
3.662642201
3.10012055
3.648891027
3.30870009
3.006420956
3.059521775
2.69420111
3.059215906
2.73362966
3.47942935
3.626412061
3.532849741
3.2712875
3.217780125
3.086707778
3.135148905
3.80374555
3.27702985
3.10994789
2.716204871
3.610331
3.182593281
3.4836876
3.072114245
3.385796424
2.69210341
3.261302377
3.3712678886
3.838206985
3.12733428
3.31806359
3.408479113
3.035547646
3.278827519
3.933495176
3.78271482
3.14024481
3.61869769
3.21141935
3.23989724
3.68867328
3.0972214
3.243277263
3.1141444
2.622947028
3.519017035
3.05108998
3.02476355
3.1929946957
3.625980475
3.031309608
3.40018457
3.173097296
2.8698665295
3.548833128
3.152433235
2.559750072
3.142094703
3.04439302
2.76239792
3.39534499
3.996906083
3.444447855
3.963493763
3.527313399
2.389762002
3.356894498
2.601694817
3.5352672848
3.750159833
3.377707413
3.7834862744
3.090900362
2.654540053
3.57354597
3.7053689758
3.525364481
3.182419011
3.394048253
3.086823417
3.672158554
2.858477087
3.0956974631
3.165293723
3.100991762
2.866200983
2.736551519
3.206937595
2.663428089
3.326253718
2.147228729
3.0668045617
3.5132173539
3.192491613
3.016534772
3.937751053
3.311914283
3.68565327
3.511828243
2.991958271
3.481140013
3.249067815
3.095814711
3.763722689
2.7238125567
2.730569443
3.319380155
3.295905724
2.977721844
3.86140786036
3.399357223
3.070606771
3.509103803
2.97852244
2.971526741
3.023389903
2.934289262
3.125112561
3.385034683
3.538692723
2.829265925
3.012611572
2.815633501
3.524186531
2.792095722
3.193565341
2.893131978
4.111514038
3.059254179
3.310030011
2.697654234
3.180149621
3.883906986
2.976294323
2.919004312
3.134385211
4.018262891
3.08262543
3.587446497
3.5613434517
3.196529509
2.732594438
3.522167933
2.509255283
2.609841326
2.6563366763
3.627519401
3.699386116
3.321140909
2.907804383
2.935780721
3.189054051
3.833266081
3.805240223
3.298198796
2.784902308
3.438190652
3.101504543
2.78391516
2.746017921
3.252389909
2.534478483
2.960029204
3.4895042151
3.8338546119
3.3252322893
4.5797892829
3.7770596319
4.1924145859
3.6666878869
3.2555490379
3.9396659554
3.6152301829
3.2057010689
3.4321954781
3.5113489969
4.022689692
3.6927359519
3.7873416139
3.1573444409
4.2416523859
3.2251273499
3.1180402049
3.2555058439
3.8902836593
4.0534937179
3.4203150609
3.6148840274
3.8791816105
3.3302231539
4.6146837259
3.1633836399
3.1314882549
3.7736896489
2.8419387479
3.1146992011
3.22531729985
4.3753400679
4.0151199349
3.5060732881
3.1761229419
3.7555281029
3.4244467719
3.5162757689
3.6836734399
3.2196137769
4.0002741449
3.8307174152
2.9174724819
3.3438246629
3.4951542919
3.4413628179
3.5632105269
3.4681880999
3.8558736399
3.3375665239
3.6712970679
3.2043901621
3.7569704619
3.4548951459
3.3494963319
3.1772407349
3.4337522209
3.1856295329
4.3471585121
3.3523217596
3.4469008549
3.8526480259
3.6438761049
3.6717039114
3.4659469319
3.3193327539
3.1028250319
3.4037013439
3.2956283719
3.3671111651
3.7837574419
3.6186579839
3.3797286979
3.3477521959
2.9958408979
3.8997802011
3.6185914139
3.1134762949
3.5139394849
3.5179646899
3.6110432262
3.65482933096
3.1061407019
3.8341976359
3.641687984
4.3589583259
3.2952159859
3.4083666869
4.2760054879
3.3585938119
3.2155765178
3.5395387549
4.3529728569
3.1779864569
2.7532309959
4.0024638999
4.1408955169
3.0148730897
2.871183175
3.286609855
3.406868125
3.694290365
3.523015049
3.246524059
2.900875543
3.150226324167
3.417065178
3.336445885
3.050085993
3.997605348
3.728217316
3.087440493
3.8820765161
3.633849593
3.1510869045
3.773182949
3.187278444
3.539944601
3.604720528
3.345436497
3.497758282
3.790805303
3.594719937
3.604780738
3.642483266
2.917937818
3.456642769
3.181035584
3.865333297
3.179146528
3.583184745
3.188702894
3.0926553495
3.733947366
3.916720394
2.984835174
3.232361375
3.5227124902
4.310584375
3.229871458
4.0124374944
3.544829906
3.5166498873
3.609089589
4.004729739
3.126773133
2.782927874
3.268421918
4.078223536
3.3913635129
3.58866007638
3.9005446376
3.553992686
3.885771284
3.247516808
2.655760085
3.365328141
3.687562082
3.731439961
3.256489535
3.113714653048
3.941788352
3.301395062
4.012131
3.492687016
3.305036651
3.741680682
3.439450737
3.22624648
2.976189404
3.054554174
3.104705914
3.41925871
3.715828457
3.483852081
3.938443713
3.4906759551
3.8012793149
3.318731892
3.8781387665
3.445949858
3.043895191
3.1140497355
3.474067477
3.182029301
3.4301663993
2.868964289
3.698825766
3.358215054
3.716935934
3.6502513009
3.934847494
3.0900179775
2.726507007
3.033168042
3.646830991
3.489372496
3.271280546
2.954954413
3.633493055
3.374499905
3.61156131
3.735774534
2.672410801
3.44565579895
3.656631351
3.60975905
3.2486991148
3.517819605
2.794044635
3.285504989
3.727001343
4.084424323
3.589864667
3.084483634
3.142101485
3.086162446
3.256695868
3.222340888
3.313167325
3.315125647
3.156271911
3.943567009
3.244664653
3.616564735
2.970621715
2.722721038
3.089579749
3.158033489
2.894908938
2.661885983
3.664057019
2.949324995
3.509741962
2.779445694
3.396863863
3.532778207
3.143302396
3.361799976
3.006525272
2.8073607316
4.430620587
2.6764021098
3.439100679
3.22870369
3.706013025
3.052268314
2.647445053
2.830131379
3.633380565
3.675289674
3.217941645
3.006402715
3.4720754425
3.1856744585
2.582119269
3.1554459
3.217081003
3.341681991
3.174235136
2.774393187
2.763155636
3.225167294
3.168686095
3.430611748
3.468712139
3.13070716715
2.641589176
3.110868641
3.404657566
2.840476047
3.012246284
3.438374548
3.065290165
3.6965244864
3.024605272
3.88436689
2.727168349
3.132744979
3.930371739
3.566519765
3.1562979147
3.438498589
3.089743223
3.945972788
3.023773941
3.170050687
3.758172009
3.7851037896
3.223870945
3.85822409
3.409450483
3.062358124
3.351048123
2.724464946
2.598487443
3.174622405
3.98792446482
3.89450299382
3.98964919582
4.13408630882
3.93343761682
3.55957805818
3.91539703018
3.93211250218
3.84459874482
4.14230400718
3.38327342412
3.57541216082
4.17047834082
4.13391903182
3.95456860618
4.86564805982
4.40688032318
3.93045079982
3.38866866418
4.11232538618
3.80819425318
4.12293771282
3.33661837882
3.32142482482
3.65421912402
3.40613417218
4.00773640818
3.48740094082
3.76017156282
3.73037961282
3.37092179182
3.72170749582
3.54205557982
3.59899180882
3.70652733018
4.11088860282
3.48350537318001
3.86619065882
3.24775982282
3.44146540718
3.82939424518
3.263093696078
4.09886860442
3.38668334518
4.06168349718
3.58010188792
4.02125192782
3.62941823518
3.78003654198
4.16840922282
3.83980304718
4.01684536282
3.62126052218
3.7079361384
4.27858183518
4.23520191518
3.77892465718
3.90731895018
3.97168280868
3.85264634718
3.85214996782
3.72942386618
3.20326435518
4.10818994182
3.75307927282
3.75359214218
3.48501871862
3.75454212282
3.78752792818
3.63903422782
3.68555390518
3.79550227018
3.33180336218
3.35819010086
3.57959658918
3.81692136482
3.40686543718
3.53744510718
5.04954797218
3.34005517718
4.42811481682
3.63665591882
3.90932339418
3.39385383482
3.66195133082
3.53527552982
3.10583883852
3.82452488282
3.74843553518
3.30170401788
3.88946266782
3.52548971482
3.30408297882
4.52858348082
4.00743185018
4.19541309418
3.55889232918
4.14840580518
3.91363247282
3.54754256182
3.6134429473
3.847165866
3.262595849
3.203348901
4.338238131
3.090154543
3.210438591
3.257285186
3.963977827
3.277486833
3.479006056
3.793312686
3.87831713074
3.2966021691
3.281396045
3.419295434
3.2455997318
4.041273054
2.964972462
3.556188579
3.254457369
2.914617668
3.1933334733
3.609773063
2.622589993
3.419406558
3.687152228
3.500975915
3.5317529491
5.112938521
3.070294963
3.419377872
3.222911702
3.564788698
3.382211303
3.505574351
3.56555036
3.492994334
3.877615031
3.849413725
3.798325118
3.1602000696
2.865776021
3.561571459
3.0350072707
3.1991383801
3.588601231
3.025331209
4.400055861
3.407487209
3.4632398835
3.672452823
2.92745017098
3.4703516298
3.264300483
3.3239612393
3.6560591504
2.4822123257
3.708704825
3.168445829
3.4710903773
3.705644536027
3.283555598
2.96340811
3.435892258
3.403839678
3.904112677
4.040930941
2.997595025
3.536149052
3.17927774
3.3613933956
3.125415071
3.1529179668
3.261604829
3.390632204
3.762862849
2.771003581
2.782707914
3.372997645
3.948980564
3.60940314137
3.861962678
3.713893416
3.166104499
2.879954755
3.315011032
3.175504617
3.247328403
3.923317706
3.196478776
4.052071665
3.228815901
3.10037082
3.2358803884
3.174070134
3.559894542
3.735196417
3.145102449
2.555023273
3.9875385728
2.87109229
2.789287701
3.182758196
2.6649775435
3.807689329
2.57313203
4.16842683
3.1015650999
3.659203676
3.188785461
3.765496946
3.203090172
3.0087020296
3.671338427
3.356966196
2.972822901
3.399871067
2.96317615900001
3.144565749
3.64136172
3.144973664
2.899415031
2.7060612696
2.9416526691
3.316647834
2.5951642993
3.39943743
3.448111683
3.096274159
3.316072228
3.023457238
3.1190100799
3.267910887
2.8945278828
3.666361662
3.107896166
3.347250114
3.6965140913
2.95612155
3.598197226
3.557944039
2.822381584
2.83863184
2.688456679
3.19342174
2.79943914
3.134862543
3.4784843947
3.8193362705
3.406133859
3.126957989
3.145234359
3.243574277
3.622078444
3.381117727
3.688603128
3.226155995
2.784271169
2.939242517
3.246697222
2.9633095676
3.36595539
3.2435996977
3.1461480456
2.795345915
2.848366184
2.9374118732
2.9206671
3.0334033002
2.97122036
3.5838678681
2.901769024
3.0214423837
3.677709371
3.295531151
3.041808257
3.375216033
3.286495927
3.63070679
3.074609553
2.806887394
3.046279143
3.641402967
4.29047625
3.0088928799
2.751118689
2.95879482
4.16934195
3.0829753731
3.22518775
3.490032483
2.91763134
3.368097982
2.7368810788
3.120763495
2.77622337
3.7348912152
4.08334751
2.63088745
3.120906719
3.827031502
3.43753378
3.171127856
3.933586103
3.54554718
3.295196411
4.18500271
3.753428249
3.161034431
4.391930049
3.419818361
4.092935609
3.07949095
3.709371604
3.557101684
3.468570313
3.3273887023
3.263970748
3.224101934
3.704595764
4.054111915
3.757844315
3.368032196
2.8958554
3.288784463
3.665253998
3.626827512
3.401545054
3.898520151
3.534384029
3.422822638
3.648221542
3.365823015
3.209444818
2.965273039
3.24162310116
3.6334574343
3.105891321
3.184237896
2.7898774153
3.216917827
2.820976008
3.100629345
3.27810241
3.230332241
3.096270209
3.612574232
3.756589909
3.741337191
3.155991317
3.554505579
3.553230304
3.94325036
3.915163216
3.8001865043
4.192026199
3.918163452
2.94970578011
3.305494475
3.16697347
3.3361490325
2.758789526
3.60007821
3.207803525
3.604515575
3.346871106
3.302879273
3.286067406
3.249119564
3.584626374
3.127575261
4.054756375
3.713617395
3.686937997
3.416952452
3.098416642
3.6414242769
3.035467054
3.526491461
3.594023539
3.99236165600001
3.649039049
4.01325376
3.202338054
3.323213198
3.580577715
3.368621074
4.490213397
3.268465299
3.732460926
3.450815729
3.8181488959
3.10144057
3.403053112
3.481556919
3.471406693
2.865361851
3.356390539
2.915083214
3.547033261
3.6440191516
3.207674868
3.128172358
3.396162878
3.537097816
3.436511341
3.691985256
3.273203032
3.86309765
3.416509925
2.9698697406
3.92787186
3.6601567316
2.815554965
3.533741772
3.644013037
3.582027163
3.652616043
3.02413422
3.354946507
3.84462524
3.509482192
3.334271922
3.75363226
3.01993539
3.0948609
3.375362589
3.566580013
3.825842101
3.468749958
3.7204227906
3.254533559
3.728854809
3.6350127645
3.354673855
3.213644596
2.789520766
3.778346171
4.199386844
3.5256986366
3.6416619813
3.579899401
2.973343792
3.18209307
3.52964026
3.4405961158
3.474845934
3.846859824
3.506343657
3.81896893
3.0663366
3.17755211
2.845614012
3.044678722
2.746347579
3.831049919
3.43104426
3.07127743
3.910773166
3.3409086768
3.748514006
3.7523701035
2.515807885
3.215150986
3.41778876
3.414319652
3.26793285
3.105420134
2.613771085
3.700514625
3.112130393
3.567696785
3.097526262
3.82107796
3.2801284946
3.178864489
4.1396936
3.515837598
3.408019676
2.946011121
3.07647154
3.406115938
3.74099608
3.352509927
3.66963234
3.3412572973
3.682411734
3.78608063
3.0814485352
3.1132759224
3.773137263
3.127768456
3.355498069
3.689023009
3.386482226
3.3810131894
3.403079911
3.5592236427
3.517332451
3.898246858
4.268129016
3.492079782
3.8162515674
4.026098758
3.4837781126
4.0471448007
3.560879022
3.07498441894
3.734028884
3.660062679
3.2123633221
3.055581074
3.200798894
3.539818458
3.351741644
3.265510926
3.348983202
4.3445728991
3.622898205
3.287584907
3.771522898
4.051347907
3.191015529
3.97810375100001
3.3588978112
4.261842027
3.39585799
3.511372344
3.301989138
3.462321923
3.504183699
3.250871662
3.470501552
3.424258521
3.290056945
3.787585423
3.201537467
3.92837847802
3.4288434515
3.906121122
3.579858138
4.01426987839
3.3046076463
4.093311701
3.785262909
3.6976481487
4.437115185
3.823122245
3.800595353
3.8891926405
3.439698162
4.004559111
3.161873772
3.3776519471
3.07987675684
3.734607624
3.556536886
3.110432453
2.947132229
3.648271754
3.279229314
3.885119955
4.187259872
3.798764007
3.568999567
3.624272898
3.4783410335
3.484651111
3.557997741
3.801887001
3.312410286
4.1874678652
3.320838924
3.632406855
3.841962249
3.661462934
3.095022335
3.834723272
3.389746947
3.666760904
3.95704389702
4.037259837
3.377965312
4.044250154
3.637808531
3.1565675983
2.799296574
3.653024485
3.592466762
3.858716083
3.61959334
3.8565152094
3.218555649
3.808778326
3.372635409
3.873258523
3.186739424
4.315614382
3.630503471
4.136004593
3.7320802422
3.96942951
2.715735123
3.702975063
4.55561091
4.0832225245
3.772198002
3.778387121
3.072121186
4.299281719
3.721142847
3.771942096
3.261445276
4.476626973
4.500250926
3.698906435
3.894230135
4.216968527
3.903783835
2.970959415
3.05523841
4.463534987
3.722407656
3.471736436
4.005330326
3.5506272815
3.168557947
4.277343426
3.986646751
2.6736679067
3.570008418
3.897900606
3.328337285
3.126396681
3.6862567238
3.723250958
3.390013621
3.484006086
4.141928361
3.7906210876
3.839194381
3.672238767
3.717715776
3.5247585
3.660244902
3.659980565
3.535159536
3.282161415
3.4858594671
4.569259163
3.348367859
3.310480635
4.288582933
3.819368653
3.4826132137
4.416101194
3.480096051
4.314790336
4.349386746
4.130676788
3.671604424
3.281675186
4.112506946
3.903597189
3.732204886
3.823103918
2.779907688
4.179766066
3.5212688287
4.265875418
3.892936736
4.640261731
3.890467305
3.671680012
4.125406856
4.272726856
3.684222491
4.094677056
3.327893378
3.317534046
4.062030955
3.446058166
3.357720175
4.312607056
3.7338040705
4.056876847
3.755216311
3.326279517
3.763550459
4.082286246
3.669441867
3.686015456
3.303539926
3.410015309
4.223334546
3.19088097
3.606261698
3.199458972
3.340194817
4.580379399
4.180945388
4.7963106644
4.584112938
4.39245151438
4.330411608
4.449641055
3.733956588
4.284040553
4.383749781
4.570674829
5.180286867
4.638150078
4.331008888
4.1150108734
4.168177947
4.543635298
4.972543506
4.578900939
4.408039919
4.145839418
4.269997655
5.121202958
4.039971885
4.502891098
3.981591118
4.307558799
4.856382346
4.469014954
5.245106762
5.013516755
5.056585575
3.9969471485
4.845260398
4.559681248
3.666761771
4.25272262
4.742278832
4.716688473
4.004023998
5.354159222
4.812083325
5.312104888
4.815104988
4.688354408
4.964469346
3.98980474
4.068618449
4.348581878
4.729958157
4.868927172
4.88625876
4.1358867236
4.401967869
4.5454866901
4.355863183
4.996596896
4.284965028
4.238036911
4.5173497897
4.630134194
4.865121502
4.507799142
4.490898185
4.131242128
3.47132141
4.35557933
3.901349155
4.1095866991
4.424513933
4.411443458
4.170815289
4.640100088
4.269596784
3.875034258
5.073142452
4.211839991
4.667950268
4.968451762
4.272179132
4.313927218
4.462237508
4.201919858
4.746178418
4.795553627
4.589380077
4.835737123
5.32635208
5.026881898
3.970521958
4.989051797
4.645222978
4.4586501744
4.909648201
4.58761815
4.507671048
4.3000386645
4.837501618
4.843877818
4.129344529
3.18595643
3.47801471
2.994863078
3.80685687
3.880705147
3.293903637
2.948145724
3.5818565619
3.34172394
3.837508769
2.74732135
3.25873174
3.798824003
3.822496355
3.33651712
3.420050964
3.2930019827
3.191794509
2.749575077
3.1194906514
3.182115705
3.509185251
3.505371119
2.74444983
2.922880664
2.64089369
3.069385159
3.55710372
2.8891944087
3.50671077
3.985935423
3.32143835
3.3848634
2.87425354
3.41154994
4.0426920382
3.46210638
3.04190548
3.430030214
3.10312118
2.795318453
2.8556686397
3.643499094
3.695848948
2.83011829
2.712374936
3.32542706
2.9227585793
3.124317607
3.198894376
3.230919346
3.297483481
3.44831418
3.56871866
4.0018446
3.2515922
2.806527659
3.335434734
2.89469338
3.3812508675
3.3569480481
3.480143634
3.687044999
3.63729425
3.36951099
3.592508184
3.481904643
3.394847313
2.90737479
3.29158954
3.172603753
2.77848192
3.234285941
3.113897894
2.78859396
3.1933543
3.635632419
3.46606872
3.343460228
4.0726183
3.460606001
3.17211216
3.05612935
3.59345773
3.9447261842
3.288438139
3.01896895767
4.0025775816
3.78019883
3.20552376
3.156308
3.48054504109
3.758696127
3.33142486
3.24006565
2.7808522979
3.32259283
3.453697549
3.161064948
3.83507698
3.7356272625
3.137876322
4.391489512
3.7401123188
3.4064963575
3.320088945
3.740672653
3.220161243
3.184243607
3.5755003584
4.0501142929
3.8273289499
4.008081847
3.993347912
4.085513931
3.7990555456
3.648206133
3.261283353
4.375375592
3.814031457
3.836073026
4.090325832
3.6158197389
3.650158717
2.9330642193
4.1584726971
3.353007573
3.177820052
3.443010339
3.928671941
3.362760189
3.6981725821
3.4931712008
3.570338403
3.73849661653
2.892973111
3.636182283
3.1633431
3.848705954
3.9788152823
3.534495247
3.909771752
3.929831736
3.9946749522
3.493564541
3.516659072
3.650995662
3.647685025
3.71930899
4.092255581
3.42227488937
4.0331839128
3.127322389
3.516672459
3.078238853
4.491179873
4.03740834
2.921301738
3.755833737
4.3949165082
2.8180534864
4.236461523
3.716066071
3.2000633532
3.434252401
4.1112235587
3.345145774
3.589290563
3.619702712
4.297433653
3.345228073
3.16883549
2.862585301
3.735164947
3.3907269976
3.71254074
3.608606514
3.676878248
3.878225354
4.248659057
4.64458598
3.62739647
3.4854791073
3.0402706939
3.67515388
3.517622515
3.155406216
3.868610842
3.8457850483
3.895347621
4.02560861976
3.916840911
3.038870927
3.543467333
3.564698169
3.2780496986
3.598869378
3.5017771736
3.534030016
3.75782087
3.013287632
3.2339845184
3.344292873
2.99269927
3.513883004
3.165219001
3.029697486
3.0592655
3.55627908
3.451783812
3.20650642
3.34129067
4.482121642
3.16612421
3.21983622
2.91576372
2.73985854
2.73615577
3.28585839
3.232118793
3.66022711
3.494824716
2.714614597
3.77551516
3.3097676415
3.236102428
3.089398629
2.82804517
2.61378227
3.593103864
3.40709521
2.810277746
3.3547157481
4.10869499
3.56200078
2.85273741
2.583922769
3.0675225
3.513082501
3.09550052
3.74792231
3.212222643
3.77906194
2.85538655
2.461744316
2.943393451
3.062744345
3.392429846
3.05562962
3.73387823
2.88538193
3.564677969
3.474636117
2.849957242
3.349816252
3.545957983
3.250225999
3.170393733
2.842079836
3.00226183
3.52743274
3.463968996
2.912845708
3.51304695
3.749152779
3.1057607354
3.018632386
3.25354322
2.59182812
3.413088639
3.096670489
3.093027675
3.714479309
2.66080315
2.936962452
3.379762194
3.286945456
2.960997189
3.726327597
3.148593803
2.9188289
3.361689101
3.757479629
3.26986613
2.81271572
2.804487761
3.629128237
3.22157701
3.488009803
3.2437218
3.87830117
2.61519588
3.296226489
2.946809089
3.39093499
3.356821797
3.115067818
2.97299901
3.06217265
3.265458747
3.649801755
2.845085078
3.118076653
3.441207435
3.288112362
3.2528729833
2.745005322
2.592051854
3.145262907
3.487555762
2.944647861
3.184411265
3.61155646052
3.8900853
3.439827999
3.288775636
2.8905869049
3.320303783
3.243799208
2.801604033
3.164558082
2.945797778
2.331702984
3.159377755
3.51387088
3.0758876854
3.090764722
3.1623147051
2.899190449
4.152282948
2.575717878
3.1424009355
3.596498002
3.412366436
3.6612714838
2.683573919
3.153993027
3.030275392
2.9885919213
2.57200933558
3.662082466
3.731347641
2.771709872
3.368017107
3.024887673
3.489206322
3.217414698
2.768439408
3.708696393
3.264379148
2.789261747
3.129130395
3.872605358
2.803721072
2.9073606451
2.643092728
3.126910174
3.20559282
3.505752321
2.8102108
3.584559191
3.572817633
3.815272788
2.862749038
3.064201502
3.576250482
3.465777725
3.104567896
3.600117949
3.235529081
3.752015807
3.406646274
2.799306598
4.025014269
3.282649692
3.105621732
3.249188858
2.735408898
3.1605072061
2.852170916
3.207338932
3.600990548
3.113099243
3.20144657
2.930195779
3.642037132
3.452367445
3.244840034
2.752939138
3.268995171
3.527143112
2.729025579
3.540459972
2.296288503
3.158966995
3.510527708
3.5248434647
3.287030966
3.590592761
3.219408562
3.532187869
3.522488851
3.220613013
4.018076148
2.9280339272
3.352782179
3.186429725
3.424907441
3.370100625
3.814460159
3.0006708557
2.958357353
3.854245125
3.793173969
3.408952829
3.1285721838
3.093656603
2.708134857
3.278664903
3.704908329
3.796607089
3.794533862
3.221873419
2.820214705
3.150715553
3.343806874
3.334455179
2.823625679
3.372135326
4.127403079
2.899695683
3.773046988
3.037715629
3.772533347
3.265031783
4.480837284
3.50120903
3.616987237
3.334320679
3.008093036
3.238580949
3.454536056
3.19317445
2.892520845
3.225653277
3.645727748
3.09534157
3.046729225
3.75863765
3.3696317315
3.0228470817
3.282799825
3.8048449
3.099013188
2.882160691
3.648190599
2.816590271
2.702363113
4.096639771
3.896397649
3.315807728
3.342862649
3.841593772
3.451327076
2.923375139
3.7067004404
2.972268024
3.311108061
2.924494377
2.729708029
2.966986431
3.269533869
2.985373415
3.382959929
3.840285195
3.62834709
3.348651329
3.722416079
3.485608883
3.2327923913
2.968368873
3.960620279
3.771042609
4.186357619
3.470081688
3.540897629
3.3052601275
3.677498069
3.306313266
3.236649024
3.034200444
3.456208609
3.366505967
3.621780731
3.331039906
3.273651283
3.344558508
3.126765731
2.884524427
3.139035809
3.0890410459
3.174520501
2.964636595
2.6459283729
3.860234051
2.7864660409
3.059612678
3.076419355
3.64773467
2.934905057
3.41257657
3.02514572
3.3806642468
3.76060196
3.096770303
2.3837842922
3.3016722209
3.13426708
3.662341085
3.4611579329
3.010000578
2.706631213
3.20472898
3.0722155688
3.33138202
2.809207399
3.116215773
3.039691503
3.140958408
2.9691765
3.14198303
3.483955549
3.06038873
2.847425041
3.2430905691
3.944214429
3.1740813787
2.9877151806
3.563569271
3.015270057
3.203507128
3.727814488
3.1706231878
3.02902454
3.163170383
3.7766625
2.920580156
3.591099825
3.347363915
3.496426459
3.622253841
3.580260122
3.456271112
2.85991067
2.6483442712
2.9065500146
2.9456578654
3.545158683
3.068296554
3.274489333
2.877981558
2.790057917
2.998123454
2.7381112
3.229607746
3.299242592
3.4647959
3.359743003
3.429346037
2.708928214
2.453153188
3.138015212
3.33812571
3.069590228
3.427719685
3.1329938
3.21115236
3.391073799
3.256134984
3.316812866
3.08565231
3.20516754000001
3.079578021
3.156675853
3.2675998871
2.987413107
3.0355917564
2.83273424
3.481864032
3.275657636
2.89395246
3.20555812
3.209406528
3.26892408
2.8980997
2.91719644
3.628124552
4.1690135309
3.4274824
3.58012240382
2.727479167
3.907780185
3.47513028
3.4009769096
3.64045295
3.71255601
3.43646148
3.26971124
3.517108495
4.0567917
3.286360827
3.084052019
3.193975208
3.200233424
3.68358601191
2.14631822
3.252379642
3.29004136
2.32734377
2.93369351
3.463348777
3.18824899
3.543829893
3.41511589
3.0230741432
3.7426342174
3.60504175
2.532132066
3.47672357
3.368459167
2.589854901
3.319819262
3.097219028
3.34088981
3.838954695
3.52166903
3.057030917
3.574103104
3.120955567
3.392568956
3.57378625
2.96942419
3.1320632102
3.225970005
3.1778870391
2.814764559
3.746247444
2.986900833
3.30792969
2.922857388
3.31284969
3.311289187
3.27447195
3.422662919
2.828208824
3.493365883
3.312210582
3.25698273
3.419658473
3.115529598
2.9908919095
2.82182321
3.4854002248
3.415678039
3.33599098
3.0076315517
2.924274475
2.8301467
2.45677697
2.575597618
3.267826241
3.295183479
3.265036743
3.399475018
3.46816568
3.471297426
2.9307006773
2.94969625
3.203141794
3.079053791
3.378232929
2.947341894
2.797483193
3.1311501
3.692062281
3.2670671058
3.556392752
2.573726682
2.993779202
2.8202737505
2.55902763
3.26574881
3.08924676
3.711671178
4.151554392
2.8356166
2.885294347
3.011442052
3.4241908073
3.343850417
3.69768673
2.862090661
3.08492052
3.12855343
3.139602789
3.520878428
3.142219165
3.4429515933
2.961116038
2.975291368
2.8058649
3.015875081
3.085928778
3.364742958
3.05100489
3.28905095
3.083251035
3.266191115
3.0698545675
3.00692157
3.490668765
3.388123408
2.829169605
2.764112061
3.001115765
2.93996501
3.011838384
3.094398586
3.0864475819
2.643493092
3.242599925
2.8961320863
2.74155604201
3.341785259
3.06753508
3.250610945
3.561249084
2.887026483
3.589398683
3.628930826
3.244751774
3.328764655
2.604250619
3.026992763
3.005127104
3.502973126
3.108385385
3.335455049
2.860889153
3.2025690745
2.869638274
2.90966339
2.949031275
3.258711041
3.12429418
3.41729308229
3.525200817
3.4488473351
3.34030496
3.255404447
2.86068385
3.00079929
3.896043841
3.074278949
3.548280792
3.27155947
2.322870723
2.793689454
2.943054497
2.927180292
3.2325487
3.317688778
3.280816113
3.009793625
2.756265459
3.91265579
3.13682432
3.276167469
2.902847968
3.4521339764
3.075652562
3.311050739
3.6037004456
3.957858820948
2.601352765
2.5420392886
3.42273597
2.5350541977
3.5140258
3.477698005
3.095098711
2.977241467
3.4822369
3.358303279
3.073909821
3.36395939
2.99498258
2.9048030333
2.74839274
3.164879806
3.371794088
3.274827602
2.989590089
3.090638353
3.296187492
2.726196333
3.0528398881
2.833627781
4.148804713
3.123453588
3.4214998722
3.297666356
3.049835162
3.473349656
3.965059117
3.455135083
3.396908399
3.231506462
3.142611219
3.414985808
3.207531803
2.978173487
2.688402542
2.799885066
3.126674371
2.569874525
3.598634436
2.744511368
3.551600362
3.090354909
3.201266211
2.9519303246
3.60837351486
2.724680284
3.146773409
3.37662794
3.366072441
3.235642964
2.620939983
3.081481268
2.934489049
3.379728236
3.312279933
2.718983128
2.661959795
3.302884003
3.035399522
3.165893314
3.09806583
3.9151126708
2.869390518
3.514827223
3.412012413
2.695298643
3.523194246
3.054612034
3.050331753
3.266980012
2.8764375293
2.960382963
3.120579502
3.3574393481
2.879764445
3.438475112
3.745527315
3.753602193
2.916794283
3.744116768
2.810762364
2.9217590402
2.840398273
3.74382997463
3.28509633
2.578657496
3.130116577
2.758866523
2.697792373
3.4340434372
2.512115864
3.412652753
3.067782203
3.67286668400001
2.645969255
3.068693843
3.582036763
2.9746106515
2.926714773
3.478051909
2.920733983
2.933798937
2.720867762
2.975928033
2.804162351
2.829088032
2.869137117
3.210472548
3.575272451
3.53295958
3.123839817
3.905770783
3.5502263184
2.9321187367
3.2201163437
3.2138128677
3.5431711927
3.1005156796
3.7575717137
3.4075169487
3.4262810337
3.2650174162
3.8065265957
3.3515034337
3.1202851307
3.2019226587
4.15791153898
3.1903266547
3.1980813137
3.8084520027
3.6679103757
4.0350329587
3.5103633207
3.8713316497
3.3938246977
3.6407429987
3.4896574777
2.9849174657
3.4863416607
3.9672773977
2.7705012597
3.9224037847
3.7381726467
2.7298142487
3.5069053997
4.2237694387
3.6334916377
3.3168934737
3.46837243966
3.6574772231
3.4791864437
2.9699490593
3.5914625627
3.1774250527
3.5767340287
3.5759539617
3.3279665197
4.0031731627
3.3146386187
3.9115188127
3.5991765287
3.2269790367
3.5311369447
3.9764535977
3.9077342877
3.3027700843
3.7723396937
3.6208311617
3.0824576917
3.6583576407
3.5040675827
3.5541337287
3.6084539867
2.9085619987
3.7735295667
2.7546275637
3.8614850787
3.7956026853
2.7470088847
4.0856193727
3.2426470487
3.5385816807
3.5674122914
3.2532107897
3.4761785767
4.0726699307
3.0147362397
3.2068602377
3.6658559647
3.0967797787
3.1751418737
3.5388245547
3.5159990677
3.9902562517
3.6489269087
3.6847731757
3.3406398165
3.9376156457
3.1927855497
3.2669218187
3.4341091997
3.9545151647
3.2234107737
2.8881692907
3.0554873987
2.8388975347
3.3407382927
3.1975990917
3.4182695057
3.3236417717
3.7003343128
3.6379291467
3.516401066
3.5295390651
3.465298222
3.066464582
2.786591618
3.6719922847
3.670992761
2.947130462
3.031753763
3.3589929082
3.26951992
2.702834516
2.96044222
2.952087902
3.448130517
3.53503528
3.734900533
4.2566654584
2.843844444
3.016481799
3.497783214
3.250287358
3.1634615527
3.089089922
3.706257012
3.5967900752
2.887088696
3.874847858
3.956855483
3.19236337
3.90110321
3.3290583135
2.505112131
3.251335012
3.4693318859
2.9714999119
3.128281235
3.3459090454
3.021964193
3.493586388
3.096322566
3.16614263
3.729495563
3.553264955
3.2710486825
3.084930186
3.372001209
3.7984421269
3.485729707
3.458395561
3.7201180794
3.295502319
3.279614949
3.921656329
3.4052072012
3.9193867
3.174130943
3.68775659
2.77151396
3.81504501
3.68707522
3.081790872
3.791226377
3.4159186
3.412866632
3.28603718
2.829734828
3.6443930826
3.4599216537
3.52320207
3.2764493613
3.3867297725
3.172442295
3.10269117
4.256393963
3.344281704
3.4275050494
2.9903890255
3.25221451
3.312454825
2.8260693787
2.91160960802
3.911814849
2.69410985658
3.053507274
3.50301952
2.646823377
3.04725162
3.269409887
4.28736413
3.482124323
3.383298881
3.680657936
3.802745509
3.214997734
3.276376727
3.9956376492
3.60594677
3.455081213
3.58032484
3.663524354
3.84853578
3.649408583
4.51896959
4.350055552
4.141079288
3.269728225
4.525480647
4.062162308
4.032480312
3.5709292
3.775611828
3.851231194
3.5059252025
3.412643374
3.75804454899999
3.7248660326
3.667461925
3.72065706
4.018611156
3.67976922
4.216989058
3.815917665
3.979565188
4.531583276
4.079004778
4.274105626
3.8049330975
3.561567708
4.064860048
4.584268648
3.19775834
4.100451169
3.800214156
4.108537193
3.4930428787
4.53693881
4.07446199
3.11747574
4.86007962
4.004193875
4.780614362
3.30929242
3.623884024
4.15035183
4.271376365
4.192659524
4.137978384
3.379435279
4.14759074
3.791255127
3.948407442
3.450592911
3.757370368
3.987489109
4.120447164
4.255487218
3.479258332
4.124302146
3.674404999
4.33532178000001
3.733666676
3.16791306
3.63059368
3.727421458
3.935907714
3.270807732
4.072974485
3.819583258
3.942959108
4.591758254
4.28936811
4.037859996
4.016829798
3.881663497
3.71843848
3.022717659
3.82481639
3.354715558
3.479954332
4.582916534
3.894112914
3.538368026
3.760356238
4.09508455
3.196885758
4.624441463
4.103231868
3.915941798
4.005415583
3.517904161
4.145186089
3.13288031
3.937512751
3.674574375
3.655326478
3.31568308
3.732529346
3.711822908
4.434131382
3.28778663
3.350393078
3.278442184
3.441907976
4.383045514
3.566370136
3.582605536
2.8614868109
3.326890028
3.548273485
2.519216326
3.764465134
3.729205163
3.25512223
3.226654961
3.951370468
4.152709242
3.370527191
2.7929207481
3.3280232058
3.821551074
3.169305136
3.579607759
3.050245229
3.923235309
4.211595676
3.319829566
3.0929405635
3.2289470663
3.936012395
3.225826769
3.42451428
3.473330306
3.324534656
3.522128955
3.484387349
3.482876337
3.305330308
3.3599183134
3.341242546
3.922340096
3.250938086
3.115686769
4.01765179
3.8850749188
4.094209576
3.602451286
3.900199824
3.478658196
3.703630349
4.199759386
3.810015034
3.530108316
3.697969607
3.070430256
3.357671327
3.535817167
4.488318867
3.59131616
3.611557967
3.608963603
3.6788722159
3.875716736
3.23156797
2.681360764
3.6736654
3.220965916
3.481106898
3.0573365778
3.001816018
3.40190652
3.5292454037
3.63690583
3.97168815
3.7972233623
2.550847926
3.277789099
3.023744526
3.918190673
3.768753745
2.999899823
3.012987765
3.320943366
4.1260800388
5.343439905
3.261281309
3.509356061
3.1691707063
3.588691653
3.976438735
3.819231327
3.581063752
3.89174846216
3.384498366
3.937776255
3.184028051
3.111654206
3.300307445
2.978464906
3.7934247889
3.0140934501
3.3906682221
3.5800899271
3.6112622421
2.9995643181
3.1639235611
3.4287916211
3.3146240971
2.7834865391
3.3625612446
3.4276191981
3.1432604202
3.2372910171
3.3176148776
3.4064525467
3.3144777131
3.6251954196
3.4561261911
2.9980167001
3.5239016031
3.7318554321
3.3987803191
3.4524971201
3.3312623821
3.0022758821
3.2852298101
3.380349726
2.5688139811
3.5211016311
2.9794785161
2.9868391581
3.3622943569
3.0379084591
3.3182927811
3.2157808531
3.2932332661
3.3246674641
3.4418901431
3.1497071131
3.0175962701
3.7093486298
2.9809111761
3.6367905841
3.5212719073
3.0613816421
2.7887424211
3.3229483551
3.7045992391
3.4478354021
3.4689937716
2.1928515871
3.1528015791
3.4253482121
3.2809610241
3.0513867161
3.76177210205
3.4117109451
3.4728959947
3.0808754729
3.8631161691
3.3233949431
3.0811412651
3.0830997628
3.1776324591
3.0936572726
3.36221714756
4.0854368431
2.866405071
3.2456766661
3.1890953521
3.8088150941
3.0899092361
2.9499582981
2.8930229681
3.4806854366
2.9445181721
2.7206442771
3.2083534261
3.8135838779
3.412540389
3.8729906581
2.97560588109999
3.4216743836
3.0600906761
3.2944635321
3.2848706991
3.3009086991
3.2924682161
3.4763201911
3.7422374631
2.7822982618
3.0836884841
3.6224870501
2.9407884441
2.8619254921
2.4246717471
3.6276731191
3.3310525239
3.1792746661
3.3197077231
3.639550629
3.030130608
3.299586374
3.919041508
3.7971201199
4.015538968
3.488193794
3.626537993
3.658239049
3.808129933
3.7504286475
3.815239244
3.8958156324
4.444774602
3.9588344941
3.879126608
3.527673732
3.272427759
3.307702484
3.288449565
3.7104366129
2.962635687
3.235483988
2.9303645049
3.132880932
3.90306004
3.030830526
3.499923275
3.183069483
3.671396298
3.463519564
3.443356544
3.327206528
3.863356692
3.849388143
3.425832848
3.257946394
4.104114788
4.03957849
3.735671802
3.677140833
3.6255165
3.219879099
3.471041958
3.399265948
3.430387891
3.020375019
2.714919789
3.923240066
3.367953757
3.011689644
3.229508134
3.5629181434
3.344593898
3.472918421
3.095166963
3.4083715832
3.317276403
3.6285521311
3.173355843
3.586517787
4.376887538
3.047333251
3.707203941
3.346082868
3.250673458
3.07262804575
3.428607859
3.856520417
3.907099567
2.891326698
3.6049442015
3.7898824047
3.405158008
3.896058736
3.211377278
3.176366884
3.492136479
3.098528878
2.841090498
3.154138019
3.809358608
3.3059420864
4.045386054
3.439253053
3.204721894
2.999440654
3.574168563
3.267212527
4.032046854
4.2701884938
3.453343404
3.245837968
4.239088638
3.593975172
2.567525884
3.380435604
3.514924333
3.2579317602
3.108456501
3.347538819
3.58626666
3.7376685265
3.738037305
3.38587422
3.4021503575
3.753485679
2.662678959
3.842922017
3.489138682
3.404690009
2.67871196
3.790083671
3.11818360258
3.50912431
3.851373677
3.093124282
2.608923901
3.7879316276
3.492625582
2.976275937
3.2077481905
3.729745528
2.976452959
2.591470118
3.95774711
2.90741279
3.558592794
3.251908707
3.525247148
3.170203629
3.484439966
3.43782888
3.66543198
3.30647669
4.08117757
3.092337974
3.46097346633
3.802110847
3.05011026
3.365807052
3.18665572077
3.39396896
3.463257157
3.32067647
2.824135282
3.265472907
3.132691812
3.3964206
3.50159154
3.583102738
3.27655909
4.095175185
3.32480034
3.207454982
2.8869412
3.4326950015
3.51234215
2.980932852
3.616603851
2.62715324
2.84927539
3.449716047
3.363235833
3.2365097
3.470685125
3.552879434
3.069619476
3.687202777
2.99648821
3.424499215
3.062205129
3.9820061666
2.667215514
3.516019321
3.05710114
3.05818284
3.57447071
3.742347779
3.11452595900001
3.931554948
3.72329804
3.393316354
3.906956931
3.12252684
3.296070725
2.951450837
2.997275147
3.493156153
3.669759675
3.400602954
3.355761129
3.611651316
4.02685692
3.3432371
3.698293192
3.7756947077
2.773566802
3.28986003
3.130213435
3.394691435
2.938868489
3.302161637
3.338937285
3.335144554
3.129843836
3.451823111
4.2499984323
3.016491216
3.520679787
3.167387696
3.599846219
3.663025499
3.082460113
3.103482533
3.108454199
3.803126456
3.152437182
3.561762961
3.5069642655
3.750416856
3.048857603
3.910253206
3.272738906
3.1439959825
4.077569261
3.487153359
3.357632678
3.338623439
3.583824326
3.998441378
3.175479144
3.709008122
3.012060994
3.27435693
2.94405957121
2.896471168
3.6210732355
4.154485803
3.850147098
3.503901288
3.4571907142
4.158090939
3.209321522
3.054025453
3.708661586
2.913694083
3.415855227
3.562287379
4.070196556
3.49193657
3.084945652
3.501949359
3.763125063
2.859516569
3.2726265179
3.54235330491
3.880453862
4.494305758
3.131298308
3.528678886
3.462918421
3.2462014563
3.423591748
3.350160658
2.995792442
3.486423698
3.709365374
3.179980164
2.6817819893
3.867657889
3.16050153
3.110011386
3.043419644
3.52910065398
2.990931365
2.9675462719
2.7867488859
3.4132635887
3.77341269
3.816225043
3.449433339
4.00474214
3.554065308
3.8489331808
2.975276902
3.426135967
3.662430368
2.939990609
2.86929248
2.43250652872
3.11551277
3.358240702
3.689175484
2.87938077
3.085534899
2.612149045
2.849008565
3.775051793
2.678787216
3.404532341
3.767659168
3.3433588199
3.810739809
3.201150952
3.095763344
3.392877853
3.0511558226
3.361993712
3.234032586
3.5560790822
3.833807221
2.8306951356
3.7017075784
2.566682741
3.881189989
3.2500862804
3.756936422
2.5108471065
3.169322532
3.393867131
2.644864126
3.322837376
2.947649597
3.877975691
3.33806309
4.060276341
2.4952672355
2.942022473
2.844956451
3.4763340959
3.380215011
3.346080174
3.579450983
2.514874982
4.109614107
3.884864373
4.046388148
3.055022077
3.090718244
2.881632276
3.576988967
3.3539262696
3.830197167
3.080500159
3.726241837
3.538114862
3.816808594
3.537959847
2.589827284
3.405390812
3.475600624
2.968692152
3.4689241613
3.535312012
3.297554105
3.395655989
2.9477370657
3.074189979
3.083483711
3.206214375
3.688573639
3.500569557
3.460922562
3.087651818
3.394697572
3.251967195
3.118680671
3.377859752
3.447162396
3.80527554
3.295271457
3.0759316512
3.233144481
2.8494136496
4.130102802
2.450819042
3.099989903
3.534181201
3.461508187
3.399537769
3.250005635
3.725577396
3.235391352
2.629947188
3.81430013
2.584280958
3.329343949
3.312419384
3.1002769959
3.795049317
2.780915312
3.632803292
3.2646234097
3.389059488
3.408663765
4.085690496
3.394283196
4.210899757
2.752360014455
2.871206255
3.15400998
3.316161111
3.497277268
3.252144653
3.2644827597
2.985039191
2.93214611
2.686425048
3.723350205
3.22245464
3.309899927
3.6037066269
3.164150045
3.063358636
4.19551287
3.303619421
3.584641028
3.450482459
2.690618525
3.666913305
3.503549974
2.32790002441
3.14451789
3.542431633
3.346927756
3.206657043
2.79059042
3.3428565705
3.062210187
3.501611267
3.622299905
3.033899819
3.46218021
3.310093219
2.79630444
2.766802443
3.127704546
3.283389442
3.804440783
3.429370705
2.77409216924
2.7317053085
3.189009029
3.23006728
2.899366637
3.53181334
3.304214972
3.613643184
3.547588807
3.035255586
3.726992756
3.34110394
3.1332280321
2.91321014
3.333528346
3.1993137
3.133008224
3.36669508
2.5171985695
3.44235164
3.0885305189
3.246495502
3.44358936
3.392920791
3.130767134
3.308699426
3.282064271
3.533191791
4.378322641
3.1431800437
3.335733712
3.686569009
3.867074119
3.435356371
3.809913448
3.1243685935
3.209534171
3.034968421
3.5649783193
2.698271569
3.317638576
3.836629759
3.309986573
3.27915469
2.9823803972
3.664218141
3.73319389
3.259612449
3.4234751305
3.54238411
3.484138576
3.136006174
3.636085197
3.783898247
2.717077842
3.081456414
3.3699335342
3.31968973
2.94329311
3.649864301
4.011161274
3.3715031566
3.822654492
3.44141567
4.1595682
3.619588487
3.753649926
3.69216684
3.901776233
3.26609113
2.969283658
3.4439292245
4.366137165
3.675492631
4.329551639
3.968817646
3.5652824651
4.175546125
3.08885766
4.0376291258
3.5755449532
3.936991592
3.530416787
3.807060782
4.3829024
3.281115889
3.34040697
3.608838063
3.541310225
3.597821436
4.0031793376
3.678466979
3.908358323
3.792600339
3.0590536177
3.795259571
3.522924774
3.3981035
3.63047055
3.6846702
3.416198397
4.079801323
3.430045671
3.875925884
3.839837494
3.82102387
3.775088409
3.58712237
3.901083135
4.018167711
3.58171176
3.93167255154
3.828421453
4.264703673
3.985974022
3.703337804
3.42589767
3.188561519
3.22836311
4.34609977
4.376141085
4.265534658
4.20491007
4.72113005
4.072087915
3.72788266
3.909516746
3.607028315
3.31493198
3.649739349
3.777709058
3.644985457
3.3812728911
4.103045199
4.44466662
4.247352309
3.886521233
3.770006027
3.57968407
3.734046367
3.935492772
4.278822186
4.285591573
3.83132367
3.577978643
3.539636476
3.481391161
3.305817953
3.868917911
3.346890689
3.909675571
3.610560397
3.40329308
3.605623133
4.08770163
4.111788397
3.696781742
3.5949659325
3.84423756
4.03045565
3.905250543
3.83103372
3.993343327
3.735011784
3.75545872
4.26131831
3.51716076
3.761655146
4.330135629
3.694881003
4.3758391
3.503818144
4.166282595
3.699922894
3.38431935
4.069389533
3.32118508
3.452315185
3.980068147
3.44447851
3.91484039
4.13445252
3.944761947
3.5476888002
3.823765859
2.89784745
3.273065329
3.242795922
3.83627299
3.824850188
3.6271162221
3.721697464
4.07695669
3.327998116
4.017336241
4.38651728
3.918595503
4.038500068
3.705514006
3.687676332
4.1499333829
3.884610932
3.80759279
3.897266892
4.12445073
3.628835324
4.5546098776
3.73268092
3.480133553
3.439452243
3.156741906
4.059153941
3.48795547
3.655353906
3.89235326
4.122546
3.699671818
4.15801736
3.35781173
3.712188738
4.19329984
3.96079075
3.82600544
3.18452391
3.719845
3.82494939
3.751212784
3.477829241
3.228448226
4.17069683
3.962196599
3.96644455
3.807704824
3.835917839
4.17091834
4.301128457
3.269954794
3.364260102
4.17881765
3.82620073
3.397829249
4.093780029
3.690826074
3.757481442
4.057276891
3.417835473
3.620372106
3.97918218
3.513803081
4.44673425
3.797129197
3.9987233
3.29949338
3.761270741
3.98535667
3.89378457
3.866477112
3.726426564
3.615343341
3.55565695
3.64525686
3.17332832
3.176230662
3.734468286
3.284962529
2.831431821
3.58817695
3.399911074
3.359699444
3.12910146
3.758651996
2.7544066166
3.615556415
3.252423148
3.292325905
3.17088155900001
3.75787117
3.617592849
3.52374273
3.693043545
2.65175881
2.827102497
2.931150634
3.025793666
2.940582267
2.684643766
3.341887152
2.810919843
3.553378235
3.404507629
3.52761873
3.693855776
3.01047493
3.274074538
2.3706250008
3.430888468
3.182645768
3.396010993
2.297641203
2.855855821
3.292107142
3.023245876
3.1810722818
3.353286919
3.12776498
3.115964492
3.57881768
3.247039911
3.879607628
3.24180925
2.486737477
3.232198728
3.257136384
2.74698875
3.72544864
3.273999457
3.841656472
2.92220111
3.456551585
3.695094246
3.792268372
3.0297140608
3.157116564
2.940919572
3.88904713
3.308452611
2.779432468
3.221991998
3.04057828
3.25764242
2.968245153
3.432239752
3.206231049
3.491546524
3.32336113
3.766242139
3.625489004
3.195825132
3.5665850924
3.207958444
2.488257195
3.480470057
3.771229277
3.859781877
3.988074492
3.084761174
3.792193133
3.324875479
3.551082821
3.166855848
4.0636978396
3.81530193
3.57707891
3.685229134
3.4162794971
3.081852132
2.920108177
3.198810784
3.891558738
2.4818615995
3.1047911743
2.5576329403
3.6852112403
3.3869909963
3.8025181979
3.9660113513
3.4321324393
3.3508219307
3.7123611923
3.6189961703
3.3895886993
3.4460605493
3.4515224743
3.3922287053
3.1677242383
3.5386789064
3.9551210709
3.4769510123
3.3013417233
3.2458450703
3.1291099033
3.3851129263
3.5188599753
2.9839699923
3.3712985403
2.4300896703
3.5510739653
3.1405265323
3.8719635503
2.9511178703
3.5370475063
2.9038467203
2.9928746253
3.3213996966
3.1642946433
3.0106363384
3.6503996893
2.7776218843
3.2356148703
2.6536040303
3.3154126703
2.7192534103
3.5635263573
2.8961473123
3.0603233903
3.7333512503
2.3695570413
3.4649967903
3.6337266303
3.5688046223
3.4932553203
2.7679444143
3.7458073513
2.8723199269
2.7166733433
2.7158071803
3.3518852603
3.1884434223
2.9843535603
3.6589429143
3.2994588311
3.0558570116
2.7740728713
3.0110178973
2.9778770493
2.8701907793
4.0328486673
3.3319835183
3.6745130903
2.4511807943
3.6425320904
2.8656733903
3.0212903793
3.3862335829
3.3964706243
2.9646372203
3.1452241283
3.2817388773
2.5799131003
3.5799887463
3.3079788993
3.4067079823
3.5006464283
3.2092738403
3.0961377231
2.4604043533
3.2003803453
3.0332322216
2.8622979007
2.9497440853
3.8800583213
3.2334401243
3.2864795293
3.6045747833
3.8463530538
3.3811326273
3.3371148323
2.9593549553
3.2138630697
4.3477908228
4.4449990002
5.2015817855
4.0690647672
3.6199284972
3.5864466872
4.2052773552
4.1261893882
3.6593265772
4.9058826208
3.7212693532
3.9896081398
4.1069523942
3.5826942017
3.8753292168
3.5778910422
4.2051336272
3.4402591472
4.3330416962
4.0612035532
4.0164686492
3.3653695182
4.6446148428
4.034074939161
4.5453249472
4.2289019058
3.1852892018
4.0659991372
4.2631584628
3.2807582528
4.0763451092
3.7566573128
4.1820486848
3.7405722128
4.1651759472
4.1602730422
3.3154802922
3.6296368192
3.4424087922
3.4973417808
4.4391233562
3.7912210328
3.7616512272
3.7498242028
3.9216323278
4.5068516072
4.3437929832
3.7760845282
3.9453932272
4.0205225872
4.3710822894
3.6610540972
3.6221846632
3.7892249128
4.0339072312
3.6944998158
4.0762147772
2.9861647572
4.0988982928
4.0943465528
3.5019469128
3.8243731772
3.8871734872
3.230273368
3.8902285228
3.8976288372
4.4240793828
4.2843631528
3.5456077528
3.9602853552
4.1522105072
3.7435923282
4.1735822889
3.7162768178
4.4984922772
3.1875152942
3.6097300132
4.0880601478
3.9898806128
4.1755942398
3.6382972232
3.8276425712
4.2881367032
3.9067989752
4.4559356972
4.4211557518
4.0935654492
3.6637927672
3.7722965562
3.2437318925
4.1001943302
3.8342181772
3.9344258572
3.8014860372
4.4423883292
3.7698864072
3.9466934168
4.2137707502
3.61675828085
3.7385999828
4.390925534
3.34857031
3.9221590391
3.775541457
3.218897303
3.055601659
3.362773269
3.168155376
3.869559071
3.373539957
3.521741425
3.2847294441
3.970277507
3.357997132
3.951308823
3.333758901
3.721581499
3.32552136700001
4.019906021
3.93029729
4.343320264
2.944518786
3.950760211
3.5185314573
3.432476765
3.992654089
3.619221133
3.81346887
3.3318698165
3.985672008
3.6407696405
3.984995988
3.592033559
3.621928931
3.250351111
3.914486679
3.888782309
4.315033894
4.2005389905
4.057285149
3.706458091
3.9233700019
3.512650583
4.016879061
3.158174549
3.274790832
3.227203439
3.497821259
4.125292455
2.9471221569
4.396696951
4.158073944
3.216371199
3.449117769
3.667725189
4.317779277
3.90466209
3.762187386
5.158573975
3.301954212
2.9928990273
3.606468336
3.868644322
3.9010133127
4.2853899
3.558067289
3.519442691
3.887406728
3.940324203
3.438028677
3.753494329
3.995896751
3.435714597
3.34649097
3.415917954
3.8246110955
4.299901212
3.824187621
3.447136168
3.377395731
4.126502829
4.076382089
3.16318809
3.724021379
4.3803555487
3.729382209
3.304485012
3.595288676
3.8508440976
3.554913512
3.926117441
4.147195451
3.820917209
3.260034366
3.37043961219999
3.581393219
3.617266097
3.2761724171
4.046026247
3.318664114
3.2620685593
3.030710615
2.945981912
2.897566141
3.410889625
3.522196246
2.934436938
3.467515185
3.995698325
3.476790372
2.874842995
3.699306885
3.009834188
3.455604089
3.301198384
3.18585154
2.955372084
2.940485191
3.611891334
3.150747985
3.026034655
4.037291581
3.719992905
3.572693716
3.252420009
3.355374845
3.583180121
3.275581441
3.65776626
3.35099176
2.953109185
3.3868414106
3.324561232
3.314011905
3.822333889
3.571154731
3.677547507
4.1033278849
3.129127651
3.25088423
4.101501107239
3.1655652418
3.391660005
2.792689625
2.9967035967
3.37694475
3.068554675
3.708413166
3.16194545
2.988037355
3.512905153
3.612254385
3.486268002
3.436324235
3.834063602
3.224603381
3.4180411924
3.390823872
3.2053423
3.2573449319
3.397079399
3.216625811
2.506281431
3.276151991
4.037650015
3.221355516
3.380182513
2.43722253
2.772626012
3.647897606
3.577031165
3.380978595
2.949448178
3.278687585
4.099471474
2.7260414205
2.45346081
3.391336055
3.643639835
3.232393685
3.3982725116
3.487443611
3.38308741
3.303987762
3.972087374
3.641870307
3.566731774
3.078474124
3.61274658
3.314296165
3.125824965
3.626712968
3.363454076
4.155135674
3.213150545
3.071280032
2.66193353
4.07565957
3.255600794
3.14082205081
3.97353266617
3.365540827
4.3845750843
3.3955829261
3.0125281246
3.5036079597
3.710179109
3.220621985
2.870563752
3.540138547
3.396397763
3.767827798
3.767318383
3.1027516385
3.526371352
3.556626966
3.27909689
3.2684052031
3.419400695
3.9980103485
3.516012411
3.018297014
3.3908910147
3.829819461
3.998198429
4.083696274
3.725198503
2.995669882
3.602856507
2.639166692
3.1443882175
3.58695868
3.5622725036
3.369094304
3.927323598
3.128778977
3.190557278
2.946088923
3.276240163
3.4846932405
3.237173795
3.614065716
3.389176329
2.943104565
2.743276678
2.66789519
3.723622109
3.951211692
3.515002915
3.266268553
3.5526382979
3.035866081
3.268582084
3.266130454
3.540179774
3.600354708
3.207644792
3.296471588
3.656193951
3.5383983693
3.7939113895
3.078004548
3.367361148
2.954031412
3.619300053
3.398594199
3.49164817800001
2.9379280683
3.12898617
3.342027409
3.269822829
2.9881430866
3.316390708
3.3713663
3.416509567
2.9977534906
3.23218707
3.555470201
4.236102328
3.185464052
3.602632557
3.547239872
2.742913459
3.445908458
3.181790083
4.0195301241
3.172086052
3.355167194
3.603466067
3.57475591
3.312267249
2.495786312
2.986727626
3.780461538
3.534593438
3.440061409
3.453498288
2.929601921
2.855914158
3.234580433
3.582921198
3.292587158
3.3200340975
3.505631898
4.370888108
3.750247936
3.171815325
3.237029158
3.717614798
3.1638207448
3.456994906
3.982715776
3.159518702
3.412513616
3.672034028
3.573429398
2.855487848
3.313712626
3.137823152
3.437518336
2.854259056
3.317804718
3.445931498
2.948230568
3.787060517
3.669302366
3.01190636712
3.184000399
3.958143932
3.115218212
3.104190396
3.769412526
3.405133114
3.391059916
3.138325138
4.108735136
3.409005358
3.406031324
3.605503344
4.149684754
3.525806936
3.847289187
3.166647555
3.824830133
2.8493569699
3.390660244
3.164042436
3.904862922
3.043937181
3.17762036967
3.591133836
4.055763917
3.576120838
3.427808535
3.48474706
2.531149872
4.264695263
4.216843616
3.537028229
4.158910681
3.578612333
3.255746481
3.285524128
3.021944828
3.935055062
3.2569552444
3.925869952
3.196865644
2.985309894
3.546250606
3.179160076
3.456765106
3.275608489
3.066647128
3.529343686
3.9927727321
3.62698635
3.398097467
3.617449976
3.275653738
3.677325142
3.3131234
3.532670406
3.742297318
3.078468876
3.191706828
3.648437038
4.146881537
3.607104892
3.427758926
3.21205161
2.637749966
2.972908126
3.692852719
3.243055648
2.786066206
4.314171946
3.209865864
3.345348804
3.609592504
3.895977241
3.066971455
3.188989715
4.448374065
3.0648274752
3.974988089
4.200544988
4.060060352
3.32602736
3.49570394577
3.973908105
4.019111642
3.564590419
3.982035382
4.1603132515
4.376322815
3.790917622
3.2756021608
3.366574154
4.086901326
4.5016125225
3.5906394245
3.759115227464
3.345800351
3.7367808783
3.611705053
3.105886131
3.920316105
3.159845081
3.31971684
3.12036672
3.598597965
3.691450863
3.503798403
3.822838094
3.070401284
3.569207814
3.6541706319
2.589387467
3.539676157
3.268365587
2.748433009
3.376629305
3.228008737
3.915216184
3.124435547
3.130450669
3.849561482
5.068181495
3.449255588
3.627516794
3.183320406
3.817230046
2.767374311
3.604665967
3.639203645
3.745712132
3.251509451
4.03471701
3.696163857
2.832669808
3.314657353
3.7670690735
3.426691981
3.579058093
2.937229805
3.666497939
3.131478604
4.0261270297
3.650603008
3.604528587
3.364573178
3.101832256
3.905427445
3.288541286
3.567091296
3.240827885
4.190156495
4.079180819
3.815231955
3.94082707
3.234144869
3.363193458
3.815576732
3.557353592
3.369171685
4.013038456
3.821439872
4.224199857
3.536832755
3.164396539
4.160280442
3.822026534
3.261377183
3.814605509
3.961713731
3.127459903
4.011027135
3.2867597
3.70463699
3.410419884
2.694670607
2.9881937
3.3066902119
3.521555865
4.18125182
3.198863701
3.541462445
2.941719122
3.2115801055
3.45534118187
3.44867116
3.3755826518
3.53190991
3.083145105
3.0456894435
3.33435063
3.31913015
3.43952737
2.92966774
3.452199659
3.279275955
3.708675186
3.14304286
3.38286752
3.586334618
2.783288783
2.925714813
3.12220606
3.74303969
3.215824395
3.08753812
3.08397056
3.16646341
2.78412321
3.65243014
2.87313219
2.98320375
3.66360808
3.224152442
3.16129603
3.3257973
3.40322392
3.112771631
2.87178576
2.878302078
3.25148606
3.060620758
3.1681913252
3.5425681581
2.994165597
3.381285884
3.62340881
2.926023366
2.83931099
4.06674238
3.456104278
3.4023469418
2.81657232
3.577460069
3.78610627
3.1753609424
3.28343952
3.040749693
3.351477988
3.0208342297906
3.38407844
3.095115368
2.98362069
4.04843354
3.17637263
2.886931542
2.844669729
3.180526711
3.38720103
2.561787166
2.861116054
3.178481966
3.309087022
3.949719305
2.96978234
2.75745596
3.210419534
2.85433359
3.646747322
3.45248596
3.252681208
2.941022383
3.13595904
4.008958255
3.589827
3.70224372
3.591281464
3.3732537652
2.606317159
2.783033428
2.972144023
2.632912395
3.76475975
3.079816469
3.814904347
3.322507707
4.3313896454
3.760530397
3.294066679
3.65488716
3.818851562
4.198116728
3.616549747
3.536118291
3.580070554
2.953953208
4.02113968
2.868353071
3.5722571834
3.7937176239
3.764270436
3.167253467
3.879751409
4.36544894603
3.43216897
4.25738227611
3.013578813
3.44687116
4.024145179
3.751420786
3.750114474
3.82461773453
3.571067276
3.228486505
4.428073721
3.34577446
3.8512742461
3.629849112
4.12520788
3.789305129
3.034534002
3.171059679
2.909627579
3.67589481
3.720471956
3.8177447794
3.527904241
3.933306823
3.852148104
3.45852534
3.725757214
3.197717528
3.1559154201
3.395841854
3.3876429066
3.54709618
3.2115370191
3.662276456
3.887640181
3.571382933
3.2601666199
3.577019326
3.6211472185
3.820442222
3.559437401
3.9342106907
3.407741084
4.0207757553
3.609267633
3.475900907
4.30796461
3.821014745
3.75740354
4.321875004
3.329452347
3.76759038
4.117072434
3.64089417
3.697688416
5.2000371216
4.047640299
3.743492807
3.36447806
4.227990219
3.6078736957
3.87261999
3.800059715
3.2081679401
4.012434711
3.27968446
3.548677223
3.7362440943
4.11261962
3.255461163
3.82046014
3.419786192
4.0676746001
3.2719331065
3.9566407732
3.770702911
3.1589027104
3.217999528
3.17041081
3.8135040117
3.387481712
3.997946316
3.317280454
3.5957296579
4.03767548
3.75493419743
3.827673954
4.190933068
3.729805246
2.825139877
3.306577234
4.023062475
4.061075515
3.444644108
3.339135223
3.230111664
3.066544619
3.213666752
4.127309206
3.8659409933
2.987884902
3.311861858
3.916306387
3.494101739
3.1371353774
3.70492664288
3.699629431
3.436930927
3.3626125023
3.7203391151
3.9818444582
3.060156194
3.6778372823
3.865164309
3.103362445
4.364132908
3.745952883
3.8130059002
2.999159716
4.503197324
3.909391651
3.670049321
3.779215123
4.316239042
4.122533476
3.524769659
3.363575435
4.263406177
3.58441302
3.388422015
3.411371282
3.458747288
2.67877679
3.534399126
3.415001327
3.7011319645
3.8851777392
3.888462546
3.301214025
3.701887829
4.036078812
2.770593641
3.504358626
3.55840931
3.582062588
3.619642817
3.797613946
3.610590212
4.034851592
2.729014207
3.853221553
3.599496911
3.328657892
3.114434855
3.804409498
4.230953585
4.1671357472
4.3772723354
4.18090976173
3.485295848
3.888531796329
4.379051113
3.750177282
3.395509208
3.668388114
3.683466038
3.708455124
3.573262006
3.8903078
3.650099084
4.073895221
3.753045926
3.252809746
3.678692251
3.225053028
4.294131999
3.644124768
3.3838476506
3.515984428
3.724717432
3.8061888564
3.3105514337
3.7189710083
4.37810171054
3.3346955938
4.0263866673
3.0207990117
3.1341583042
4.1609875703
3.4816715422
4.0411105233
3.8849407473
3.4345298423
3.2357483397
3.7012190527
3.5386733513
3.62702863773
3.9182599747
3.1400948413
3.6236424253
4.4880214257
4.4297563152
3.6788055743
3.8059772497
3.6566223243
3.4644366657
4.2881340753
3.8364276497
3.6902172043
3.5516499363
4.1168976853
4.1434783578
3.054449695918
3.9972109177
4.1062417233
4.0309103053
3.236516096
3.7816568613
3.4688385293
3.2240719043
3.9858093313
4.25461042943
3.6523332807
2.8603468213
4.2637875672
2.8582524403
3.7054038247
4.0226647723
3.3634124717
4.1298002643
3.9129974769
3.7812280467
4.3703230033
3.1880554903
3.5434396447
3.1252258953
3.5311641603
3.3514440463
3.2339312197
3.8496840097
4.55289493261
3.8931425182
3.8338275453
4.4234259958
3.2218775697
3.8071605793
3.9968463583
3.6647329973
4.2252131157
3.0202711823
4.3325081443
4.1580961863
3.4927851823
3.9637336435
3.1176896233
3.2953648287
3.6251910273
3.5584831167
4.1911517773
3.5987026583
3.2055646933
3.1692798313
3.1012681773
4.19969372770001
3.3533584666
3.6261839767
4.3795420193
4.1659666833
3.1743378933
4.1049603995
3.5227063613
4.4675681945
3.9310831621
3.6326067623
4.2199374522
3.5504140377
3.9859717227
3.0258637803
4.1148744247
3.5870174657
3.931904795
4.309417785
3.5182852804
3.866627961
4.348923502
3.468208465
3.705577493
4.184629125
3.381372496
4.450777824
3.717424103
3.8346454731
3.514281901
4.137752624
3.270247745
3.995241962
4.464499615
3.948562488
3.648255574
3.46877208
4.297046485
4.123334404
3.71172032400001
4.353720548
3.967079364
3.7753516701
3.571297575
3.24197681
3.660591627
4.200800555
3.859415333
3.9136749989
3.9967699852
3.587413416
4.347182095
4.1031945139
3.937017409
3.456352415
3.665386377
3.679466445
3.473916935
3.137221375
3.993163675
3.053508017
3.328301789
3.918642423
4.156093367
3.517950885
3.209756264
4.333718747
3.768182447
3.638601083
4.3232925696
4.028765192
3.86257833
5.030191385
4.156167595
3.721603356
4.068793158
4.06191272
3.678886068
3.566996542
3.900889165
3.564731499
4.684676579
4.3985425925
4.19482827
4.427211093
4.439091862
3.660094536
3.692652804
3.975863753
4.009467778
2.845194675
4.223700887
3.879497176
3.500570995
4.016308752
4.5307764611
3.932246457
3.467638453
4.493867418
3.09937141
3.674825122
3.646598352
3.876730526
3.686217525
4.21752372
3.256627425
3.808395857
3.267301013
3.7893923717
4.030044523
3.049244495
3.753917458
4.47851748
3.117083007
3.588158674
3.711449161
3.73008606
3.491468593
3.360939013
3.449623268
2.7343708476
3.314425785
4.1329598335
3.968755975
2.9146683759
3.6542869775
3.553882211
3.5677831109
3.806539573
2.927655285
3.852909732
2.9913235621
2.8848518649
3.53184110821
3.974072482
3.276869216
4.252486673
3.217991395
3.700569497
3.507673446
3.1551371157
3.170458444
3.386833781
4.131591831
4.026458935
4.232470039
4.0061112956
3.407651036
3.117663975
3.3572637052
3.602699026
3.1097492069
3.180945288
2.7403254688
2.689621541
3.314717405
3.315162645
3.360437917
3.165434038
3.151250709
3.396114108
3.599749657
3.448091113
4.228070603
2.773752973
3.796399161
4.161731603
3.25055439
3.840551975
3.358071608
3.4693615434
3.238512569
3.237068225
3.442745208
3.2624102012
4.349306435
3.415594917
3.8495058019
4.373153928
3.411888173
3.624907735
3.841508212
3.55122136
3.482044533
3.438509428
3.588654743
3.494704935
2.901806847
3.486948841
3.1665364657
3.429006242
3.307325995
3.435314065
3.6419856526
3.7262680156
3.837744469
3.167351356
3.291545732
3.743864004
3.3710141463
3.8716364962
2.8020990274
3.3762013118
3.044453647
3.317627734
3.030863382
3.173395509
3.08543472
3.112246688
3.4366284921
3.631682656
3.378721093
3.8645455196
2.550598182
3.090243661
2.924592912
2.976782683
3.364535417
3.188169231
3.3484467176
2.774236276
2.88571832
3.8740871565
3.55346923
3.251625216
3.301365608
3.483410365
2.919302614
3.923698641
2.738215608
3.499398193
3.5135401475
3.791319093
3.40526435
3.379574427
2.893536475
3.156919291
3.623935449
4.213070715
3.473975886
2.641391295
3.142061485
3.287608905
3.513585404
3.969171777
3.531821706
2.987306445
3.53573844
3.263663008
3.998358705
3.049924911
2.937690516
2.876215526
3.300931735
2.961598066
3.065705094
4.337104028
3.108715353
2.924801045
3.7106151341
3.348599361
3.01314098
3.664261239
3.450775054
3.042426089
3.570706409
3.2628582723
3.297459299
3.666391755
2.8260714926
3.383114592
3.1645760449
2.875648145
2.9409820484
3.3301444
2.372331091
3.568586439
3.0238370677
3.086796687
3.474656271
3.549602707
3.553044503
3.2591486794
3.257214494
3.811396477
3.879274513
3.128084726
3.514456336
2.929174967
2.965429409
3.340445013
3.124793135
3.0250692204
3.630486526
2.839702793
3.771231942
4.120834405
3.184743961
3.2147517242
2.5844542817
3.549662104
3.80532562
3.623748067
3.199198858
3.742972997
3.693720688
3.602964293
3.411404734
3.097811943
3.382175914
3.453590255
3.04666831349
3.060845319
2.627232413
3.812615451
3.035308349
2.922073694
4.18552269
2.866742257
3.64744806
3.6690684
2.96925561
3.565768964
3.56062822
3.36046073
3.95102636
3.792811255
3.684190619
3.271463692
3.716764629
3.516122031
3.030968736
3.947874867
3.88360336
3.6030583021
4.1042010733
2.8134443895
3.812372273
4.26053638
3.952563098
3.583627191
3.471103995
3.795973919
4.33308868
3.50597302
3.70572394
2.794398777
4.134378786
3.04521005
4.430545194
3.762710872
3.16262715
3.65443342
4.0057918204
4.76603277
4.07344639
4.546434187
3.145838745
3.577380756
3.513201384
3.82833319
4.13229009050001
3.626084299
3.53840676
3.489941563
3.478416848
3.833231694
3.4163726231
3.46687256
3.1252786983
3.883366037
3.336546921
3.523005109
3.293682056
3.842909343
3.298215863
4.239141144
3.312749552
3.309779826
3.430773219
2.864626005
3.50913073
3.490317569
3.164132275
3.98219486
3.8227320626
3.048042841
3.008895939
4.264650575
4.082593865
3.882675233
4.179155458
2.970416336
3.50862675
3.80871101
3.678488248
3.383592679
3.6240434559
3.248943497
3.1215135167
3.813290801
3.2072679485
3.456040427
3.843416076
4.034386448
3.532635899
4.16774025
3.922989563
3.47942215
3.6152588
2.489405027
3.336377659
3.347631342
3.93422899852
3.780741483
3.842389294
3.782272871
2.7408298605
2.8971828465
4.4366491085
3.1850297875
2.9185661285
3.804777184
3.7131654145
3.629533707
3.1344373925
2.9758966115
3.6088468005
2.7592622645
3.3466467575
3.3765643365
3.5445160796
3.4468880355
2.7970714715
2.9457897077
3.328034868
3.6667289645
3.9017043445
3.1276158175
3.1409353685
3.4201521375
3.8792753485
3.7023411498
2.8955905165
3.5239181355
4.1220593375
3.3580011275
3.8085205635
2.9755311935
3.4374858175
2.7532641475
3.1499914835
3.2355348455
3.0520493358
3.0243248985
3.6354541845
4.3075635025
3.1340334318
3.5328086775
3.9647102465
3.4671559035
3.7753160685
3.3256195941
3.1355227565
2.7569934695
3.9539325375
3.1794997165
3.9558861335
3.6774924685
3.2698269335
3.2270013325
3.8051713555
3.0782363155
3.3909134465
3.1348665135
3.7871646345
3.442051693
3.5477827885
2.8806147205
3.1722061295
3.2790946075
3.2168784385
3.0285119405
3.3185781905
2.7760940575
3.8552021367
3.0576955025
2.7074646667
3.22551734341
2.9749690995
2.9046337075
2.5292662175
3.4024137189
2.5977706724
3.8993084935
4.2223929625
2.3339568845
3.7806532345
3.4654505335
3.2246477195
3.06580202864
3.8020327841
3.0830940845
3.6671325885
3.1946866105
3.545596143
2.7173725985
3.3732643805
3.2369174165
2.9357207265
2.9365398845
3.2386340555
3.0359226785
3.6413974555
3.6157306485
3.0359063315
3.3702244295
3.5934964173
4.08811418
3.96736035355
3.628936225
3.341833581
3.945802052
4.3043641666
4.046883035
3.6291065
4.5670284923
4.369923095
3.839141931
3.8022414324
3.409615905
3.288983025
3.520130335
3.43784811
3.5151741707
3.294304169
3.8208984257
3.142070229
3.720795758
3.8075899717
4.017341221
3.509553997
3.196681432
4.081054126
4.046142807
3.238100354
3.657944168
3.856759694
3.3461763381
4.00769832434
4.322478534
3.8646918259
4.415334793
3.794246761
3.529237252
3.924643694
3.613883001
3.263679842
3.141510073
3.724818889
3.460249268
4.047149549
3.5668660297
3.58115164
3.9518938756
3.9939731486
3.443581409
3.578636261
3.37863767753
3.922246985
3.63475249
3.668058697
3.59438012
4.008883943
3.597499362
2.58275836
3.691817437
4.590206085
3.782871082
3.816926588
3.9555810916
3.76570812
3.716959983
4.38459762
3.620643879
3.926690975
4.1092357392
3.799222235
3.681246447
3.982585478
3.529944227
4.754484583
3.640967285
3.5672122796
3.33191845499
3.605766998
3.7069963546
3.909935363
3.617200199
3.911342621
4.37480326
3.6359460838
3.5279366088
3.678657281
4.385722342
3.944448402
4.05108653
4.017440686
3.784856961
4.299816606
3.730830313
3.490709047
3.783329833
3.787813593
3.566880803
3.505476122
3.787216818
3.819950026
3.133381823
3.917913194
3.3005285189
3.476091735
3.978726049
3.36360098
2.952322023
2.856759185
3.5970341704
3.291069017
2.93606838
3.651013931
3.026581983
2.901080777
2.701646524
3.173479849
3.1603992181
3.590596842
4.13613583
3.026911476
3.347428033
4.018611801
2.775727853
4.004935464
3.692735953
3.568545373
3.683954918
3.739383446
4.216279125
4.298584538
3.144332782
3.370823714
3.415415283
3.5384153562
3.10448555757
3.439477079
2.6449258692
3.058621551
2.847597373
3.817495244
3.229691339
3.556778103
2.775728444
2.663895528
3.485286839
3.308550269
3.152203253
3.0763928804
3.5609763247
3.205828645
3.487242751
3.399690779
3.21433151
2.794087277
3.712538865
3.994092834
3.3248153477
3.554227803
4.138230327
3.3350817054
3.1816888064
3.669559082
3.084027461
3.280317436
3.879761273
3.704898523
3.232098269
3.543223459
2.534107658
3.6995221518
3.30506232
3.309233153
3.535958233
3.452649491
3.248932548
3.151467483
3.221061611
3.83680385
3.205524313
3.173857077
3.010421146
3.225024633
3.549934207
3.4834743121
3.475305213
3.360086594
3.595193117
3.553651314
2.732092692
3.304885343
3.2178948781
3.218587754
2.977475113
3.1319063171
3.626934733
2.642084823
3.354641678
3.498340326
2.922427422
3.108329322
3.64330175
3.8375499
3.06180511
3.80925031
3.400573016
2.90608747
2.934829399
3.78650146
3.34021003
2.54935648
3.267745174
3.227988695
2.74510213
4.05945648
2.749472185
3.01836237
3.488213095
2.589898613
3.595022383
3.328490978
3.177643958
3.322681174
4.13353347
3.23911675
2.942159189
3.2254388459
3.359198166
3.113026724
3.46802425
3.236220515
2.94972349
3.44546362
3.039097856
3.182332752
3.12631289
3.490583129
3.80444493
3.657895213
4.02866114
2.95575555
3.404864943
3.02354006
2.5675996831
3.165797774
3.683776664
2.75766078
3.35146458
2.916229167
3.35937051
3.372509733
3.1828861
2.773053113
3.364060657
3.362481855
3.32915261
2.942111167
3.03731316
3.597243334
3.087092008
3.266735098
3.08214607
3.409924547
2.36449838
3.359362756
3.234800287
2.693206201
3.32397333
3.02762245
2.860500112
3.26537098
3.027371849
3.39224501
3.208542722
2.256669143
3.58063083
4.46441672
3.75773532
3.13404096
3.14633065
2.536772513
3.39616451
3.04725011
3.36932064
3.017519067
3.635262812
2.859822493
3.713207
3.058357365
3.085662211
2.93916959
3.24716226
2.53737508
2.679353579
3.297419875
3.515072481
3.437144294
3.02220763
3.067369102
3.26049088
3.4680009635
3.526937692
3.22447619
3.478777794
4.070988746
4.067609091
4.234205038
3.708162413
4.210561111
3.705490201
3.164141896
3.166664052
3.776013415
4.417454231
4.161384512
4.064613711
4.08475115246
4.408962657
3.867314307
4.444473688
4.581300288
4.128124116
3.622813998
3.381921492
3.923803239
3.378122542
3.923018116
4.138778802
3.240228682
3.430276292
3.7577316031
3.808095625
3.561441202
4.282103316
3.667523008
3.255410129
3.304152411
3.544728085
3.698935654
3.405459643
3.421281646
3.320425016
4.133681306
4.005720566
3.892872085
3.578444152
3.932776012
3.417517837
4.110301806
3.566725476
3.283625465
3.40862091
3.810833584
4.099785792
3.416737576
4.774194292
3.643146516
4.116908183
3.861625102
3.4081559123
3.753324798
4.286508606
3.6541581796
3.826410226
4.091050604
4.26721699
4.156336876
3.900396551
3.911456699
4.183681875
4.222427378
3.354484581
3.413517552
3.373100199
3.998460802
3.085709069
3.423627465
3.470011386
3.575818252
3.476616473
3.519290145
3.63017817
4.356117033
3.331389241
3.52878541099999
3.816855766
3.305909753
4.699750042
3.808823506
4.271769756
3.9128719174
4.09542645
3.737289005
3.1805681858
3.1851088
3.152435819
3.282103883
3.842030167
3.999307742
3.588208682
3.668017855
2.8423071437
3.16477255
2.953751747
3.9629281309
2.781816107
3.368790985
3.1480544356
3.248754165
3.434107995
3.676197345
3.78129237855
3.469362289
3.2145192
3.122838629
3.01737331
4.33402685
3.051640557
3.1974286
3.284671979
2.846003759
4.37885936
3.00840858
3.069791328
4.037637652
3.644424275
3.25738841
3.273276185
3.526462883
3.587307925
4.005733344
3.119419071
3.083833072
2.99208961
3.821014295
3.28542031
3.48957525
3.467125876
3.7055016
2.793006525
3.151632555
3.613729109
3.26196664
3.0254671894
3.147104891
3.1662194115
3.596618837
3.024840655
3.86675003
3.064258012
3.289751455
3.0439942039
3.67069142
3.57495138
3.109794632
3.55961842
3.577172565
3.1498574395
3.454832974
3.821212475
3.307155347
3.405024766
3.37586953
3.287127329
4.249699364
3.470628214
2.995881711
3.74592841
3.305806385
3.03874709
3.061768579
3.0199556176
3.44940896
3.23988099
2.732718397
3.966120059
3.349326948
3.873931581
3.67118358
3.42748125509
2.959803405
2.82941564
2.931018878
3.276701476
3.577977949
3.736516491
3.434987203
2.66565729
3.813856596
3.806984485
3.833919626
3.03759799
3.24401355
3.4322401035
2.856679314
3.1373572778
3.340903945
3.070955169
3.645028196
3.527913149
3.362269644
3.285941298
3.02158423
3.417246268
3.675882741
3.08772793
3.8119628172
3.629828011
2.941558703
3.079363
3.424212724
3.052940283
3.104151091
3.08220922
3.18030412
2.86963917
3.313618233
3.69845251
3.70321442
3.98933888
2.94703596999999
3.49229657
3.92100317
3.17312156
3.74468955
3.79068859
3.21637423
3.5754101
3.30661534
3.18220545
3.780418078
3.40807234
3.500324261
3.548023453
3.538991461
3.48949675
3.62307705
3.54821182
3.8612847
3.108518999
3.9319119147
3.658182439
3.17339285
2.591774102
2.821880548
3.038117075
3.30027651
3.660402984
3.613383825
3.631161059
3.4284189738
3.076542573
3.57788191
3.500280665
3.19629444
3.419383921
3.34526682
3.8138555732
3.405928953
3.42495276
3.223220586
3.58030848
3.80302597
3.68036492
2.93148396
3.61583959
2.74858167
3.15838204
3.30944186
3.68074751
3.82363437
3.117627632
3.786629381
3.74090199
3.03854224
3.42085468
2.812236754
3.44062874
3.08536644
3.140735221
3.27113477
3.67773895
3.376702207
3.14924728
3.38373835
3.626058967
3.28671352
3.34674519
3.08533021
4.20688633
3.44458902
3.75589706
3.5650594867
3.458863476
3.45073726
3.199115228
3.295096915
3.395057486
3.74952919
3.233067296
3.820870551
3.368513988
2.86795636
3.62671818
3.22915712
3.709447065
3.25335772
3.46444647
3.54411024
2.43299939
3.59348757
3.014555552
3.831781548
3.65991323
3.3774263486
3.17419744
3.43743693
2.89393819
3.886201845
4.019089315
3.64919911
4.360456223
3.05822128
3.20087926
3.37504145
3.151160269
3.0529596
3.249956412
3.32336009
3.69660172
3.0835645
3.60147572
2.789961998
3.49030588
3.85166196
3.62599
3.16642281
3.845907449
2.78570967
3.5978742609
4.07028717
3.34212411
3.166147115
3.62716865
3.384239607
3.47068904
3.01236668354
3.68674243
3.6699608263
3.902390859
3.19483481
3.76285876
2.95924669
2.9646642
3.84829649
4.03662571
3.450195444
3.364219789
3.84175077
3.808897631
3.55478665
3.45015643
3.818806259
3.53396196
3.4593056186
3.385837424
3.14593895
3.901757355
2.80083954
3.481996544
3.85029444
4.04482599
3.574360952
4.1119354
2.865317572
3.339004542
3.386146835
3.363614761
3.517308651
3.79240602
3.81308936
3.805354575
2.85120099
3.49573187
3.355866085
3.214611683
2.897824785
3.247611421
3.396427751
3.212537122
2.9397847052
3.86082072
3.58358755
3.29539545
3.52621821
3.404476212
3.426166015
3.40738108
3.189314865
3.67061589
3.1176728415
3.863200437
3.118250407
3.061505415
2.850132248
3.302317166
3.0223596637
2.661314758
3.001746471
3.011448964
3.820322917
2.95336499
2.966319882
3.9516686698
3.2497680998
3.007868652
3.222530026
3.185537153
2.75524458
3.626982699
2.1543433031
3.244080728
3.231514057
3.22612901
3.31081651
3.053964532
2.992569472
2.850481352
3.475688448
3.095978895
3.301615349
2.882461986
3.026748236
3.144242815
2.973647472
2.684723829
3.54945613
3.3680469818
2.7651569244
3.1737444304
2.656815068
3.223126601
3.167008247
2.9287571375
3.243705502
3.09944369
2.916153387
3.610013054
2.698112369
2.661987852
3.406080742
3.3754984883
3.167566912
3.47970447
3.369995732
3.079550887
3.644050426
3.057516682
3.8771849892
2.814932309
3.2372247195
3.079377252
2.634549078
3.266423462
3.318152486
3.760153684
2.785570226
3.5393447636
3.58314943
3.398678002
3.569409739
2.898934407
3.1461689365
3.298889717
2.994109822
3.475934792
3.443774137
3.493286761
3.128415541
3.406457344
2.70632952
3.115336907
3.086481397
3.380208612
2.94811776
2.942803342
3.097500915
3.619219575
3.902422786
3.207180935
3.196124217
3.222947176
3.084170239
3.917017356
3.698632205
3.410418636
3.107541139
3.57191321
3.52579228
2.970613212
3.201330339
3.560950818
3.279754226
2.869386745
3.752797624
3.249906589
2.780986954
2.760409126
3.301475564
3.751056486
3.603624615
3.861682028
3.585162714
4.089258394
3.15928386
2.817037291
3.882720336
3.8896799491
3.372068464
2.946819625
3.950490969
3.84534719
3.67843903
3.556579467
4.172500146
2.910819098
2.889873625
3.5744039397
3.891980839
2.9084511005
3.432951188
3.60047132
3.619536513
2.771258259
3.723430794
2.929412748
2.932048993
3.713292099
3.666751602
3.530687563
3.30541417
3.764807633
3.85704078
3.278041013
3.296738052
3.725764397
3.106991532
3.23656834
3.153810774
3.68801349
3.536642824
3.277413342
3.165267358
3.08637132
3.78422766
4.14291305
4.141654363
3.02215073
4.218654073
4.465856037
3.2029686
3.820961159
3.236001801
4.323895615
3.0913492185
3.5324339551
2.916054359
3.812458619
3.7562733657
3.983071108
3.820262534
4.249605647
3.62789532
3.681276651
3.840038606
4.080091637
3.83247289
3.424760411
3.687024116
3.671807685
3.2515407
3.912008321
3.196504822
3.400243309
3.57835608138
3.287971919
3.548105277
3.301013961
3.230134807
3.305475913
4.440812428
3.572682329
3.569260164
3.366260634
3.629290479
3.838693758
3.416487608
4.0221144276
3.009115814
3.332138643
3.6926412
3.49035403
3.2640287
4.179111499
2.65882208
3.57226541
3.4210498
3.11158396
3.68731995
3.6478107
3.28444528
3.54510022
3.44343945
3.462182061
3.32543291
3.31635921
3.334000868
3.33833692
4.12923492
3.85255647
3.334772808
2.998831574
3.16319952
3.869035366
4.00075741
3.23800621
3.577000794
3.340031232
3.410570884
3.49816246
3.215742901
3.70096521
3.16436263
3.3749576
3.350509036
3.70044087
3.548188505
3.183916252
3.27680224
3.010093883
3.387126163
3.587919851
3.720314845
3.173534499
3.390509204
3.86404155
3.039170813
3.949901938
3.204175167
3.32067136
3.642549153
2.56714141
3.281563942
4.05948255
4.38544012
3.53506218
3.88352764
3.755036414
3.71551372
3.545342045
3.746313685
2.937793865
3.718530675
3.713947543
3.630103379
3.3763094185
3.480315526
3.48125942
3.276645055
3.322826201
3.20880831
3.8812118434
3.164657827
3.117115204
3.713005652
3.544074626
3.472789539
3.45378598
3.18718256
4.046716909
3.018822997
3.48773317
3.991172204
3.39974998
3.727642289
3.589679406
3.833917155
3.444049615
3.56482596
3.013684968
3.703382693
3.59635897
3.286281787
3.73813163
2.96882802
3.48381418
3.280137095
3.47657289
3.491981429
3.131822855
3.254715083
4.021040133
3.492385621
3.41865022
3.225932595
3.648325773
3.66589402519
3.1171383792
3.973438006
3.866512479
3.512917127
3.2743963804
3.381962821
3.506228207
3.2090860313
2.961181517
2.898408037
3.397938687
3.238412293
3.462390707
3.304275914
3.467787837
3.294582427
3.544482902
3.658065357
3.342606705
3.580187843
3.635770832
3.438259938
2.957861933
2.902468037
2.547138877
2.814201335
3.210060669
3.6007579
3.168521533
3.597143308
3.6157153753
3.355873713
3.190118501
3.554981187
2.7300305749
3.910937629
3.132538293
3.615900956
3.255206143
3.153138981
3.608702187
3.724846157
2.973229137
3.3010742535
3.969318695
3.927391287
3.627740066
3.602674067
2.936507941
3.6079694482
3.335688355
3.120576209
3.929464963
3.469308488
3.094106635
3.243580443
3.211631467
3.052578615
2.615005513
4.0825103813
3.2453738812
3.283311761
3.52399817
3.24350182
2.884994227
2.842667057
3.488386073
3.605277524
3.613870423
3.091252026
3.305626827
3.54938609
3.629823457
3.347020077
3.64999335
3.230976885
3.405958199
3.076609667
3.456092491
3.349036335
3.418110493
3.008855532
3.482342534
3.315895433
3.612975463
3.645772934
3.6749499302
2.945018303
2.999188757
2.946947801
3.122426003
3.061330216
3.243890133
3.417331756
3.022504886
3.642803704
3.184468674
4.051901214
3.009545336
3.725858681
2.795148654
3.5584420592
3.071887385
4.326864019
3.916350894
3.025412612
3.431494558
3.043865744
3.864926673
3.088032668
3.738799726
3.713656564
3.733502404
3.457913506
3.943621878
3.023041672
3.475727434
3.485469666
3.616043456
3.372610896
3.209111422
3.218003246
3.934253612
3.817403193
2.867225775
3.901543594
2.948643422
3.542030836
3.551954107
4.054542524
3.590845084
3.899361116
3.262490066
3.692010586
3.873906665
3.530798006
3.431172539
3.541757384
3.479180005
3.565931249
3.345427626
3.783199516
3.858371816
3.964219634
3.642037556
3.658707596
3.417682336
3.73973833
3.111720704
3.598356454
3.487936253
3.4848953187
3.064026784
3.642934857
3.446795607
3.287315826
3.987044024
2.963959024
3.267485464
3.719071926
3.311060429
3.020812364
3.580977254
3.749323903
3.526695576
3.688395425
3.688123674
4.049294436
3.454921934
3.290043026
2.942260966
4.419818769
3.4284217281
3.353211308
3.441261154
3.612863371
3.897260476
3.373088854
3.336009346
3.594352676
3.467740405
3.626845294
3.206525201
3.307580199
3.596080454
3.25472139
3.559935007
3.396002123
3.521516299
3.713786036
3.268950519
3.678745937
3.535485721
3.599582785
2.920519222
3.620872297
3.501991383
3.321764427
3.532749913
3.789827017
3.267835445
4.135069288
3.84923028
3.252595693
3.240136934
3.916478981
3.75639466
2.614236062
3.905604744
3.385569759
4.50570903
4.14860527
3.657732112
3.919137589
3.837406694
2.953976538
3.785251125
3.644421463
2.399294739
3.938489335
3.571997555
3.720816409
3.592621095
3.420495558
2.9562399344
2.941527046
3.09944066631
4.26700713032
4.379171661
3.757087013
4.239258663
3.809995417
3.89140027
2.960945077
4.076111594
2.991493937
3.926795069
4.346699165
3.361450882
3.17910714205
3.807857631
4.196959479
3.076352046
3.492223766
3.927104485
3.274956745
2.773402231
3.5787029643
4.533915353
3.39812205770001
3.7368931855
4.1785116806
3.756516273
3.305511513
3.6098394345
3.11208743
3.927626399
4.3888839964
3.175447769
3.16112215425
4.396708817
3.909619567
3.461017999
3.380521679
3.596469494
3.818215323
4.339163069
3.467677653
3.688086714
3.422120149
3.443283561
3.884128887
3.183524248
3.279530388
3.576039366
3.618937759
4.646587516
3.346603804
4.228933994
3.0428803593
3.043504517
3.916991531
3.539095932
4.024972523
3.782901073
2.930492593
4.25397075
4.088549317
3.007361159
3.802234749
3.5978348481
4.118918401
3.301006683
4.044598492
4.151336746
4.361491636
3.908712508
3.854490444
3.721645583
3.616712816
4.015309126
3.51286676
3.7605120112
2.950096621
3.676441828
4.15182108
2.861831156
4.029970459
4.274034989
3.307516987
3.646825906
4.245046476
3.735316506
2.831810526
3.5307714472
3.317787506
3.903331633
3.855233358
2.664034072
3.229964066
4.387020294
3.949384444
3.308224593
3.824688206
3.831402078
3.412071646
4.2618665567
4.1050552503
3.894321246
3.692276626
3.96532558
3.767789485
4.356063975
3.308009485
3.597082471
3.634550771
3.335938787
4.436854578
4.582975308
3.573250694
4.35085658
3.552470015
3.6584371684
4.731368214
3.542001076
3.221628338
3.726878285
3.980701114
4.112100529
3.358605428
3.48509115355
3.390401604
3.457896596
4.033867992
3.881409544
4.005703338
3.777627642
3.646486614
3.6434750521
4.642826158
4.101113026
3.150893723
3.635735653
3.543108956
4.083527691
3.532749429
4.495691983
2.849330865
3.365987591
3.728637929
3.349208656
3.778720434
3.17547295
3.644810923
3.808176659
4.0095275633
4.826036786
4.238117086
3.2825447682
4.290244593
3.821563776
3.916939398
3.930339111
3.099164032
3.547550101
3.303111766
3.482414981
3.096804724
3.828744621
3.930799339
3.231920916
4.196549194
3.487670184
3.422356999
3.895817724
3.451678933
3.59904957
4.385747091
4.10940911
3.766660552
4.15240597
3.536283116
3.296473853
3.087107575
3.411257761
3.74764477
3.824177597
4.693256367311
3.757193591
3.62909311107
3.43651289
3.706510718
3.715240225
4.109500997
3.225768467
3.12762483
3.178993556
3.32284502
3.583349648
4.126826903
3.308930789
4.36090516
3.025662739
3.41456307
3.3631613226
3.385668268
3.347562431
3.818807085
3.190559826
3.49650238
3.558885731
2.941219581
3.637100484
4.21415959
3.90835679
4.019938224
3.830049384
4.25532216
3.485552429
3.506448334
3.426501207
2.951263833
3.94720496296
3.098028186
3.384381513
3.85867095
3.408141704
3.609676544
3.177927976
3.596482236
3.80083463
3.57471026
4.20540429
3.815168932
2.9057336852
3.644041419
4.42508671
3.92798318
4.484936828
4.113684031
3.329817227
4.08336126
3.401206332
3.78687228
3.575696845
3.592086835
3.8786243559
3.32317232
4.305659368
3.22937953
3.105168921
3.25963709
4.193036268
3.34834438
4.06222499
3.8555936935
3.367669965
3.867198052
3.052789808
3.58117401
3.966918557
4.193330546
3.7073123
3.21784596
3.463350073
3.593497289
2.593005167
3.896188067
3.15941216067
3.85863114
3.7770688634
3.724284742
4.101135026
4.343835014
3.496682565
3.756722285
2.88617549
3.312418357
3.729037892
3.868952244
4.161183048
3.45610605
4.61698794
4.55688816
4.06006702
3.4885069454
4.62761004
4.17466187
3.3340356
3.96503608
4.346620804
4.35769734
4.444956772
3.638663105
3.74947508
4.261007339
3.838813832
3.57285671
4.29722205
3.73839352
3.70151849
3.84695006
3.904672199
3.215429823
3.6761598726
4.074080408
4.26553921
3.12911607
3.875446745
3.666445482
3.983060294
4.02618094
3.788697932
3.24876425
3.663355938
3.2521113626
3.921733325
3.836590021
3.767630986
3.792570453
3.820622038
3.36122016
3.042127968
3.57652122
3.40343338
3.06419356
3.35782292
4.029831936
3.848474485
4.397418291
4.297929037
4.492746083
4.31765945
4.01373621
2.961807861
3.827670263
4.351607373
3.594738492
3.32515608
3.713776742
3.5442613
3.796440895
3.6345167784
3.799994647
3.8786780978
4.4683157928
4.74583758
4.330673285
4.50414132119
3.1872737
3.8582330653
3.6258580047
3.899707579
4.05011743
4.230270718
3.33598459
3.88592538
3.778157278
4.13761619
4.123377096
3.935660968
4.1227717772
3.790696817
4.492502078
4.157998711
4.0086988258
3.381402048
3.481337
3.687993875
3.20698774
4.162538694
4.26240152
4.5564541857
3.80210175
3.953748746
3.84741521
3.588234255
4.89533895
3.76017477
3.326654357
3.94480939
4.15060754
3.52483306
3.886092795
2.997914329
3.54548749
3.25225699
3.786624395
2.7164077893
3.63831471
3.68183734
3.83318714
3.642163007
3.5363422
4.20838187
3.844505212
3.42102297
3.82662457
3.413176209
3.30002656
3.387847278
3.95289492
3.35391848
4.68019967
3.23691568
4.52899023
5.09464254
3.74589207
3.905710399
3.99311843
3.549779163
3.4227953
3.659784249
3.4452828431
2.816089897
4.29739986
3.624565313
4.09893412
3.89054284
3.00996576
4.34327287
3.844666693
3.973204991
4.14430404
3.913365329
3.828447743
3.62602432
3.43326757
4.591003724
2.789916796
3.9321069
3.91386261
3.70450123
3.130249192
4.1203450168
3.76157921
3.939646406
3.08861004
3.52091185
3.36601243
4.0318075
4.27212395
4.38607606
3.6238847
3.840861518
3.204170351
4.08615477
4.18952536
3.59289681
3.92338235
3.584060652
3.4956725
3.337394278
3.7008400139
3.66897322
3.87594283
4.48899279999999
3.93998857
3.12127708
3.166757396
3.464730833
4.1647085192
3.81808675
3.1460876895
3.900598865
3.68042493
4.244296608
3.94178641
3.56344821
3.19856142
3.81265099
3.137310088
3.624665248
4.432063122
3.896829302
3.933361602
3.804333664
3.658068636
4.0063305537
4.264942521
4.000236126
3.783639116
3.975551781
3.4622064499
3.721667914
4.413810179
3.651494316
3.4661741
3.61222755
3.188249325
3.618353198
4.259186986
3.456180426
4.433644533
4.115809149
3.017808072
4.484819992
3.760573978
3.3015202742
4.133446408
3.671346372
3.473140576
3.710160538
3.545973273
3.367474516
3.482230568
3.506683559
4.544352159
3.380304611
3.657699954
4.451229656
3.484530631
4.67666346
3.640568357
4.640752846
3.9056451101
3.672539533
4.128951512
4.868368022
3.670297564
3.9453054609
3.553813276
3.536750307
3.864577355
4.027120266
3.3513085255
4.323478987
4.306669095
3.282369655
3.796997803
4.197439246
3.577584616
4.221014566
3.617611638
4.217705185
3.38984853007
3.844674062
4.1734321206
3.65281315
3.776996297
4.054098182
3.424537626
3.889134722
4.369434225
3.748253246
3.870790437
3.136395872
4.448688856
4.210695076
3.821403551
4.37636748
4.378085548
3.56854566814
4.24003065340001
4.621227663
4.52099638
3.84803461
3.070291329
3.503892312
4.8041357643
3.8858793533
4.566804996
4.0071195428
3.608221118
4.126487911
3.586223828
3.742764999
3.74577487
4.0341193
3.453549308
4.07019041
3.8075057005
3.284348999
3.331137411
4.116639186
3.915291532
3.970788978
3.586618485
3.828251157
3.800982258
3.373809288
3.403753919
2.656504644
3.425691756
3.400989008
3.458392568
3.1412270287
3.717503748
3.2530165357
3.483048474
3.317028357
3.5484671457
3.50045011
3.080390292
3.301202664
4.629726588
3.65063924
3.469732384
3.405797639969
2.521586418
3.773397507
3.787316614
3.095093957
3.658686298
3.502876459
2.890257948
3.051277617
3.647204348
3.530118981
3.8625595735
4.011653522
2.791589448
4.002265897
3.944099522
4.09742447
3.621509918
3.894042958
4.4200834699
3.059424592
3.528310156
3.928182641
3.317456428
3.992806726
3.933269233
3.286801869
3.037352016
3.932188978
4.073398248
3.997004736
3.815048782
4.001799736
3.323294586
3.167406138
2.736375678
2.704223948
4.132518852
3.701308658
3.36487582
3.201319868
3.889402756
3.712812212
3.172466188
3.751531405
3.707189404
3.2826523016
3.11096998
3.080087458
3.958594007
3.474857063
4.225324834
4.095122387
3.21771512
3.058725876
3.663900946
3.716329202
2.972351408
3.65509092
3.709361772
3.025555218
3.797434019
2.971627036
3.900892628
2.94446474
2.737124787
3.485267368
3.515398244
3.509473568
3.259273315
3.765357095
3.150285154
3.621680568
2.973707768
4.876621622
3.6503716998
4.1478817602
3.4868408382
3.4828170002
3.7390307552
3.4905039012
4.2408603658
3.7084091802
3.2808757872
4.1895969862
4.0691265622
4.1893712792
3.28035795888
3.7881281652
3.2292871972
3.6888720207
3.1470458082
3.3854438412
3.7278690152
3.8919724302
4.1291429662
4.1474601402
3.1598361282
3.8066219073
3.6327627432
3.3219236102
3.8113293142
3.0091044237
3.4374891292
3.6810246002
3.4557864832
3.3554037652
3.2350813902
3.0326229692
3.1483845398
3.7702521702
4.0642441602
3.5039516512
2.9798000592
3.9788058382
3.7659179702
3.6461003402
3.71075221672
2.8921800562
3.3553576252
3.482592868311
3.7069592552
3.8792465312
2.5437865432
4.0463517242
3.7700892058
3.5702637292
4.2077796648
2.7683674882
3.4409604458
2.9710694842
2.2264606192
2.6353749302
3.5888684902
3.9054458478
3.4942218542
3.3109598608
3.1791530058
4.3829692482
3.7352947642
3.8142368982
4.2431340018
2.7875260612
3.9551848582
3.6469879198
3.6364348902
3.0990232202
3.6965183422
3.4022692742
3.8216636142
3.9859953852
3.3812707242
3.1499211108
3.8025595002
3.4618075572
3.6286807412
3.3728550452
3.4304218362
3.2274366882
3.7960854862
3.4476775272
3.7758852402
3.3876405912
3.3152335602
3.2997458342
3.2853530522
3.2475971926
3.2865085962
3.7971123992
3.0822806022
3.6013333438
3.9056212252
3.8697675202
3.0780921322
3.2739386172
2.96449259
3.61203178
3.17720606
3.294419517
3.016361238
3.35419042
3.572506113
4.038595098
3.626416416
3.067243334
3.16301333
3.24375451
3.121394907
3.854809393
3.634463407
2.743858573
2.745684603
3.163017089
2.550785808
3.126763536
3.9113631507
3.34539918
3.186918839
2.72700464
3.264025215
3.71066381
3.238563357
4.16442069
3.374777949
3.33059865
3.43226685
3.1321908948
3.18736149
3.695518061
3.7082024752
3.499180054
3.174160357
2.936667121
3.2649064
2.916536032
2.988420798
3.51880801
3.0012141485
3.65922641
3.024329215
4.106328394
2.88061147
2.81522984
4.130532111
3.96523346
3.484952423
2.8607345559
3.982556216
3.359909327
3.49186066
3.262555216
2.703200106
3.4433849746
3.896094419
3.333899076
2.967399434
3.01724486782
2.92948781
3.09366084
3.321495236
4.16775922
3.6837663196
3.396200117
3.193194728
2.8955045315
3.485275141
3.2486574741
4.20351506
3.5622611308
3.320061373
3.216520593
3.029666588
2.649634104
3.800306588
3.52059809
3.258006071
3.140667414
2.737736915
3.565145716
2.974197872
3.700483663
3.511285694
2.907951277
3.379598515
2.9351152424
3.38352982
4.03824338
4.038265185
2.91788523
3.384254393
3.456686524
3.45427371
3.994983567
3.8265349127
4.05621327
3.290065351
4.304660569
4.206984371
3.599568739
3.8497039069
4.612852892
3.885452434
3.906474064
4.177780529
3.393517597
3.587278692
3.389417171
3.922144193
3.5494867009
3.847231215
3.751213922
3.508326869
3.7298141454
2.922242997
3.290171671
3.444366589
3.347490551
3.309850333
3.188975523
3.993856091
4.336692561
3.690754939
3.619913621
3.090147371
3.631626279
4.067826308
3.61363560889
3.725534161
3.024384131
3.536980144
3.168588061
3.906968339
4.45870055
3.402926853
3.866278481
3.650033559
3.623224486
4.345067529
3.084920564
3.851549149
3.493810397
3.655687987
3.654214017
3.918154312
3.749192512
3.184895699
3.307763349
3.882821699
3.275644932
4.290951788
4.136347503
3.383465098
3.551285118
3.707603799
4.084963804
4.0797475634
3.5272290063
4.107719399
3.829623959
3.48161838
3.71290141
3.628075199
3.650081506
3.314035545
3.618666595
4.207328057
4.241870274
3.900165934
3.284384093
3.164212231
3.344598792
3.572841611
3.860221266
3.745986418
4.136262356
3.931346529
3.429593239
4.386646585
3.850166483
4.423591001
3.760308229
4.189011939
3.590800769
4.078889119
3.788735489
3.513184219
4.068082064
4.119181879
3.719690889
3.006402861
4.1910560767
3.275189053
4.555783469
3.970650244
3.598937168
3.568249615
3.6620320741
3.855110763
3.793147161
3.732376899
3.532805015
3.649206117
3.964567545
3.576905053
3.964370748
4.195656287
3.293179945
3.3426609995
3.001691375
4.439226225
3.920855185
3.217244495
3.109248595
3.796661861
3.854246615
4.092329977
3.129080225
4.083441908
3.871164736
4.370142505
4.652301341
3.980056388
3.666931395
3.525458523
4.452071754
4.316725375
4.493869885
3.259754525
4.143957662
4.257854738
3.881053388
4.038331565
4.461264082
4.059772165
4.471411835
3.280673675
4.038617515
3.655807725
3.51980162
3.137191295
4.1089514887
3.946345215
3.734419442
3.617587715
4.250632625
4.0904435696
3.7283614
3.712128215
4.39095319
3.68787003
3.648803915
3.892324472
3.875182495
3.756990405
3.9819576772
4.449608727
2.961310655
3.5548261785
4.196678976
4.34518952
4.099875575
3.381040255
4.359103486
3.508788825
3.48337609
2.876567776
3.472644555
3.835345282
3.917553885
3.767930445
4.3413588682
3.158566574
4.005604455
4.467288398
3.792111843
4.019241317
3.872395755
3.559344195
4.194741622
3.725496495
3.743530943
3.911247035
3.743904445
3.685511385
3.34949087
3.670401715
3.821931774
3.866897102
3.826642975
4.346789761
3.896743087
4.09717255
4.814769018
3.7455853315
3.458586105
3.616370349
3.483177552
4.038605037
3.3489355063
3.37415814336
3.472360926
3.7665954084
4.467956576
3.402972988
3.623295063
3.944234805
3.736574811
3.635559059
3.6167968136
3.311236074
3.0561706572
3.4645016633
2.986727468
3.855048851
3.372492129
2.863942264
3.987435709
3.371537758
3.174231483
3.342872275
3.6080919208
3.785186409
3.516632427
3.283571878
3.656741629
3.677933923
3.900985342
3.557786429
3.683028109
3.294173547
4.315184503
3.939264281
4.076897448
3.439948643
3.41003410438
4.0841209227
3.638033675
3.183599712
3.731277506
3.658676222
4.2043718579
3.321464648
4.383518681
4.414152289
3.432246662
3.209429245
3.675629278
3.296969202
3.680514978
3.812827938
4.032310909
2.991645256
3.650906871
3.215402538
3.477955584
3.8098245274
3.730687119
3.49249636
3.5303097041
3.883340669
3.409818152
3.440093599
3.739196956
3.1852706484
4.1443193317
4.050084266
3.481294866
4.110149072
3.710901908
3.140894412
3.435465044
3.4025096208
3.326856779
2.852366585
3.344090131
3.959382902
3.440716972
3.777309736
3.3257786108
3.771410652
3.74391478
3.093860159
3.770825236
3.172181505
3.747278318
3.350138064
3.708344486
3.28463889
2.695593549
3.720992850215
3.089277367
3.481237221
3.177425353
3.225395742
3.715780283
2.901008572
3.538596122
3.200761902
3.6767492
4.198098296
3.217765671
2.839222161
3.478801182
3.71975287
4.019298718
3.301269945
3.438231496
3.579420415
2.90205802
3.7424929565
3.311979913
3.653001181
3.550790635
3.2764752198
3.004508993
2.813761565
4.063142861
3.461872926
3.145646846
3.20003979
4.116213845
2.8584621709
2.766072094
3.304800372
2.926971622
3.7288872944
3.462758366
2.9950182784
3.55798026
3.352852129
3.887679687
3.701508204
3.618331556
3.30888663
3.529442292
3.067462155
3.271229711
3.307029655
3.209631121
3.194277835
2.9972010386
3.76201776
3.177344225
3.791149436
3.530194401
2.3920942932
3.206950279
3.399924664
3.57449511922
3.392216677
3.9298017643
3.48582551
2.8421259539
3.480412648
2.928597746
3.3872183405
3.345002799
3.495800425
2.9241625802
2.862600898
3.141407655
2.970463236
2.991628143
3.848176962
3.5291352719
3.4532349372
3.098979992
3.300423001
3.342690813
2.723685283
2.804312885
3.8292788355
3.255687803
3.29463358
2.601639371
3.980639957
3.571057485
3.1572901087
3.61305278
3.629524997
3.313244205
3.49932428
3.221921814
3.507754047
3.929438302
3.381429285
3.514115445
2.969990868
3.325603505
3.142451557
2.778997244
2.7125325455
3.319325542
3.036121031
3.8492086636
2.852593083
3.394494212
3.243385033
3.928298232
3.214363397
3.349123892
3.346318937
3.327479977
3.171616443
4.313466978
4.123639727
3.8185120641
3.798547845
4.122373127
3.525668397
3.389870185
3.847100647
3.276847081
2.892771864
3.346683127
3.393833631
2.890537029
3.105866577
3.4818723
3.402212442
3.518264968
3.6886699193
3.853718326
2.818351983
3.768736061
4.245123617
3.390470234
3.585397542
3.660904854
2.601611268
3.573910252
3.412493087
3.215705113
3.1700301354
3.453980097
3.151282225
3.630172237
3.174700417
3.953302847
3.405158629
3.404913871
3.509430387
3.410753989
4.243867847
3.438675198
3.513797238
3.943088258
3.29226186
3.275861077
3.68821253
3.9219922529
3.714761937
3.7306507815
3.723811952
3.721631307
3.533601239
3.830518093
3.119265767
2.840493613
3.339866162
4.2775374941
3.698882022
3.829688017
3.207601877
4.014302187
3.850889177
3.027246174
3.588403387
3.4644497679
3.550101607
3.06421419
3.411632933
3.970831947
3.638922387
3.442743127
3.672870764
3.9002104102
3.388065617
4.151912417
3.862481897
3.745323999
3.181177167
3.719892723
2.938483179
4.227602818
3.434854894
4.024052243
2.6090811497
2.805248157
2.957510583
3.692672392
4.116400247
2.785445417
4.174436123
3.284286889
3.776585022
3.25140201
3.368928875
3.071844646
3.62961972
3.898918849
3.21016587
3.463325578
3.09038677
3.826733551
3.38391216
4.21097806
2.993268135
3.43646063
3.96789943
2.931212616
3.098865554
4.207096824
3.506218033
4.02795937
3.10958892999999
3.75985026
3.462897142
3.60991281
3.72151894
2.68895657
3.46408152
3.1402419
3.98088372
2.901442267
3.371297737
3.623675885
3.29691213
3.1955395488
3.72037036
3.50056075
3.0494736981
3.691228369
3.349355
3.940069029
3.59907962
2.27556394
3.538676107
3.478692414
3.61753279
3.651153429
4.213959881
3.86405812
3.883707529
3.14432966
2.705183097
3.1243913
3.487445397
3.16259644
3.42120601
3.2098017105
3.702119983
3.66642088
3.791360646
3.567507793
3.269084869
3.467621413
2.998730655
3.756074771
4.087351498
3.22156344
3.268226179
3.674424017
2.97920157
2.987956721
3.437853413
3.792567093
3.14043827
3.3174502
3.714889737
3.43012035
3.283607332
3.2182005
3.135241095
3.552372018
3.32892697
3.76714137
2.718394489
3.28022871
3.387474134
2.9201118577
4.07051952
3.600619225
3.33346844
3.65292707
3.328415006
3.4080806
3.609165459
3.543352094
3.269359284
2.57994813
3.19216603
3.666750317
3.671456511
3.20547347
4.213975992
3.495473652
3.927868688
3.631922438
3.690541449
3.396694407
3.732093137
3.656003397
3.9197005685
4.151693515
3.465721449
3.8630541278
3.595392112
3.747464383
3.916546707
3.83776330385999
3.511439232
3.623685266
3.328766803
3.942016084
3.43675278
3.866985902
3.021150019
3.242643885
3.53784780699999
3.531825357
2.825328034
3.757668938
4.6424279614
3.67902014605
3.5748055007
3.074030826
3.649810296
3.630788047
3.985248569
4.09043072
3.788071963
3.425665024
4.006262938
4.208826457
3.492667073
3.760206742
3.4617576486
3.987141877
3.327749177
4.429531027
3.410636685
3.342798287
3.191001519
3.548687037
3.955186351
3.4879660148
3.819132882
3.474381639
3.972361212
3.860607537
3.764099927
3.901336068
3.619456975
3.821372646
3.181149199
3.434876138
4.858218687
3.668558028
3.203610552
4.089896516
4.02005421
3.350310237
3.854200697
3.375238618
4.433638833
3.953207482
3.358311738
3.828349496
3.6382068637
3.4089167955
3.3521379607
3.411473838
3.6690159955
3.484000207
3.478392408
3.489428887
3.6757167428
3.762818667
4.391816109
3.295609772
3.763502347
3.837942382
3.805065559
3.540371635
3.8358584815
4.052307878
3.435299364
4.302173514
4.236778299
3.6328319925
3.957649749
4.171833985
3.878281974
4.039931756
3.469278793
3.503319238
3.272614551
3.0420795813
3.870464701
3.837679861
3.559966043
4.191784188
4.378104791
3.508280051
3.576046718
3.668396301
3.975324241
3.028705916
3.260971441
3.077644354
3.451891334
3.214032543
2.722422347
3.036275861
3.058903412
3.1499937431
3.921934719
3.719099417
3.505730793
3.544055371
3.411853378
3.3628205568
2.970996629
3.148512783
3.4022983101
4.099649514
3.369704048
3.76476771
4.064695501
3.185023463
3.650213363
2.839204776
4.014291303
3.414693141
3.613884913
3.939792865
3.002267349
3.364815183
3.278544207
3.813372291
3.264679348
3.621986013
3.196397699
3.285916303
2.893584901
3.467473272
3.702507233
3.390081375
3.9525184412
3.473990591
3.706188581
3.043852647
3.364485543
3.178705847
3.175218487
3.873637608
3.449542939
3.117452953
3.724224058
3.333982121
4.150607501
4.062941924
4.187948397
3.351533812
3.91242989602
3.633300864
3.197025128
3.85551857
2.967441282
2.837986719
2.899033215
3.37486954
3.852355628
2.858093057
2.20065957913
3.356737673
3.607384803
2.490891915
4.166527354
3.073030407
3.12148916
3.318359586
3.442700708
3.184704749
3.607992125
3.646868703
2.558193033
2.80969562
4.072379184
3.612779927
3.392771653
3.322092901
3.506094463
2.805516661
3.477169586
3.917756691
4.841894106
2.7800482997
3.082625115
3.842538649
3.668579679
3.678118838
3.76191063
3.479862486
3.171543936
3.547008354
4.227559674
3.3476084225
2.992203923
4.095043621
3.40826087199999
4.089084009
3.015964905
4.001469829
3.739167429
3.6280547705
3.38608715
3.4739797812
3.282618412
3.435611296
3.232063536
3.015912491
3.611301221
3.897817424
3.192158227
4.213022013
3.911722574
3.276147431
2.988223658
3.535352558
3.804154775
2.97453187685
3.286425421
3.321392296
3.193159849
3.23434536
3.455458066
3.8868389376
2.965164635
3.895933701
3.857998123
3.734980651
3.520678001
3.075603503
3.194551991
3.455298187
2.901787281
2.646985252
3.29210547903
3.965582125
2.523116191
3.142352852
3.8573918342
3.792060651
2.854543089
3.6888723252
3.738298877
3.488066443
3.13894535263
3.449242293
3.144733475
3.100949333
3.27464970695
3.6345634178
3.740117193
3.806981145
3.429326794
3.127349283
3.87437227
3.599287681
4.044555135
3.6294827169
3.630631656
3.644028116
3.761555415
3.1769357803
3.633874032
4.257704344
3.762799035
3.064882567
3.030221828
2.859077779
3.302794627
3.4187113618
3.270096217
3.343319446
3.180297039
3.163883784
3.197660941
3.86934102
3.376472681
3.68992425
3.613160865
3.117493098
3.829139309
3.515206753
3.7165885382
3.853969273
3.298500123
4.241118543
3.882418923
3.216805923
4.034788364
4.649683769
4.025707222
3.696675404
3.661157607
3.668669023
3.696671221
3.549242713
4.369889529
4.062076273
3.717400537
3.516973907
3.692237477
3.641362283
4.191788583
3.504987803
3.989101573
3.905847067
4.313665865
3.049123234
3.7640459073
4.162378863
3.892490332
3.839659474
3.925725276
4.092696763
3.976929829
3.55680307
3.358280921
3.918617303
3.128045813
4.2964043
4.426243496
3.6751169267
3.592202167
4.424661025
3.728067827
3.950604562
4.368209649
3.185007663
3.424757523
4.170869753
3.918114228
4.3558588077
3.967500297
3.844933561
4.100999313
3.965004673
3.589100486
3.601286974
3.735397122
4.480773382
4.198889186
3.762781103
4.293863763
3.702389663
3.725750787
4.903583419
4.238952821
2.989220436
3.915899537
4.186143695
4.219725573
3.633471243
4.13369398
4.227045043
3.345158445
4.050876743
4.089719007
4.0998918145
3.883562683
3.887044226
3.687106343
4.162431059
4.0680230012
3.86920678
4.197954433
4.731556713
3.500367565
4.3385212775
3.853119103
3.499963677
4.39185164
4.000489953
3.662355283
3.008603213
3.783455041
3.35312855
3.549501728
3.823094373
4.343623996
4.330123844
4.34550862
3.4628766
3.850244014
3.272488903
3.71742062
3.7331773
3.29400156
3.1707959
3.823121875
3.382880605
3.53829463
3.710792872
3.53762829
3.67286729
4.2396303
3.72683245
3.60251560865
4.0148896
3.893447455
4.186737468
3.8725669516
2.92547091099999
3.97814758
3.59234424
4.249711215
4.16013896
4.29634558
3.56063087
4.120819665
3.59123771
4.0087945
4.03851884
3.655684707
3.988683638
3.916337083
2.6855541291
3.9447393035
4.01997307
3.28709223
3.924259803
3.050619145
3.716124215
3.712472725
3.2119778695
3.948926244
4.573177285
3.91176025
3.319291593
4.449721965
3.421242418
3.76975685
3.986580922
3.5602509
3.609529875
4.14869054
4.85961719
3.826172425
3.495011091
3.713887026
3.84930497
4.24451767
3.597208927
4.107515132
3.71380741
3.56282262
4.14315895
3.74301499
3.54707124
3.361096634
3.585978493
3.675086064
3.47758623
4.228819982
3.9715722512
3.854671389
3.262406605
3.8551277372
4.018997735
4.16011646
3.606828153
4.161939251
3.97674656
3.523126529
3.825700133
4.31266
4.179657687
3.898413143
4.600390945
3.638430975
3.423468492
3.50120667
3.878043602
3.44360794
3.7792779768
4.464507493
3.98720091
4.170470675
3.888831252
4.02741069
3.33945605
3.4896075632
3.493720613
2.792528716
3.094675435
3.504403224
2.58826946
4.21930876
3.44512771677
3.727335132
2.73140422
3.245046653
3.40879587
3.89110043
3.48509884
3.69489981
3.522925889
2.83964059
3.450593773
3.515319394
3.63370207
3.382011015
3.24552622
3.250417876
3.566966035
2.78355511
3.36940157
3.258853467
3.467743586
3.29383953
3.127260657
2.92574339
3.341401237
3.109287084
3.47456441
3.43667246
3.606676496
2.422382199
2.846921891
3.047732796
3.020219045
3.386987403
3.380614232
3.168704214
3.013224962
3.792147872
3.88868354
2.528964863
4.1335985
2.719032209
3.03361492
3.110475738
3.486152718
3.70050434
3.91652404
3.312781532
3.01843909919
3.34977031324
3.5142856664
2.850396653
3.554475006
2.754534034
2.42502288
2.824076851
2.722031796
2.78410603
3.52080505
3.05524843
3.21252725
3.59749401
2.740918574
3.444251215
3.272783198
3.31657706
3.723565688
3.6128045896
3.032285822
3.273516017
3.01238711
3.292734002
3.617116713
3.725544838
3.777158575
3.241837045
3.0647444888
3.20313512
2.953438437
3.253331319
3.14522923
3.105945625
3.481116929
3.587722832
2.688897123
3.01827305
3.503591652
3.52738228
3.426066371
3.97350845
3.558684347
3.202560951
3.0697694055
3.893368153
3.696254587
3.266085882
3.752184712
3.365620045
3.5507616102
3.7929687684
3.95390467
3.866375435
3.990919705
3.05684385
3.425419085
3.838967235
3.393087465
3.885583706
3.728677802
4.118285565
4.60899618
3.863685798
3.947645075
3.6967698289
3.622472855
3.566709055
3.702745223
3.840645615
3.185792367
3.184243213
3.736625494
3.1934614567
3.723818381
3.537558797
3.935783535
3.1328121525
3.185606923
3.631907795
3.972008308
3.846086975
2.982025505
3.369213709
3.618306996
4.155424632
3.072350975
3.013531975
3.552767055
3.843727785
4.05104466
3.361874518
3.628639755
3.539740255
3.560523035
3.55474679
3.923923428
3.404152161
2.890971976
3.5358663478
3.263887385
3.507850925
2.943510525
4.09882126528
4.1399913269
4.7775972434
3.528445291
3.306193604
3.931699005
3.240528145
3.654793661
3.396934511
4.321013815
2.694210795
3.213586857
3.1960816089
3.454360594
3.24572691
3.874216221
3.1785318527
4.048967005
3.824925979
3.04304408
3.697957605
3.632756651
3.158926805
3.373418656
2.837737155
3.337253135
3.371576427
3.9445529847
3.476082985
3.122382599
3.658194081
3.3745093829
3.909570364
3.72719038
3.607469135
3.433854184
3.589495965
3.5312350532
3.7747677207
2.898204564
4.307368035
3.687985534
3.074663614
3.532233558
3.687890413
3.313380617
3.263134774
3.253539759
3.638698773
4.084698608
3.483728007
3.7991696828
4.295523844
3.319557234
3.462904441
3.468223469
3.3326116658
3.3956985002
3.0703058991
3.43192104
3.355489498
3.61590395
3.174784511
3.149827291
3.279525075
2.932809438
3.248360162
3.744835728
3.382481208
3.835747068
3.316773928
3.3379118801
3.570159522
3.543676368
3.1952327888
3.825883128
4.13179679
3.852772758
3.210174962
4.076497955
3.524276448
3.149776288
3.185741622
3.705593568
3.208889918
3.638718097
3.360739082
3.494868895
3.173825466
3.796078048
2.803341958
3.2346217863
4.3587400622
4.18496758
3.889716286
3.476669136
3.615999242
4.258955964
3.808859114
4.078926607
2.730599348
3.471703052
3.845672741
2.858191524
3.138594152
4.110632085
3.249931213
3.5321225164
4.057987701
3.10127227412
4.342369692
3.362861108
3.086384095
3.600305798
4.065255702
3.0433205572
2.755651658
2.87675107
3.508511549
2.85379258
3.466259142
3.144211806
3.373315482
3.857609398
3.669059107
3.961048764
3.6975389441
4.001554667
3.963155567
3.277865188
4.003410708
3.614021432
3.766919792
3.6284134682
3.43304215
3.528759309
3.8782339464
3.304158912
2.742847402
3.32488262
3.398434238
3.668573858
3.313879737
3.7849349124
3.869534871
4.028491058
3.347023692
3.812347568
3.734254012
3.732929559
2.896553008
3.167399889
3.248304012
4.246699462
3.08705147
4.26000619
3.773176612
4.431222362
2.997076175
3.850302273
3.443383396
3.2640283172
3.8758433113
3.573793888
4.213068472
3.597525749
3.259545648
3.859466804
3.439151135
3.716692825
3.483932538
3.6440724213
3.766920712
3.639676012
4.038047562
4.607516412
3.68302925
3.802439352
4.146181057
3.826387526
4.36372678
3.445114385
3.707422652
3.63387854
3.069376128
3.177260132
3.279287992
3.760776574
3.128041307
3.1872231861
3.892673877
3.607774342
3.528390022
4.149536488
3.9079949
3.347326862
3.090888668
3.112305783
3.7476806573
4.090920716
3.3882374
4.326268148
4.1883905075
3.433590516
3.747764908
4.3235516
3.975693886
3.830002492
3.500286717
3.647571064
4.169005991
3.378934072
3.604192192
3.725138069
3.553438152
3.927170689
3.5726507254
3.386588996
3.526557252
3.621721886
3.744111282
3.406352884
3.915873202
3.180163044
3.553137989
3.982622478
4.02548795
3.032487281
3.7123636493
3.814131986
3.337350362
3.573697793
3.277889132
3.709566822
3.830207138
3.8913565127
3.721634388
3.576451445
3.454183942
3.7717164653
2.574085342
3.6912020717
2.850237244
2.82801204
3.03712292
2.89394112
3.2563270938
2.773357697
3.05786774
3.154128156
2.40788978
3.15125888
2.308981376
3.331982511
3.53973194
3.4975471858
3.29809613
3.814161194
3.60080703
3.1267844
2.878057338
3.68625508
3.21799169922
3.27285698
3.28025869
2.549648245
3.06611963
2.600944027
3.341998499
4.28357171
3.336631573
2.5301924029
3.4432582942
3.079639271
3.554758926
2.96519387
2.81526631
3.609859584
3.321926812
2.936721548
3.08134253
2.728422017
3.72926368
3.104107829
3.06420016
3.422661216
3.50820542
3.0185946422
3.266840475
3.11668686
2.590072962
2.981253945
2.85616718
3.144721092
3.34158369
3.17416566
3.20862656
3.257534555
2.70920888
3.368766662
2.897276047
3.71938525
3.37077458
3.363439784
3.257760419
2.846021895
3.640924609
3.7137853844
3.521629354
3.292223076
3.08941455
3.002263119
2.58158717
3.47068002
3.77407264
2.5725264214
3.51451137
3.510699454
3.27165212
4.031701943
2.77820284
2.990898931
2.876968778
3.5791712433
3.390408168
3.152100685
3.2458992262
3.03459218
3.106515441
3.13738496
2.98966271
3.22895363
3.577602687
3.55762631
3.92947928
3.780646857
3.2726859828
3.134953044
4.135231
3.551519993
2.982360731
2.664511901
3.521452793
3.723748416
3.560670477
4.52597376
4.184986717
3.712401732
4.004814564
3.820799197
4.039452364
4.561336679
3.657182578
3.029171059
4.062188837
3.552429949
3.441839584
3.7191268735
4.089738233
4.572736557
4.090409848
4.259066336
3.187958069
3.504420442
3.420075623
3.832129645
3.1901185763
3.349321583
4.2076899208
4.1146740816
3.963427048
4.14978012
3.483584443
3.473193649
2.987785184
3.550279906
4.739881199
3.6914731111
3.86208222
3.730589611
3.5104233023
3.726262613
3.0664644323
3.79719775
3.931076616
4.516114109
4.59374955299999
3.31100371659
3.898833198
3.852077059
4.634475106
3.405462653
4.093142659
3.481248982
3.487818709
3.168024685
3.865437402
3.446349323
4.455263499
4.128503038
3.421776048
3.911386391
3.2384124956
4.136307684
3.5014052802
3.378929991
4.234627115
4.127567317
3.998096108
3.16547538647
3.953578442
3.553393699
4.187958483
3.809577581
3.551367828
3.8764654086
3.597211877
3.683846385
3.2956520766
3.71519713
3.202002413
3.700871269
3.397855961
3.6716477483
4.128476131
3.079888623
4.023018254
4.062728951
4.0052063965
3.434861774
4.312955201
3.853093569
4.182272481
4.253760311
3.526310126
3.682145433
3.843566689
4.196567155
3.372221121
4.3014991384
3.312298374
3.495821948
3.120466098
2.907117567
3.9178718
3.031555879
3.379967227
3.261082474
3.511317439
3.541938091
3.244732712
3.342935635
3.32172132
3.80688989
3.429443254
3.195357415
3.3214505995
3.339089289
3.713747898
3.412370271
3.68426406
3.04801599
3.692091887
2.731181312
3.311160623
3.469560455
3.417328656
3.5247375396
3.357547163
3.258834952
3.4052084027
3.960053437
3.3783010633
3.540667267
3.269183855
3.696035107
3.996149033
2.877667557
3.51046451
3.830819539
3.0453444688
3.759336173
4.214944277
3.316532573
3.55573051047
3.299376737
3.39562929
3.737643559
4.01636621
4.0872044288
3.12744759
3.00516931
2.7605526
3.718929973
3.71377461
3.92650109
3.47729097
3.42498365
3.6982825
3.018681771
3.05147185
4.201393532
3.408679352
3.651669568
3.589077219
4.18577079
3.402598476
2.866897966
3.12554693
3.680855754
3.908084989
3.37266196
3.43768135
2.898564787
3.66897335085
3.31299206
3.220548092
3.760353264
3.5404717566
3.42882646
3.722827569
3.96292663279
3.431463787
3.5160621664
3.4302612
3.575670394
2.690632302
3.503843922
3.619594985
3.389634361
2.892370326
4.087944054
3.274418907
3.546034577
3.215813476
4.34328092
3.91514742
3.40692793
3.684022734
3.304805535
4.081136154
3.16982505
2.871286432
3.100269182
3.888054332
3.78381523
3.44539728
3.48180982
3.605461323
3.31568009
3.13790097
3.196659163
3.18345589
3.51403148
3.50052643
3.79677173
3.654505329
3.982657142
4.36744265
2.85315834
3.79323454
3.04112685
3.369192797
3.60933455
4.3602064
3.52758121
3.76414794
3.57158901
3.682118868
3.546282177
3.614092963
3.1951436058
4.020025427
3.56182293
2.8046470182
3.80881165
3.3250886
3.72226191
3.47416529
3.63120319
4.37757329
3.128426748
3.606725125
2.96446487
4.23985439
4.536681185
3.0460382
3.49886721
3.6403327
3.62641234
3.26510431
3.160021189
2.96866488
3.120125192
3.38368838
3.169777075
3.2210467833
3.930879497
3.675566899
3.96461947
4.3757793405
3.523749035
3.383378296
3.5412628395
3.47459992
3.3439824808
3.30447743
2.912109752
3.1151786
3.6192464175
3.20647463
3.78312517
3.96356552
3.475805095
3.773915412
2.89590475224
3.8756013
3.09425309
3.944744027
3.65629098
3.14455137
4.12740406
2.74996151
3.93324097
3.520658081
4.05274635076
3.642118032
3.82338819
3.7621695978
3.6950248
3.868997516
2.99539296
3.606557025
3.99896425
4.391499432
3.281920818
3.204712286
3.010413378
3.035527955
3.68002614
2.99740021
3.139962546
3.173589303
4.455677203
3.530735907
3.672632143
4.159836963
3.836095447
3.466399013
3.328629483
4.165127032
4.093752986
3.163273637
3.599697661
3.809109398
4.370523113
3.787882125
2.901925038
4.13100707
4.219569053
3.60095282
4.36837007699999
3.7106531014
3.486120383
4.441838311
4.040914524464
3.697420598
3.727984273
3.430541367
4.094114802
3.159345245
3.7387720287
3.365766253
4.018129319
3.938645161
4.082450164
3.534455303
3.850683223
4.160082028
3.487391414
3.615044193
3.878857619
4.261910795
3.84431028
3.434946143
3.705165785
2.816047343
3.411387149
3.411113803
3.570590866
3.398813003
3.376040273
3.361145272
3.181739427
4.174604103
3.955495159
2.998739209
3.7772060732
3.008942726
3.839990273
3.487512883
3.882981393
3.779578709
3.400919083
2.394930323
3.514765858
3.975565435
3.470809833
4.416858913
3.433652872
3.538575136
3.0190654869
3.9863530108
3.4709531971
3.581891712
3.705153299
3.865059823
3.445292355
4.331996083
3.4855363193
3.260948375
3.130368002
3.20704941
3.8172940991
2.971761882
3.5169113098
3.661302212
3.032678363
3.680292986
3.398232049
3.823199311
4.337391825
3.850722668
3.706345753
4.069297183
4.0732001722
3.611010383
3.648346954
4.309970513
3.542187893
3.453207793
4.015286112
4.236023288
3.242317952
3.90837906199999
4.037387674
3.515532095
3.401403392
3.651430569
3.84347865099999
4.372166599
3.815917934
3.756530467
3.574071797
3.47945379199999
3.88198389
3.636944066
4.060069002
3.7528376
3.430318162
4.082225856
3.482466672
2.9111681599
4.20484455
4.167689843
4.157902332
4.4735941322
4.11181269
3.263260332
4.090304942
4.275790498
4.124849862
3.444537442
4.072584089
4.286025024
3.455202882
3.761295031
3.4754131095
3.652144258
4.16990916
3.779151285
3.750910092
3.954688462
4.093547428
3.811269735
2.913823619
3.682477297
4.30127867
3.805539369
3.6680087799
3.802460518
4.249020742
4.247472082
3.291104232
3.750387869
4.163058174
4.302119534
3.394726368
3.732670672
3.97579415
4.16870762200001
3.457000252
3.848033026
4.012086215
3.7528474412
3.8585331162
3.207111538
3.70129791
4.029788762
3.127845047
4.001400029
4.670946041
3.78287047
3.972542131
4.07589761
3.622435024
3.1522069389
3.773453467
3.297486592
3.669368937
3.7561163992
4.073207925
4.665533247
4.360073586
4.082824607
3.455222109
3.69140322
4.137827913
3.156049192
4.151034388
4.137043712
3.940172353
3.681877965
4.063976101
3.755121948
3.261836633
4.045001092
4.228741222
4.1074232922
3.494153102
3.576575532
3.457670674
4.2861601908
4.399827333
3.484103254
3.853695874
3.969264807
4.543626761
4.591281271
4.172153564
4.6008413
3.93149854
4.125013223
3.928698052
3.594218934
4.16364118
3.879457001
3.737651212
3.667105658
3.671198552
3.725324262
4.037325931
4.058885359
4.153436468
4.515748578
3.6977287603
4.26834729700001
3.842344856
4.241875698
4.068482408
3.370622487
3.5014106047
4.034472268
4.155259196
3.398310008
3.409327464
4.153507258
4.1132483559
3.598018138
3.814767102
4.888348809
4.24472803
3.158053352
3.458522985
3.982737587
4.660148914
3.488080148
3.756131542
4.114619653
3.232413066
3.870292192
3.38805007
3.502826857
4.190509745
4.151513058
3.294202277
3.495762817
4.082857742
3.832035298
4.411033496
3.585337937
4.575435462
4.515775888
3.017059638
3.555340322
3.936231541
3.166375557
3.451498916
3.763025197
4.565967058
3.793366085
3.233525202
4.028343878
4.110303862
3.721959258
3.785214408
3.421487279
3.415585154
4.563705406
3.70862554649
4.183768135
4.014620448
3.450880742
4.124461463
3.853903834
3.521839115
4.194676339
4.08097493553
3.7741539871
4.5799684276
3.280480582
3.951975838
3.651740814
4.568551754
4.121300462
3.688195063
4.035548417
3.517074262
3.463907348
3.8844135687
4.033117264
4.12036756
3.982017085
3.995084805
4.3680319586
3.361194699
4.278732493
3.933252939
3.9448280368
4.291821499
4.19607677
3.8090205564
3.4259422834
4.33755012937
3.6283963087
4.352399964
4.330045214
3.597043645
3.648466075
4.4964691
3.998730135
3.549029599
3.773588661
2.993896408
3.700372473
3.487629085
4.977993572
3.802104129
4.017739705
3.944970503
3.981751377
3.872944505
3.921600759
4.047010749
3.415685524
4.388083628
4.093751793
3.589418393
3.995742676
3.944553993
3.802927271
4.526230155
4.471011516
4.0078686291
4.113115325
3.504309649
3.341342392
3.902439535
3.285245085
4.147712765
3.796279192
4.542492368
4.30153814
3.915252076
4.33417477
3.1926591611
3.721214625
4.496704154
4.218483578
3.6955063171
3.584801175
3.909733291
3.969275574
3.935167897
3.898859624
3.963295723
4.181964535
4.2857719
4.586011437
3.856278783
3.348831004
3.7628105704
3.787221605
4.737327342
3.195145725
3.63125288
3.78317294
3.8269789895
4.493669423
4.45279443
3.238267685
4.13483544
3.36900766215
4.008183495
3.8194908187
3.3865842988
3.751584266
3.47615958
3.713483904
3.5540457
4.327353485
3.500969992
3.455344589
4.038471257
3.863500455
3.6067785527
3.220482655
3.3894840459
4.4022213394
3.629564565
3.899131175
4.28594580093
3.205461589
2.99272568
2.775397033
3.054413987
2.552971255
3.2581863251
3.192862534
2.883014199
3.10643756
3.339050375
2.749622876
3.612467028
3.024176711
2.953437979
3.16108864
2.6513479524
3.257094771
3.10996381
3.716018617
2.8759264566
2.639689647
3.037178472
3.16376198
3.839299428
3.062043231
3.639454601
2.988912953
3.148007751
3.967329273
3.157168921
3.539047458
2.6961431732
2.824728344
3.121680103
2.446079417
3.14554557
3.412025568571
2.836921623
3.396517795
3.0420628
3.390120646
3.368138557
3.108436584
2.816234463
2.732373251
2.5700125558
3.490786123
2.757120705
3.39645241
3.068925214
3.857365479
2.8021487288
2.820605954
3.294915318
2.565563122
3.22269438203
3.1083114267
3.174515227
4.017267418
4.10565374
3.5946875956
3.170303679
3.3787986444
3.54361431111
3.228424856
3.18148822
3.806593273
3.138513815
3.28901871741
4.059496843
2.920087136
3.2878943207
2.696320915
3.3539266936
3.07668598754
3.68687084
3.769094117
3.134122982
3.091531124
3.13594087
3.374002334
3.877614438
2.95261346
3.28959576
2.8672369449
3.326463724
2.926504837
2.9492896451
3.5841838
3.424299004
3.191991872
3.65653672
3.3896222928
3.128257127
3.5173973148
3.24312414
2.803695833
3.230294035
3.45926724
3.8196783051
4.006449132
3.11911229933
3.2708843415
3.115408407
3.672534395
3.816877842
2.841123059
3.364237775
3.726816904
3.485869659
2.881326529
3.291363393
3.386150213
3.317121527
3.230376917
3.320423397
3.348765547
3.218142103
3.417607849
3.003396633
3.757665485
3.445419527
2.975262396
3.9935203008
3.354756867
3.3247194287
3.647281045
3.385577267
2.3557268869
3.5846171657
3.704181526
3.565949847
3.441765423
3.059247714
2.879286682
3.655202307
2.737399522
3.659825849
3.202439873
2.845623215
2.858074345
3.565296947
3.534681016
3.488534261
3.802288387
3.2660383
3.844076167
3.0884211669
3.160839913
3.106603273
3.0341539868
3.51644643
3.755964543
4.027342288
3.575445774
3.233525231
3.467873033
3.905059491
3.661736907
3.4539931084
3.002537365
3.152091824
4.20278406
3.50771728
3.139185623
3.602441466
3.868430553
3.585510155
3.53493602
3.579884255
2.944150017
3.0535638171
3.744572458
3.829429308
2.987904412
4.073329677
3.461089769
3.318957696
3.654238604
3.876520793
3.706940813
3.1588602
3.105671716
3.4469674122
2.961659513
3.331591691
3.4200698283
3.0623623
4.175171087
3.889534016
3.098164657
3.9119635324
3.540561051
3.70256515
3.985262023
3.672110462
3.583329469
3.555827979
3.840068577
3.45559276
2.583464243
3.1209373187
2.673267589
3.426345223
3.5790658974
3.238913704
3.092253896
2.5781251438
2.970079855
3.167913582
3.7978197602
3.251685801
3.058121244
2.9182116392
3.336923764
3.194907986
2.53678859
3.1942387721
3.237717339
3.461514465
3.446803335
3.219423889
3.626017771
3.0265365991
2.84721632
3.4974830469
3.783334827
2.822814261
3.3857026476
2.746777996
2.909204057
2.964202496
4.034822032
3.654951603
3.077290849
2.943094854
3.206585554
2.853788172
3.232341813
3.286492569
3.30066657
3.1151061587
3.163550554
3.182571473
2.7588280287
3.89114645
3.071384765
3.296794991
3.214984549
2.937620454
3.190955325
3.163855434
2.849599031
3.66322865
3.2944185466
3.529674341
3.331106526
3.114840014
3.436713666
3.290538223
3.50747137
3.754285465
2.787520809
3.613451055
3.12242852
2.7117397704
2.86898021
2.737621527
3.1554288158
3.20759296
2.94799683
2.99944537
3.45157422
2.832977161
2.78299061
3.276858304
3.318558319
3.71528145
3.218325586
3.320089319
3.372743499
3.292389551
3.507603465
3.034767708
2.58077305467
3.375840705
3.293164898
3.914477917
3.8088626522
2.8346316
2.919941286
3.099185972
3.355851932
2.910123729
2.845310729
3.323358928
3.236490042
3.352415459
3.21463327198
2.836652293
3.1495317932
2.8933133379
3.344794897
3.348008586
3.622309255
3.503406607
2.994892896
3.366576019
3.596137466
3.638331066
3.480333045
3.014646106
3.068138576
3.675202011
3.449535331
3.3569575405
3.342312459
3.354006806
3.329875523
3.405938296
3.228125176
2.699459904
3.740823226
3.120821046
3.104442794
2.746200226
3.238656606
3.1510337145
3.771956244
3.493105117
3.209589886
2.9421793896
3.026074486
3.112829873
3.1866600749
3.795353798
3.037776136
3.405931989
3.725636216
3.185417102
3.41669232
2.99841077
2.532865689
3.022633429
3.703713376
3.764136631
3.317118856
3.261988157
3.413375936
3.160252157
3.184363701
3.4765263392
3.242254216
3.106969723
3.265953066
3.022553798
3.755239485
2.819162586
3.217465704
3.23488128
3.152862626
3.547456355
3.658935821
3.401409536
3.254459943
3.110361422
2.999104196
3.76370676
3.7344271418
3.689250516
3.295121061
3.231395176
2.727445376
3.353040226
3.566971536
3.60719564502
2.9526955637
3.172975269
3.334743826
3.576200013
3.796366665
3.228491023
3.269372629
2.866578881
3.328227116
3.0885762
3.452657766
2.585350841
2.855467355
2.820727363
3.795503747
2.869587211
3.555674466
3.271811416
2.92704545
3.263639886
3.434156363
3.043122074
2.594773226
2.8302225597
3.70342106
3.629754072
3.2894099013
3.164175315
3.518585238
3.736277839
2.980773804
3.66542673
2.997247043
2.72667245
2.83598737
3.432247497
3.916368472
3.219619744
4.00302786
2.86805592
3.246355023
4.032255871
3.66780109
3.5205891
2.7176186467
3.082328366
3.217801527
3.43934616
3.800568073
3.198315044
4.119874459
3.25117244
3.10423629
2.956940364
3.6689190517
3.293843359
2.723498171
2.921989747
3.494043764
3.4354603268
2.89369799
3.626976127
3.2077195384
3.363341901
3.377539874
3.14322153
3.45657872
3.374905558
3.378946066
3.432968775
3.447599761
3.320508913
3.159512674
3.387243244
3.555614486
3.270147961
3.010829814
2.900561226
4.35495155
3.152336673
2.9198514367
3.632729158
4.136452099
2.6479282583
3.951002288
4.010544868
3.36355754
3.308226041
3.243146483
3.70149243
3.13099334722
3.10972759
3.36115242
3.594971652
3.61562764
3.482766739
3.46526771
3.11945744
2.913860107
3.376922785
3.469601765
2.76842748
2.84111608
3.428657
3.128075937
2.98582504
3.12851417
3.7364491242
3.390875159
4.105935257
3.441246999
3.098873047
3.031504197
2.953456547
2.96856638
3.0431296517
3.128946136
3.254773585
2.6627202062
2.61275205
3.083032412
2.840364269
4.3232245592
3.62578726
3.34284457805
3.82309265795
3.99615133705
3.72495415865
3.26082638795
3.18170954305
3.94250058205
4.08218595505
3.82285818005
3.29944266905
3.38527960105
3.25947068805
3.62477646905
3.66107053795
3.53124889235
3.70323220595
4.15184240495
3.30628226205
3.61075986205
3.14489312595
3.62931431795
3.56307196005
3.30116645975
3.20171340995
3.10806701395
3.38208447895
3.52769897205
3.94506316605
4.14685192505
3.30766304105
3.34279213705
3.95403976605
3.66373961805
3.65769433765
3.68608367005
3.27697368595
3.82757520705
3.64781444245
3.24278052795
3.95592692255
3.18869811595
4.33618826905
3.48785178855
3.64969062438
3.74087812025
3.21311088705
3.60011043785
3.49463000005
2.95189770795
2.91306314795
3.77803350295
3.66898340795
3.46570599605
3.28055195005
3.98655278805
3.28275164505
3.40216018055
2.99599647205
3.93959467595
3.49165409805
3.64949246205
4.15679034405
3.20975369005
3.30434527105
3.29903773205
3.61945179605
3.97148380365
2.56295328305
3.46326035695
3.31003944705
3.97113987695
3.69743882195
3.73784093205
3.00169593505
3.45698488605
3.49937299625
3.16559043595
3.67160684305
3.67461098585
3.23090001905
2.82571417665
3.45100350805
3.40219792895
3.59151892605
3.20868764005
3.18359910795
3.61561904395
3.07244399895
3.24849818795
2.72459868155
3.54737902105
3.15557292795
3.56884947905
3.77019820605
3.64966967305
3.51411032995
3.12106315705
3.44370797905
2.89638358195
3.33241243105
3.8853203089
3.378373216
2.938050085
3.220321432
3.0472149832
3.36435833
3.7512983207
3.152278023
3.656624247
3.056545998
2.962668711
3.810825853
2.835243568
3.368024379
4.128806706
3.05183172
4.5657941305
2.94895752
3.6632511959
2.931507
2.768148755
3.515851435
4.038583693
3.385679476
3.679171725
3.544260597
3.663956689
3.102175816
3.57810858
3.66479268
3.20803269
3.385931055
3.6816199205
3.2726049197
2.899051038
3.187348505
3.681880269
4.1000909313
3.089188266
3.438338564
3.36485209
3.211497811
4.102672037
3.826584503
3.445860696
3.5573809557
3.85607931
3.62281024
3.444523565
3.0205428868
3.402026298
3.251078743
3.69030955
4.005327417
3.3676847588
3.4101478824
3.2039665
4.023099603
3.194787044
3.5158956824
3.143471168
3.547719914
3.4034453164
2.85776413
3.162389014
3.373719081
3.552580143
3.50170715
3.508921604
3.289017969
3.542656568
3.422702869
3.337398156
3.609221874
3.679601537
3.57116760983
2.871488214
3.316464429
3.37845556
3.050034326
3.1302593719
3.578857461
3.28658705
2.979463408
3.210384674
3.600176023
2.8232203278
3.706744581
3.1856586379
3.2572427841
3.3924671646
2.909494788
3.873246996
3.71653316
3.28111232
3.710592678
3.3201228513
3.38940519551
3.7420683261
2.972353611
4.185786685
3.812601105
3.593853146
3.665863704
4.500775463
4.072729686
4.194683167
3.652464167
3.803838158
4.0058027975
3.377580657
4.03899573
4.167182685
3.456651515
3.605225545
3.351991589
4.167250182
3.976070075
3.667053168
3.950219307
4.045655407
4.1088265334
3.912959377
3.873477431
4.338774068
4.069994419
3.5894840779
3.2917734419
4.301935981
3.815936095
3.960577883
3.979581065
3.648558053
3.703411898
4.510523641
4.396413553
3.9801798457
3.632683886
3.836094975
3.677234385
3.598009915
3.702309487
4.4042359666
4.033480693
3.418618955
3.95517911
4.114125053
3.891511687
3.462845357
3.779942745
3.609425207
3.264593435
4.709392628
3.18434998
4.0648382587
3.746286413
3.7188630264
4.072781418
3.585761052
3.426474461
3.706354733
3.560336981
3.574490537
4.5275395958
4.362064006
4.405455612
3.747974829
4.20513777
4.1412745725
4.183158861
3.997874655
3.237229839
3.978133551
3.4724407299
3.70089883
4.412142836
4.082210081
3.9945111377
4.2010988473
3.879084629
4.193577955
3.575473558
4.041301982
3.602775842
3.7209017932
3.370424167
3.698206283
4.129017872
4.164999194
3.041277476
3.603777352
3.59031596
3.391163576
4.257117642
3.7288669222
4.3235288105
4.099300301
3.757102773
4.041499173
3.958182189
3.87307309
3.297198267
3.254551966
3.191614084
3.059496196
2.775979066
3.195192856
3.280950037
3.064488344
2.830820803
2.9638337652
3.580966304
2.898811877
3.13818186
3.558341016
2.970556053
3.690951466
2.763333528
3.332303553
3.607923494
3.713408257
3.2912712248
2.593682708
3.2953291487
2.986485434
2.875641524
3.216845306
3.303874384
3.483948434
3.264947329
3.390749525
2.79154671
2.597527726
3.6114935439
2.902706876
3.121083634
2.624887489
3.22783556
3.458635055
3.164649427
3.106765666
3.29718866414
2.987756806
3.271371662
2.6652643509
2.720801681
3.141145216
3.186254764
3.376854156
2.762191314
2.956034246
3.073365439
4.036899889
3.085417934
3.253510492
3.467933478
2.886601536
3.395233515
3.487222873
3.187321414
2.775944814
3.27420513042
3.041092868
3.000649664
2.725627566
2.960373505
2.518119144
2.746122363
2.411306148
2.908368613
3.289235505
2.7241751312
3.46904545
2.668416934
3.65192469
2.489672806
3.776427666
3.698666664
3.328599934
3.027609424
3.2347855172
3.43100912475
3.316151436
2.486167246
2.656135847
3.081371894
2.750744953
3.283405016
3.352440961
2.977179616
3.352881656
3.139024881
3.165162404
2.804004114
3.835182813
2.718847859
2.735958712
3.0951163021
3.520695424
3.033293803
3.755743863
3.026973193
4.345837823
3.314909283
3.598036853
3.195283003
3.479764773
3.683411283
3.6391020398
3.395751423
3.281744953
3.474920581
3.860507028
3.390234953
3.199473033
3.591434893
3.326802763
3.226129444
4.725980043
3.841687123
3.763614098
3.716323153
3.337495484
3.947814556
3.7079943209
3.876191643
4.072034463
3.288842958
3.479521513
3.731980248
3.644553901
3.6597606148
3.477639623
3.646875883
4.156213473
3.684674313
3.745724143
3.606348273
3.578106623
3.414845543
3.225926061
4.141430433
3.415419886
3.731933853
4.041164093
3.034389533
3.730140183
4.88811525999999
4.071911771
3.323855243
3.112434523
3.597175983
3.699302313
3.617292793
3.339390073
4.031126773
3.365989343
3.906485295
3.3175928
4.113215563
3.414037043
3.920021983
3.800978193
3.947789363
3.759113355
3.596328333
4.071347819
2.879567703
3.188480853
3.3469256559
3.729340543
3.346139033
3.297664635
3.901400743
3.439211553
2.562951304
4.007813723
3.090194903
3.457044761
3.66105326
3.706384083
3.569656393
4.215701813
3.221165533
3.398802148
4.012146923
2.974471503
3.581528046
3.146937593
3.614366923
3.434510719
4.186923258
3.687954613
3.566567853
3.850680371511
3.627912199
3.497638513
3.089692508
3.471892883
3.618369183
3.7052546231
3.474062103
3.112195594
3.318922183
3.354568297
3.475515773
3.567990096
3.684533886
3.9576989945
3.409856217
3.827789945
3.333246983
3.158335596
3.3245455581
3.309953168
3.348569743
3.222094788
3.285438767
3.712820323
3.356957929
3.16822983304
3.733486643
3.016750773
2.957633295
3.437483273
3.1996815951
3.3418795106
3.588590043
3.702099654
3.245442568
3.684443393
3.609262824
3.703873693
2.82217047
3.260711284
2.700136175
3.562631299
4.08153879
3.285353113
3.457316555
2.7413787705
3.870797122
3.745199907
3.331581563
3.2490818386
3.846606451
3.355968412
3.483221783
2.831979013
3.3716753518
2.709292359
3.833003903
3.295891121
3.401962001
3.386573061
3.723533397
3.448117428
3.5005620536
3.182571817
4.033628331
3.205687003
3.364831513
3.6825687654
3.479420287
3.158128978
3.522842434
3.715947675
3.093095678
3.795808881
3.615730593
3.548045971
2.895902213
3.721679817
2.578797993
3.949885913
3.613873763
3.153106188
3.596029933
2.829706941
3.899813103
2.760338488
3.064508791
2.805284903
3.269387427
3.777096507
3.367651473
4.412800348
3.020026586
3.224564971
3.619826891
2.787869499
3.419140816
3.6353381698
3.463231608
3.106674533
3.735421173
3.34707173
3.368931397
3.082430657
3.246500742
4.006075269
3.398796857
3.3738016175
3.1533622049
3.653167119
3.080550015
3.735678987
3.129706359
3.298015846
3.12964751
3.069639919
3.496703612
3.1282575911
3.395691354
3.477576456
3.288664919
2.997711024
3.1563542778
3.762824829
3.306619657
3.256674061
3.678027821
3.36374461
3.334337491
3.480225751
3.346477897
2.412457449
3.434516349
2.859089936
3.115101065
2.674973465
3.308494445
3.622492079
3.3906219881
3.550973195915
3.082119617
2.830246452
3.715655384
2.949671365
2.792688549
4.071368894
2.451402109
3.454943361
3.552323541
3.264379282
3.739062809
3.001640249
3.417118329
3.228212516
2.483817602
3.983792087
2.954318519
3.216196039
3.116599049
2.956521578
2.863293752
3.082498673
4.035429526
3.859797496
3.854120724
3.4944858899
3.536838232
3.01096009
2.557539821
3.382287301
2.516575519
3.245050511
3.707811684
3.153032729
2.523436749
2.970172578
3.062832318
3.480674059
2.759462637
3.904202227
3.385567073
3.142867642
3.048604751
2.903034562
3.106225752
3.736492873
2.780228189
2.960037839
2.698690649
3.025188854
3.070953637
3.723039322
2.756983369
3.039068199
2.985896459
3.004232929
3.205881006
3.391578352
2.526931341
3.140306039
3.044185385
3.187213827
3.530636457
2.571332021
3.366295373
3.344651792
3.9327978205
2.947785435
3.480946422
4.011312154
3.887372399
3.835238965
3.968860728
3.265755785
4.080919215
4.600782311
3.8554677445
4.307718783
3.655167572
4.6625154
4.162737583
4.248715157
4.336345962
4.435736545
3.4688379435
3.06582205
3.840153746
3.749490264
3.465622399
3.373381255
3.5482554927
3.943091109
3.819854277
3.776533983
3.842435272
3.868013924
3.665727613
3.889384435
3.849693355
4.00184379
3.33486107
4.41887644
4.6119135625
3.770157141
3.234519472
3.7262111485
3.39637729
4.186142315
4.37754073
3.292205745
3.172466062
3.879506055
4.445873255
3.497414163
3.563410755
3.319179195
3.8819244705
3.648319931
3.7644769853
3.709044634
3.76068953
3.87473547
3.7500247258
4.2387147503
4.28028814
4.065683025
3.459467064
3.686831688
3.7958914101
3.406412443
4.020734723
3.304368215
4.376424292
3.850044915
4.454975293
4.201090184
3.902613128
4.0277905975
4.059111055
4.1346323
4.3815350785
4.232355208
4.28826435
3.952920654
3.945155675
3.521322778
3.3310272706
4.474977877
3.543430933
4.162316785
3.179365492
3.877206652
3.590197395
3.643889777
3.811080185
4.175117755
4.6348431367
3.6212222855
3.511801201
4.245552525
3.637458402
3.667076947
4.426183575
4.219172911
3.802190535
3.135943962
3.58214128
3.657153863
3.7260216
3.2078943
3.11098641
3.18902712
3.433939386
3.16221568
2.395483594
3.066543198
3.30552885
3.25646568
3.44027566
3.0960182
3.78542756
4.357373626
3.16224292
3.05581133
3.533642435
3.25117257
3.5600285
3.039693242
3.46694796
3.7388499
3.898873425
3.486837333
4.19779657
3.86520985
3.76021415
3.49584035
3.661517207
3.46757493
3.20082459
3.262975316
2.92665891
3.34988125
3.37385425
3.38338746
3.3873742
3.42279532
3.7020224
3.0068776
3.90465919
3.38007452
2.72228205
2.931643695
2.89504312
3.67363442
3.81413121
3.9605261
3.292266815
3.350968928
3.67483102
3.343427488
3.18346751
3.698012359
3.807226232
3.95633058
2.75123217
3.532470755
4.399072994
3.4482674
3.46433265
3.45692187
3.5815638
3.48481532
2.99711445
3.3901793363
3.46919725
3.0466166887
3.55777299
2.96968225
3.459571594
3.01825648
2.62935594
3.82641747
3.03952585
3.557952206
3.37234691
3.48676839
3.73915021
3.080235188
3.47027122
2.7404267
3.00269454
3.089238257
3.436680311
3.50274174
3.62382962
2.76892957
2.90126222
3.43292904
3.32850904
2.69837901
3.3407873
3.4982985
3.52477528
3.06661661
3.56452849
3.8278829904
2.927278576
2.560961246
2.798296252
4.139486966
3.863135716
3.695568093
3.3584379474
3.310931587
2.632372569
3.248453426
2.799585756
3.208601156
3.811330406
3.571494106
2.770230071
3.676173353
3.203042275
2.802468016
3.331106752
2.824986103
3.345646766
3.3459529
3.446378286
3.551609883
2.819671281
3.212268204
2.925441774
3.385772962
2.896442226
3.527467496
3.461907696
3.39881982
3.668042614
3.550862417
3.34197969
3.435676096
3.66731455
2.7984712
3.789109826
2.759483824
3.247254475
3.182975156
3.417986416
3.165058068
3.48466346
3.8232054203
3.9684607223
3.172630856
3.173639397
3.175812866
3.67546499
3.1516115071
3.61408287
3.121920799
3.102604952
2.817241352
3.264544251
4.00829894
4.0762233732
2.9638363669
3.569375126
3.884387739
3.60076978
3.155430261
3.746740496
3.255103084
2.976465138
2.962098863
3.193325375
3.381089556
3.45216553
2.96770413
3.2315233835
2.934195796
2.953755916
3.347182236
3.0163814
3.134857596
3.504622238
3.27102572
3.052780036
3.404705184
3.784802401
3.421590831
3.650420606
3.34418612
2.75732322
2.997318246
2.934230028
3.097382556
3.011680968
3.2011071357
3.047227006
3.5333193275
3.342404601
3.221144908
3.115267264
3.386678351
3.677491626
3.170839255
3.160489087
4.004516365
3.8164229
3.450236737
4.234791179
3.780362858
4.078190323
3.904325429
3.763218855
3.910719665
3.275800171
3.887916637
3.699072502
3.503186536
3.836059595
3.821172815
3.952082145
3.663698246
3.232134065
3.422946441
3.871298185
3.5860530336
4.463876623
4.047156628
3.647185386
4.630689865
3.740633045
4.206414795
3.504887995
3.752693685
3.310694553
4.261363953
3.6563527302
4.302403785
3.7957650201
3.991716138
3.705977975
3.606658685
3.605054445
4.269622755
3.037852977
3.410431915
3.712282515
3.672062802
3.948471293
4.176212062
4.041894195
3.6639610791
3.783035555
3.214363305
4.335909845
3.714702565
3.657485755
3.643602755
3.885402645
4.354114297
3.800331683
3.041692275
3.9604830959
3.669963849
3.589448915
3.474316529
3.652123145
4.50589026
3.970313195
4.049782905
4.136490455
4.05804001074
3.136155815
4.12748266
3.530457265
3.517340325
3.853837175
2.884578798
3.796864959
3.842978618
4.657244475
4.419663747
4.065479042
2.80307097
4.226895034
3.67294619
3.902677271
3.541573267
3.380433296
3.594092305
4.275562245
3.768834692
4.098184515
4.198557395
3.249066562
3.2811317075
4.134036645
3.870881015
4.296365831
3.656037676
3.971708175
4.003785455
3.850811671
2.79361738
3.710349888
3.542654318
3.72463156862
3.23706409
2.90374439
3.0642702
3.4170858905
3.37606534
2.719049972
4.18357051
3.3202726
3.89899265
3.46555088
2.850498942
3.5550881
3.543346494
2.92727607
3.24248383
3.409942513
3.56444756
3.023964166
2.957195933
3.49305004
3.23059117
3.1361236595
3.791218872
3.19422111
3.119207468
3.48619615
3.815571106
3.395902311
3.200784867
3.240332131
3.193345517
2.452427164
3.19815307
3.6050456899
3.402307453
4.044028707
3.799169337
3.47787505
3.213428404
3.138140885
3.652694184
3.499930711
3.33603638
3.665677695
3.279361019
2.778575591
3.856388098
3.588485431
3.436990264
3.08609932
3.5980989448
3.2371410336
3.73728251
3.449665029
3.096393314
3.411342299
3.061460239
3.05293019
3.13359716999999
3.72138114
3.08065928
3.369772275
3.34677197
3.28986884
4.00352827
3.58290994
2.8476152741
3.64056381
2.74190601
3.458176607
3.50409137
3.56879362
3.220155244
3.7132835317
3.52271769
3.34978217
2.8189549
3.30877165
3.517218736
3.33225814
3.070724935
3.226791158
3.299854667
3.542402421
3.349596766
3.335255585
3.02221446
3.492885846
3.080157081
3.43450615495
3.121294735
2.8747334
3.92388182
4.041098136
2.66563759
3.926318197
4.10149106
3.674696711
4.3671726388
3.879277971
3.374127946
4.10677135
4.036577918
4.28430866
4.356820625
3.4108680041
4.19665609
3.751331815
3.63418215
3.753132951
4.06910963
3.80685339
3.883558923
3.56752651
3.655483267
3.69491929
3.27838248
3.682704278
3.6739894734
3.686698086
3.73736128
3.71575001
3.77811637
3.819536826
4.5972328
4.5254563654
4.47606703
3.754606882
4.1793869
3.74625707
3.9231829866
3.59688878
3.58476649
3.3507596966
3.800184126
3.3792867446
3.32409827
3.6938991408
3.371932568
2.948499251
4.161460626
4.1609352165
3.72305291
3.21336923
3.21089386
3.56068842
3.962673944
3.605313741
3.2138605151
4.03246122
3.726900384
4.11374864
4.196536935
3.54005162
4.113506821
3.6385193125
3.651740139
4.394019919
3.644258811
4.23881814
2.994321055
4.126169078
4.04488922
3.446561965
4.3050331
3.449988875
4.148323543
3.70304123
4.197564534
3.5206268454
3.595754265
3.97906616
3.4885287
4.1732367641
3.235290059
4.11300626
3.997166531
3.515275209
3.728459222
3.167568482
3.696893503
3.414421936
3.58808378
4.002425516
3.35714073
3.6725866825
3.243130271
3.771980793
3.899787141
3.691905112
3.8805545571
4.11551683
3.282049017
3.81895635
3.741061506
3.621083144
3.32613377
3.805919794
3.29559652
3.178246972
3.30038502
3.201622424
2.8845423767
3.2070540134
3.3326698139
3.341018081
3.04261724
3.020917451
3.06236149
3.387291077
3.46238347
3.834139133
2.7518075
2.99866679
2.92586502
3.330968952
3.214857988
3.157581608
3.27645768373
3.1360380168
3.314098547
3.421739401
3.0798979155
2.84773228
3.81949056035
3.44567275
3.109341947
2.663445606
3.431922734
2.796171204
3.016534923
3.343829
3.240953628
3.6201967825
2.936268134
3.88787986
3.317469772
3.27814864
3.27175443
3.379441121
3.520705485
2.687382134
3.27304618
3.47978384
2.73567037
3.410174809
2.743207519
3.22380795
2.567553691
3.3975527525
3.014542651
2.722741264
3.67075016
2.85661951
3.541029249
3.124952459
3.064652961
3.04211891
3.05633368
2.740498654
2.82240209
3.00341724
2.604602399
3.278390083
3.25004266
3.273423295
3.551462305
3.224815235
3.22025942
3.358521192
3.482322025
3.222861992
3.480317303
3.573613065
2.990706713
3.1988093
3.631060212
3.14683087
3.58862688
2.80166271
3.24727828
3.026955553
2.849076475
3.427396979
3.197322931
2.8220233672
3.23154053
3.7299586
3.263013387
3.27805469
2.936932005
3.14826272
3.76102938
3.697096893
3.135447426
2.906482115
3.702883743
3.90605957
3.78158938
3.30227586
3.509054345
3.139783616
3.29081235
2.708135763
3.478372965
3.4696288
3.718115386
3.607211399
3.6471551919
3.1402214671
3.98032468
3.21526743
3.007110835
3.280480712
3.348939115
3.03060945
3.33121115
3.73787983
3.597127933
3.226768916
3.323972508
3.802990996
2.79925253
2.796061518
3.923601672
4.1691727505
3.750757729
3.70772163
3.916678028
3.400048906
3.58921261
3.166625599
3.75913181
3.64323374
2.703533006
3.881202109
3.106169514
3.195391444
2.97972643
3.651766041
3.716209946
3.528069026
3.8785083265
3.840752519
4.31348732
3.188305069
3.803743325
3.453332388
2.638983528
3.175571524
3.732305255
3.40115597
4.14791937
3.104918428
3.654872179
4.09812866
3.712993705
3.563233749
3.733853435
3.309837545
3.9646260566
3.403883314
3.72679997
3.254089405
3.68626014
3.215602229
3.361899361
2.910318877
4.24928332
3.446425385
4.0563041249
3.73403709
3.35896113
3.95114516
3.512658186
3.430442227
4.077172395
3.03668956
3.8587157047
3.32973288
3.346725976
3.65774819
3.763143517
3.428301456
3.65895333
3.32098587
3.250004793
3.81132694
3.404879314
3.858575441
2.92474631
3.974428618
3.26475634
3.675468683
3.44598634
3.409830803
3.173346991
3.2740678638
3.636871561
3.671943881
3.785402041
3.830716621
3.745813491
3.262773301
3.753797466
3.783048851
3.138679923
3.708911911
3.810388394
3.755868644
3.537386705
3.572460571
3.63562689
3.693924827
3.473459016
3.851427771
4.401675987
3.482447191
3.8519845691
3.796598371
3.880299308
3.909184721
3.962900867
4.352550641
4.06656807
3.432276142
4.015828764
3.481075571
3.722827351
3.585065141
3.447607551
4.461428641
3.472418761
4.027051241
3.619851057
4.227761096
3.458147211
3.537138436
3.257227323
3.9410178962
4.031133671
3.972174491
3.553567013
4.446699701
3.761376151
3.441471091
3.725538263
3.482554461
4.160710204
3.619020216
3.789704484
3.918760841
3.74198017
3.185086001
3.993828481
4.419226227
3.293374961
3.847561407
3.771645702
3.732206761
3.378902247
3.883727536
4.205038551
3.152716876
3.807166931
4.4377476844
3.273842081
2.941762931
3.786838411
2.869319071
4.063735226
3.615648146
3.599676331
3.441942016
3.392154711
4.087693561
3.314408929
3.90829706
3.775015462
3.2921514051
3.5766285424
4.494382661
3.670709451
2.988168861
3.605546661
3.954370745
3.27473671
3.893676031
3.335891015
3.917357891
3.645914685
3.36147975
4.060640811
3.5892734193
3.810173476
4.109455431
3.6778577929
3.7272048104
3.7197792094
3.8703913134
3.4992583444
2.9522809484
3.1934294464
3.5175462794
3.4949358004
3.233595352
3.4081741346
3.1398470824
2.9780785354
3.2187648829
3.0739561485
3.6499246834
2.9290967528
3.2782560864
3.5526175771
3.5000508062
3.0753213795
3.2276887394
3.9131126464
3.1576560487
2.7051586544
3.3495512244
2.6294266149
3.2459026164
3.2652242444
2.9113410064
3.0042239634
3.3224641484
3.6214051334
2.6747394764
3.0830498484
2.7922031474
3.3929571254
3.2599342484
3.8385192174
3.2249473065
3.2758005744
3.1591807034
3.3409437724
3.3300627544
3.24865198339999
2.7914970174
3.2394928234
3.1607946594
2.6896751996
3.8044826164
3.2697865134
3.4130124154
2.8780798554
2.9070241845
3.0751224247
3.7743575554
2.9259925904
3.4565508774
3.6407043155
3.4051417564
2.8334251854
3.1632027344
3.8244123754
3.1371868964
3.3430540154
3.3572214134
2.6170215264
2.9814498006
3.5263673246
3.5647320394
2.9471858134
2.7877880009
2.8736834524
2.4755810865
3.2226455934
3.0753898476
3.0316117544
3.1293485914
2.9964067554
3.0092732728
3.2687751099
3.2413551404
3.4264642364
3.2312135114
2.9029126274
3.3418224385
2.7308637764
3.2063637114
3.3093633204
3.0730576557
2.6469596244
3.6151688464
3.2523356154
2.9539527134
3.1031989614
2.9733253834
3.4530726934
3.0857337864
3.5488251234
2.7038944135
3.440290435
3.607038913
2.928398926
3.226652796
3.423738472
2.877857067
3.19517739554
3.33785043
3.584025842
3.2331307583
3.642881134
4.038188183
3.6577045757
3.525402035
3.605115958
3.574714065
3.343192029
3.2949254967
3.068151175
4.3221843269
3.324210885
3.370875272
3.234554079
3.689875318
2.939015855
3.416574788
3.5225135846
3.177299044
3.543521865
4.431713676
4.402672782
2.919050267
3.260215711
3.559424917
2.8935364963
4.097165461
3.951348778
3.853761485
3.004492102
3.606101186
3.099665379
3.919500547
3.7456400787
3.290876603
3.6103291022
4.008054611
3.98557738
3.970239295
3.458169769
3.65365327
3.370652285
3.434332396
2.993315623
3.702564132
3.486715479
3.483233854
3.337988016
3.751918279
3.314294431
3.190325322
3.304397405
3.753447808
3.750664821
3.649618055
3.530510569
2.758531486
3.683211127
3.615575859
3.346155855
3.605183858
3.102550694
3.3534094288
3.664619049
3.196222164
3.677516635
3.474938229
3.5748422171
3.907665843
3.466156775
3.219584373
3.179148185
3.5350411126
3.697197126
3.373587306
3.735564738
3.670214375
4.018498968
3.860533242
3.110999823
3.63931981
3.739719584
3.503492385
3.541769125
3.479620614
3.516668285
3.898400293
3.113110345
3.542576068
3.074064088
3.758540223
3.444673538
2.8979466597
3.912024735
3.651458574
3.5484227255
4.148500512
3.778042797
3.856994452
4.870125975
3.325692332
4.377810769
3.633669808
3.64900085
3.778502872
3.265872582
4.23601965
3.566169379
3.780438383
3.0768603491
3.105722222
3.513827548
3.47408918
2.967571304
3.665129069
2.8893825784
4.069574902
4.351447361
3.632692937
3.79670841
3.338395001
4.147040033
3.4336307
3.89616059
3.361923791
3.843967719
3.423247742
3.659992529
3.608240104
3.894555667
3.853385082
3.563499415
3.728831966
3.392995745
3.443237043
4.03248408
3.847298518
4.157808076
3.017753697
4.034877932
3.6863844634
3.373897074
3.448440258
3.78485232
3.552794622
4.230090622
3.4842287562
3.770716011
3.92754571
3.73957273
4.552098691
3.880414325
3.839032222
3.5220403102
4.088209501
3.7878927
3.554403173
3.095946937
3.625596675
3.8638895785
3.586202574
3.726220085
3.513007802
3.727885471
4.235224942
3.843476022
3.5305700957
3.251376003
4.1350722002
3.700436879
4.2136509368
3.3202114434
3.407220108
3.519848274
4.192543305
3.567751527
3.839333732
3.162082877
3.26847136
3.258346796
3.369811491
3.87507206
3.88704545
3.137966399
4.361464
3.297884832
3.997576025
3.561999977
3.868987812
3.193318687
3.265357562
3.208772052
4.171944123
4.5515531202
3.649262186
3.673521164
3.823478448
3.651043344
3.501160944
2.7164738902
3.9514766514
4.081969473
3.28673992
3.718433846
3.957316345
3.770563299
3.3882629046
4.31908708
3.628761198
3.821224747
4.123716493
3.669039582
3.29857523933
3.773825934
4.062044265
3.160334081
3.775675338
3.642107225
3.784684465
3.130261685
4.101993904
4.14909274141
3.335168605
3.9803454963
4.1392698
3.200929849
3.573136244
3.542388365
3.689733803
4.197871792
4.029363346
4.327860538
4.189238775
3.7321839662
4.385614996
3.812725245
4.5313715734
3.66412484
3.857148099
3.847770936
3.920459503
4.215951705
4.0846381276
4.030131476
3.896644223
3.4859552563
3.596985657
3.489221175
3.425207248
3.193426425
3.873049857
3.612308915
3.807566746
3.771171746
3.131802142
3.577630735
4.263714323
3.588817835
3.942655025
3.806035418
3.176942714
3.919147584
3.69893708
3.632007358
3.490695547
3.768936699
3.99549196
3.380194
3.83866059
3.663100323
4.177632035
3.426494727
3.843965451
3.665510575
3.871807877
3.92462209999999
4.067014972
2.988441805
3.259959189
4.079714825
4.10403982
3.454061827
4.17550893
3.934362575
3.610433533
3.2583054413
4.364558515
3.631689415
3.469021602
3.631980575
4.17526662
3.716622222
3.288339404
3.3618873749
3.581047011
4.469774957
3.58619667
3.527046703
3.232051849
2.97201221
3.68012703
3.082620824
3.4415092831
2.99946461
3.493389158
3.8377292564
3.4112602665
3.680359841
3.964626422
3.612628903
3.482273744
2.938788783
3.473062567
3.191271388
3.715852039
3.6588618818
4.052224433
3.903926527
3.751758573
3.541149667
2.961632712526
4.8327568419
3.33618668
3.288064206
3.4199008774
3.836564325
3.490937137
2.534083399
3.998090947
4.139832771
3.70245177
3.749433498
4.095274097
3.40487604
2.811684685
3.301619716
3.410409278
3.947360948
3.704822909
3.564954582
3.9054579194
3.7496796253
3.655321783
3.392338493
3.383300838
3.455906014
3.569340849
3.436129085
3.4050801
3.445911903
3.250338301
3.6033654363
3.8540536319
2.888422657
3.823452389
4.020746551
3.2783108325
3.844441531
3.568566884
3.614381968
3.252698196
3.5553684428
3.149061061
4.04145931
4.0680487378
3.898319643
3.246124899
3.2863496398
3.6853351078
3.447804658
3.126316176
3.184837459
3.4593750626
3.4658948032
3.674548692
3.349201368
3.532388641
3.8743646355
2.947681489
3.474488101
3.494189856
3.819674592
3.7414869326
3.989200004
3.882173134
3.466310836
3.2023289264
3.4653023886
3.535196431
3.518960399
3.37155539
2.76457488
2.800929346
2.952169864
3.1267857
3.366832816
3.126474844
3.16069489
3.01170053
3.31239864
3.178760564
2.54920171
3.494602335
2.889611986
3.2441671934
3.259662874
2.753301447
2.743365052
3.584418631
2.689123125
2.772898966
3.019909491
3.12282498
2.77101919
3.227270716
3.389867835
2.900033285
2.543354541
3.185739531
2.768615194
3.10823222
3.474447585
3.131775796
2.876929377
2.354417834
2.868611076
3.23684972
2.526140357
3.066601866
3.195771046
3.117281114
2.41599874
2.48355808
2.742178654
2.695973331
3.05714488
3.15661452
2.850948312
2.352890101
2.515962746
3.292875959
3.168590216
3.501662664
2.991119874
2.48569888
3.33756151
2.40889842
3.066534519
2.89530323
3.101797595
2.513465476
3.435074696
2.993568036
3.11187989
2.698899624
3.229440095
3.239311756
3.04913023
3.417526942
2.907373944
2.6059909051
2.572600776
2.946655515
2.623620216
3.334732094
3.080966284
3.058396822
2.658570937
3.340726294
2.799227575
2.94700434
2.562944557
3.225658284
2.777060909
2.722674726
3.01495923
2.906904454
3.214640116
3.076491264
2.890987416
2.83093948
3.13006429
3.699812496
2.79801857
3.453024763
4.22490324
2.809162625
2.576364114
2.44090725
2.94021149
2.275224564
3.2482242467
3.5781881467
3.3195058397
3.7265287667
3.3262811747
3.3270313777
3.2279365117
2.7929632267
3.4743659917
3.5104865227
3.4466697807
3.8843785227
3.2642967807
3.8103848407
3.7705561147
3.4750649452
3.7992868967
3.0485212788
3.7423044013
3.4233577077
3.3804730397
3.9813500137
3.4746464307
3.7317466067
3.5281096195
3.4503627827
3.3521548967
3.9105045623
3.7171549697
3.2571224467
3.7515832817
3.6207625347
3.3032721017
3.8405527667
3.7971832567
3.3782493307
3.4523031967
4.0126645257
3.9472608847
3.4251239366
3.4965286887
3.4073503263
3.5708669143
3.3447618767
3.6846549667
3.6112241607
3.5047896967
4.1738739197
4.0505769967
3.2551324667
3.6885090893
3.5248791233
3.2282107747
3.4630017592
3.7225263343
3.9653635301
3.7261839907
3.0141148257
3.5162528387
3.1980360697
3.4223084967
3.6725908177
3.4094000807
3.7371250537
2.9907080721
3.3050141487
3.8770929433
3.7120786477
3.2414974127
3.5379310117
3.1619820887
3.4357666647
3.5844111749
3.6724324577
3.7871142537
3.8073248257
2.8121721907
3.611997246
3.3221991665
3.5400610327
2.9007025497
3.4809062707
3.0808782357
2.9540290167
4.5003783633
3.2673036317
3.7483893654
3.4287486426
3.0029412567
3.5366275527
3.4965226587
3.7271091937
3.8168591007
3.5054084303
3.2748724437
3.6238632987
3.7860665027
3.1448069897
4.1791955647
3.1351439377
3.360229721
4.794615518
3.686157971
3.360129751
3.662997551
4.382519631
4.172977589
3.993777211
4.44414603705
4.613404718
4.133641147
3.489132197
3.817725941
4.920149161
4.250819131
3.898259212
3.951571911
3.651219729
4.031765671
3.505298244
2.422454299
4.597292642
3.225476316
3.86453493
4.230529245
3.201697714
4.87845474
4.640663327
4.239043893
4.081566926
3.335178621
3.848381191
3.848420411
4.339355641
3.631072335
4.152311406
3.322038956
3.456737136
4.708231467
3.289098116
4.237872223
4.814607823
3.235975691
3.720348965
3.71936083
4.007921691
3.984849132
3.244881103
3.921224201
3.777250765
3.702222976
4.081776351
4.6170332165
3.879754041
3.367096031
3.777420491
3.448512511
3.326929041
2.767217325
4.127022986
3.9099164445
3.673365551
3.716793006
3.748178912
3.970314789
4.202679517
3.815456662
4.191287708
4.010451006
4.652272238
4.208063328
3.523950089
4.183418683
4.013773703
4.771024861
4.332856576
3.975972171
4.199435681
4.209584061
3.635388218
4.422067821
4.414427586
3.372185867
4.747304661
3.625343831
4.603883744
5.154374621
3.608276547
4.422030984
3.905984015
4.208177551
3.903863381
4.454550236
3.844921106
3.654630385
4.214191061
4.187389951
4.531352444
3.4467560347
3.614075406
4.227215581
3.9159594929
3.25616625
3.746086275
2.968702549
3.5274433502
3.60945634
3.954002273
4.066554312
3.38156796
3.00859463
3.171018456
2.866642775
3.06909195
2.57098203
3.834582351
3.81890672
4.21499713
3.340443486
3.10123682
4.35863524
4.1456686788
3.642477
4.22576355
3.12292802
3.448613163
3.481650673
3.2236481
3.256201466
3.52149595
3.8429369467
3.22346413
3.58023211
3.442136045
3.37041942
3.635657687
4.084072956
4.699442936
3.870381478
3.45654922
3.8190897444
4.21051222
3.22516058
3.6902849441
3.785861247
3.78515341
3.396630334
3.062234893
3.98008992
3.752295367
3.240524986
4.36574639
3.22545522
3.850904059
3.932968523
3.70128577
3.57837041
3.807764835
3.29766041
3.947938648
3.447831697
3.536459427
3.640335516
2.457428727
3.8577085
3.225600372
3.634304377
4.62083335
3.377888546
3.9364650182
3.60278907
3.4171615
3.15783348
3.872981481
3.74681059
3.33544903
3.534744126
3.093796614
3.76581059
3.48688731
4.22912023
3.159841853
3.703017331
3.042255116
3.4895429
3.95705958
3.538508724
4.176879788
3.07795421
3.09187405
3.603647127
3.200199203
3.497688043
3.5482067798
3.450002656
3.12793304
3.84920821
4.45175877
3.761095575
4.03497333
2.7156559691
4.39296690999999
3.752567195
3.390965245
3.071080832
3.16240746
4.02688162500001
3.71750592
3.9296145921
2.82765842
3.491287961
3.595722639
3.35867153
3.60487239
3.547701724
3.55335875
3.77328868
2.98659811
3.734287555
3.08884286
4.27321552
3.310883882
3.62582152
3.43440919
4.236869084
3.319536702
3.76746703
4.297904575
3.71322605
3.32243116
4.063648054
4.08045034
3.95530634
4.315385315
3.608131552
3.689870347
4.374835045
4.058204656
3.44144688699999
3.776115586
2.63306455
3.25212971
3.441049305
3.38672832
4.030662102
3.947361213
3.60387449
3.580520012
3.58441572
4.177066077
3.58320272
3.95998726
3.237911483
3.973747165
3.270364225
3.69719102
3.250416108
3.72732492
4.4273589855
3.612922947
3.3296119915
2.879357237
3.875405998
3.942311158
3.79547275
3.886985867
4.252033456
4.0311148685
3.8645599
3.185736215
3.102264234
3.889358349
3.2843416215
3.21963431
3.976616095
3.24556732
3.586076835
3.967377045
3.131313655
3.50039436
3.67339876
3.20212548
3.58560765
4.136901987
3.36898927
3.23577624
3.15801003
3.08275017
3.659699605
3.468200981
3.080667355
3.569528365
3.8982596
3.623311287
3.552877411
3.076614035
3.80418686
3.68275289
4.76863773
2.981937144
3.7588222816
4.558896528
2.963313989
3.7071733316
3.729337702
3.154847988
3.846103617
3.316804855
3.1576870865
3.732476452
2.7980464184
3.7207256916
4.1061258816
3.4150898304
3.38201834
2.5654682164
3.0895072966
3.2689067114
3.4594227874
3.3718990396
3.3312303733
3.431086475
3.361199233
3.391516172
3.411394758
3.6545387664
3.9832215593
3.644526804
3.3657002887
3.6647571706
3.8541494784
3.114705847
3.9076605016
3.11960256
2.9728318184
3.0638483996
3.9753445754
4.2332932697
2.8545681744
2.9504649024
3.162040539
3.5426208474
3.1839029984
3.238954109
3.4369017316
3.0221144504
3.0234153416
3.4443097016
3.4696369989
3.2567559434
3.357819002
2.8996317914
3.049189227
3.464670818
3.180727059
3.467842853
3.353468
3.536571786
3.4352801704
3.570450152
3.297741878
4.2116196256
3.8782098384
3.6405903504
2.9256431066
3.563092282
3.712132908
3.191897642
3.508507545
2.8204024584
3.852630183
2.8137779204
3.316391482
3.7866851016
2.914715581
3.214228203
3.073728042
3.424472337
2.8628193734
3.4956182
3.2655214816
3.675882762
3.616465348
3.4949990284
3.4286074834
2.890116196
3.2639941864
3.780180656
3.4454374934
3.5633128316
3.905115801
3.5108609894
3.8052870114
3.462144397
4.3238296297
3.447540901
3.1880672934
3.6296205144
3.457440168
3.110355694
3.452549492
4.022567148
3.341229972
4.015929038
3.488819057
3.718294647
3.954986432
3.862606338
3.259255374
3.932090707
3.7102692318
3.59649846417
3.930105427
3.0770744185
2.874361756
3.757670808
3.708018911
2.709505146
3.123634392
3.676934168
3.762006902
3.700857458
3.861025428
2.931956621
4.3194249518
4.762132198
4.252444312
3.156311152
4.129567218
3.830882931
3.75055761
3.961608548
3.930944376
4.017533018
3.003524498
3.4064674867
3.977710509
3.922067928
4.343094798
2.823529937
3.155473299
3.3270129445
3.148008781
3.03386569
3.347481972
4.0830634331
4.373878417
3.81687606
3.556692579
3.291681095
3.420672638
2.8482156292
3.43516329
3.193865302
3.239615732
4.025167313
4.090934937
3.859798102
3.458503763
3.394255198
3.343239498
3.59049473
3.928329668
3.04040758
3.693873698
4.248750618
3.694949872
3.111852592
4.211902082
3.221520849
3.18564557
3.534692615
3.492216013
3.770969311
4.541638126
3.475864863
3.368813716
3.045368986
3.986824885
3.288746993
3.255976706
3.44477807
4.126429149
3.571114621
3.739820912
3.652610298
3.476502443
4.291323877
3.377281946
3.284724052
2.771400342
3.571360746
3.642925922
5.066797367
4.2090743846
3.514116452
3.371243307
3.631080677
3.613999793
3.414668202
3.70417564
3.9575
3.64095008
3.675019568
2.79155289
3.532569524
3.787821954
3.730967478
3.869161642
3.30616971
2.79030276
4.195662889
3.872293366
3.43867899
3.767960447
3.420297377
2.764533046
3.752830561
3.04314996
3.80886326
4.75578154
2.98257445
3.81565185899999
3.642500214
4.529138706
4.0944130261
3.15013513
2.72623078
3.75443593
4.25571969
3.51552919
3.6236824
3.758207694
3.58407946
3.231307141
3.316457381
3.097846552
4.261778021
3.97187849
4.353587688
4.1958152
3.4590202
3.68498551
3.279089431
4.668772861
3.50027415
4.013233022
3.967944504
3.953248127
3.62172438
4.4403016274
4.701643263
2.915350803
3.23907718829
3.98075382
3.831748604
4.04020314
3.335451926
4.3605948049
4.0135448975
3.34739857
3.365752607
3.775945888
3.57082501
3.2338878
3.53700589
3.72640794
3.1258744516
3.670883271
3.712448091
3.591303065
3.763080424
3.999168034
3.12015034
3.81924299
4.044111065
3.69795333
3.8556672841
3.92006359
3.50188829
3.205285914
3.182886463
3.72277587
3.90333247
3.7695338008
3.8126126
4.09174738
3.31956044
3.185556959
3.57978071
3.25358753
3.59930030519
3.864134236
3.19723448
2.954765094
3.84579452
3.727522374
3.23167764
3.96382373
3.9614022113
3.850500395
4.04182849
3.278642197
3.68569907
3.39078523
3.51746567
4.54713059
3.841611103
4.03488918
3.902212134
4.16616413338
3.835312901
4.43385183
3.732910084
3.534322125
3.88769742
3.564180372
3.819881692
3.7475637833
3.38586207
3.733647235
3.38726303
3.34698908
3.134458517
3.42772368
3.361453305
4.1242059636
3.22970273
3.22813762
3.43512688
3.70243359
3.115217473
3.936650519
3.812729
3.85204081
3.630602848
3.29495768
3.416913472
3.638326079
3.028812217
3.24329518
3.60932056
3.97930973
3.80099853
3.292269269
3.5019066
3.2792017
3.557730749
3.800062983
3.4026997075
3.138941782
3.890498185
3.83128382
3.44704754
3.37610647
3.68423289
4.053976255
3.7010784564
3.23016748
3.575024531
3.0830341
3.592506851
4.3615113
3.642679705
3.32466858
3.863016394
4.1710226
4.239468068
3.46426355
3.866043868
3.10979816
4.3327664982
3.3157441
3.58325582
4.12113265
3.9616039669
3.62527962
3.17137064
3.548703959
3.67169853
3.67638061
3.32700636
3.74376823
2.9668072021
3.7927213
3.6435138966
3.985642672
4.02389641
3.2076868778
4.116960823
3.21569891
3.2266603352296
3.196917129
3.348591895
3.570146481
4.001322887
3.708497117
3.5883866
3.433944879
3.779447067
3.5147973189
3.292284585
3.737320023
4.07704764
2.774415975
3.72186212
3.738390897
3.285517906
3.433379041
3.730167106
3.563497766
2.983369313
2.980114782
2.989676951
3.319326162
3.682920322
3.508314798
3.651415862
3.324584547
3.765970643
3.175351796
3.677718072
3.180940327
3.559257821
3.459540039
3.861585428
4.098969647
3.66129725
3.05403727
3.572441183
3.519299727
4.268101629
3.881381327
3.281196797
3.741083107
3.100317128
3.67848496
3.889317406
3.663523677
3.213831277
3.318374867
3.492506433
3.4859918078
2.813244692
3.39828533
3.386618904
3.533162522
2.969504377
3.97925426
2.933066135
3.850193499
3.357925972
3.608359721
3.725684641
3.345799283
3.729859423
3.2808740632
3.6695403656
3.778527243
3.451840574
3.74842447
4.244559809
4.184978615
3.299219852
4.020550005
3.181795086
3.138519617
3.416405067
3.611296999
3.425583103
2.86726948
3.1334139191
3.538598307
3.291865719
2.958085295
3.674326656
3.934447227
3.351412218
3.5961449804
3.556575995
3.9819570506
3.402342556
3.935658419
3.538720685
3.657333006
4.221046166
3.319909696
3.368690096
4.070156512
3.061984626
4.28762947
3.392441585
3.450421028
3.465721604
3.580956169
3.987256018
3.766100254
3.255521505
3.510535669
2.950889062
3.420259626
3.6223289486
3.377648395
3.53325567
3.779074425
3.447429445
3.452558034
3.18836709
3.206472515
3.698836123
3.480809963
3.328355396
3.0423145901
3.42595771
3.59539358
2.814508791
3.386273831
3.497577787
4.163619345
3.565726311
3.044350978
3.50080506255
3.447674467
3.862601974
3.251378989
3.609367443
3.344772175
3.402674219
3.4028727901
3.015860554
3.29010584
3.99115528
3.393028565
4.014497675
3.529089469
4.738490045
3.744925109
3.886172754
4.06549706
3.253446555
3.452773319
4.086817695
3.446994967
3.797814641
3.327229415
3.4674173948
3.758307756
3.905479266
4.00004581
3.126342681
3.322850004
3.135573871
3.8473286012
3.733561215
3.362665013765
2.99662425
3.734477127
3.140374515
3.749149335
3.468170235
3.146303435
3.7107993126
3.956474252
4.347815511
3.702202315
3.252903275
3.221343171
3.783805329
3.180027555
2.959495199
4.399634712
3.46081369
3.32872665
3.5488525699
3.57598472875
2.660894705
3.736316486
3.51455515
3.3404729602
4.1339427085
4.096102866
3.408956131
2.7854408635
3.283979893
2.94692434153
2.781405183
3.49643344065
3.190335661
3.30721283
3.524604348
3.534505085
3.562162423
3.712400002
3.688278991
3.758674335
3.2843723871
3.376910299
3.457420625
3.170058335
3.546231322
3.488189674
3.529796454
3.763693466
3.041476886
2.960135112
3.782249994
3.894763224
3.581173796
3.3672975874
3.573674071
3.258200434
2.573999896
3.490676724
3.046245626
3.458330944
3.437346794
3.669161634
3.944715871
3.12141595
3.773610848
2.837116498
3.96893482900001
2.901134306
2.619367661
3.772462795
3.511725353
3.279447434
3.834850229
3.207200605
3.292456796
3.182683946
3.594336827
3.536114646
3.675219733
3.114471582
3.0646052571
3.868751926
2.718323229
3.321701676
3.0584795055
3.438617084
3.243804852
3.441457446
3.878606044
3.058794223
3.383372588
3.637471464
3.60153113
4.1691804082
3.955983434
3.399583574
3.338239764
2.944932572
3.196757218
2.789492782
3.815045314
3.200979578
2.765111224
3.152896512
3.579661226
2.989276242
3.683024617
3.354996334
3.842237725
2.853989076
2.991995504
3.07903012
3.344825926
3.614233786
3.018771696
3.945329176
2.952171564
3.103302021
3.423069523
3.020855132
3.503569724
3.086818136
3.969624408
3.020636496
3.927077774
3.002218714
3.004486526
3.020586356
3.122738816
3.2677596153
2.995802547
3.476957798
3.457351378
3.643873527
3.414430916
3.847879399
2.6709178876
3.617109434
3.801694694
3.756393172
3.6180769097
3.901569684
2.801916875
3.1124564133
4.126911346
4.147251775
3.69904398
4.017148379
3.596072264
4.04528583
3.777077804
3.8877145415
4.955648821
4.582523694
3.90984452
3.79867232
4.27096502
3.965274585
3.456942738
4.133925965
3.96970863
4.343091517
4.35048147
4.195697665
4.1912018
4.428549754
3.921331717
3.0070602055
4.46668449
4.07700692
3.97406467
4.045295213
3.45702939
4.36231346
4.163388468
4.36262197
3.93909126
4.23900812
3.926865125
4.366176195
3.57033953
4.2491151429
3.779310085
3.70531574
4.832553154
4.154858497
4.49550627
3.91194117
3.730444084
4.1169645415
3.661971471
3.8504557
3.673233465
4.497158187
3.667219061
4.632011
4.277068589
3.99576779
3.815672184
4.06327308
4.591576705
4.04175155
4.882328345
4.54652926
4.392626964
3.935377064
2.87109385
3.663020416
4.063990865
3.55671984
4.103791145
3.687271725
3.619982784
4.1148548404
4.350931365
3.7517022096
3.102902831
3.98557773
4.200782415
3.84467759
3.434279746
4.54545366
4.08394596
4.4070717385
3.174942436
3.808724564
4.040426037
4.048249004
4.197465691
3.144941101
4.096083574
3.6210115154
4.13663647
4.123153126
3.9279710256
3.387901788
4.032375825
4.450501243
3.868702525
3.82045059
3.47122899
4.6667287307
3.513492906
4.419072046
3.938526778
3.886855583
4.268158111
3.627699309
3.650581893
3.236656303
4.340520873
3.692389849
3.544914334
4.01984688465
3.549477856
4.510506552
3.556638978
3.948321743
3.489949616
2.942300872
3.473688076
3.665960263
3.958792343
3.503205628
3.237023923
3.625319439
4.028647823
3.350118201
4.1052683175
3.728848473
4.210449933
3.934019203
4.043913373
3.844379412
3.252081919
4.013000333
3.581214547
3.621501373
3.61202293
3.467725623
4.5366244648
3.593041238
3.924456685
3.322751898
4.301590599
4.237306513
3.003861494
4.111633213
3.759200251
4.703617961
4.554409337
3.3001022678
4.383525703
3.574956656
4.28955259
3.778102848
4.248962483
3.185592988
3.644250523
3.424669719
3.676308823
3.417580779
3.690086865
4.309526623
3.800964472
3.9237558627
3.3619478346
3.70603068
3.563051197
4.9636740833
3.206684493
3.358827871
3.6317967014
3.966934091
3.788296538
3.958840306
3.532926593
3.493559457
3.704280333
3.7226080524
4.114934258
3.870183125
3.145677533
3.493617543
3.793141035
4.041913543
3.635340493
3.889929399
3.709521724
3.650573521
3.650477591
4.899524603
3.773522183
4.606956621
4.035378493
2.935065119
3.761738781
3.986657799
4.001047709
3.884712823
3.62130854
3.573346175
3.847597424
4.445031546
3.933706253
3.30173182
3.86802819
3.473984728
3.530180057
4.02059419
3.55333231
3.20791974
3.45526632
3.752372453
3.240797699
3.09966448
4.38762879
4.19178
3.41218853
4.252640632
4.046775142
3.27845105
3.58480967
3.777795652
4.17968908
3.83366131
4.305690144
2.87886944
3.694014915
3.99940876
4.001222399
3.75642266
4.294128234
3.525145591
3.767183711
3.930467123
4.27261332
3.46174193
3.262348201
3.676004265
3.77177843
3.65447841
3.83256242
3.538956097
4.24827326
3.020796148
3.71888144
3.624213895
4.02389384
3.8781489
3.09766968
3.290489244
4.4824722496
4.1312640043
2.82561827
3.839901958
3.79031537
3.737766123
3.379824665
3.170206315
3.23583653
3.539662927
3.397234379
3.197130801
3.36283073
3.04648298
3.900427444
3.83541587
3.442202402
3.94352082751
3.54473699
3.905785382
3.747051701
3.539920919
3.6897834
3.704840901
3.715387603
3.923100212
3.85681794
3.74304574
3.710739646
2.945995356
4.02032541
3.93671173
3.894180583
3.747021438
3.596069856
3.3312388922
4.088779075
3.3506596838
3.299929639
3.204114246
3.382168414
3.87403283232
4.04142119
4.219194197
3.980491527
2.594801461
3.453587228
3.984128677
3.42548864
4.04728324
3.35214755
3.22994305
3.44046125
3.270108217
4.035888203
3.380387596
2.916005456
3.839225718
3.210868238
4.686863452
3.579664624
3.913158392
3.979698946
3.341446574
3.6671996597
3.505120791
3.704643744
3.857983209
3.577320705
3.403185168
3.467951081
4.3364040442
3.921874918
3.732114074
3.96568704
3.449438525
3.763008308
3.810726314
3.091890853
4.351102904
3.472960084
3.5231212837
3.481780956
4.497565408
3.378763763
3.438087478
3.995235044
3.50314528
3.701961584
4.052771464
3.350956865
3.406813646
3.750747536
3.35600379
3.512187294
4.038749688
3.602014753
3.546549603
3.299782214
3.682795374
2.944411084
3.762032812
4.263510344
4.717896824
4.301729232
3.533536078
3.790734181
3.412553431
3.682153968
3.879456828
2.919307816
3.906905894
3.648028653
4.160864
3.514968975
2.4471486468
3.739907509
3.50001493
4.058264264
3.677087998
4.26327615
3.4308002759
3.9046902737
4.147946634
4.4681922487
3.566260047
4.563214402
4.124689759
3.230614911
3.635716797
3.784712352
3.682982139
3.365502136
4.562257846
2.4914264833
3.989008028
3.919142936
4.060962803
3.754419341
4.369478393
3.865110974
4.945939583
3.704699982
3.977233345
3.503080089
3.849010086
4.581221482
3.631335766
4.071591764
3.96003262
3.561282774
3.665953764
3.493230077
3.803561329
3.497086492974
3.782860519
3.485011733
3.944739961
2.9131444496
3.896862651
3.46878558
4.041202625
3.3854045922
3.801009681
3.1968648539
3.696023259
3.090757115
2.857588477
3.866754935
3.284251735
3.946816725
4.127463825
3.642665652
2.831325403
3.501154396
2.924800295
3.369679606
3.764121615
3.797945236
3.518036345
4.03075851
3.239031871
3.5499376135
3.335015767
4.153094761
2.9023174931
2.918098621
3.676311254
3.281853736
2.978810516
3.593732895
3.11318352
3.204871705
3.774667839
3.512023633
3.721104655
3.390374975
2.946513191
4.212237226
3.682736725
3.647530911
3.188575651
3.177426292
3.721807733
2.7537721173
3.834400747
2.589402194
4.527458845
3.308558045
3.242285843
3.709778345
3.680748125
3.654397633
3.794644216
3.782530305
3.765663519
3.237537758
3.517704226
4.031823998
3.725471895
3.2373656082
3.626590771
4.03294915
2.870945301
3.985725743
3.254725125
3.437136521
4.36149181999999
3.272335429
4.330748977
3.668152879
3.1869326974
4.354366736
2.994469449
3.779551635
3.962841411
4.247557055
3.453965039
3.089971735
3.711727896
3.309285101
2.581541305
3.686058423
3.683602667
3.2003059454
3.574758254
3.669470175
3.884812752
3.930373421
3.1523756325
3.840910954
3.66204245799999
2.956349025
3.682778253
4.060581004
3.21496081
3.299928016
3.6691553
3.098436791
3.404376876
3.56257173
3.621073526
2.92952414
3.0430084222
3.36950122
3.656963879
3.416869812
2.944666268
3.934055158
3.219002261
3.651411965
3.06067583
2.99006287
2.806161359
3.36568257
3.2363675
3.87028081
3.060313899
3.420413889
3.21703499
4.21579643
3.5647479
3.685385973
3.44868512
3.450516322
3.053989516
3.517248945
3.553816582
4.54267545
3.194326168
2.517145042
3.764446347
3.398955379
2.82522135
3.356818
3.385232926
3.5436729
3.568344016
3.5152423646
3.35423174
3.339545558
3.458945199
3.338249768
2.43934017
2.710671225
2.79485844
3.1841616876
3.563907852
2.64471716
3.528337739
2.770028278
2.66784561
3.66436331
4.03360604
2.628885405
3.050502792
3.44298382
3.1519909482
3.454832759
3.56348874
3.460113946
3.668411071
2.916497235
3.00460526
3.631023062
3.56212603
3.14088913
3.890728193
3.69978866
3.399664264
3.227464371
2.883862059
3.56000869
2.9132179974
3.967445221
3.3371862173
3.4197309047
3.26882261
3.14271491
3.096454503
3.075252673
2.93402181
3.1619606495
2.92219809
3.183450296
3.109355744
3.672402424
4.30111708
3.38626437
3.985212594
3.63069255
2.939349879
3.40035371
2.959881321
4.057264226
3.239812145
3.561154889
3.811023466
3.0101247909
3.012551677
3.160121204
3.677054261
3.123640043
3.973605553
3.397600207
2.911460517
3.936353545
3.406882326
3.79941185
3.394959914
3.889769206
3.475745968
2.9867145566
3.570290496
3.348200304
3.0829092383
3.1607350225
3.208256644
3.304844846
3.553837508
3.3454702913
3.919290813
3.714020812
3.301661228
2.963636531
2.886834136
3.516846852
2.935260328
4.0330535836
3.624697887
4.132185586
3.1305335292
3.052078416
2.94620616
3.357605016
3.292731005
3.027032494
3.461240389
3.655387555
3.167676485
3.277442965
3.664950121
3.330851412
3.328617629
3.630982076
3.2564560218
3.354642108
3.4554933
4.21558616599999
3.272331237
3.772845705
3.447590956
3.808076104
2.660813307
3.088656523
3.390445943
3.706079534
3.87673003
2.927918716
3.910163522
3.10405362
2.9519452689
3.321934279
2.8680841587
3.261159826
3.496725795
3.384882792
3.378493402
3.346440634
3.900458096
2.75554211
3.119814864
3.198901428
3.738849796
3.264634072
3.639573246
3.900060888
3.353764819
4.017785115
3.737930333
3.353651871
3.174346378
2.840734767
3.258144124
2.892862041
3.683837954
3.3435975495
3.191806675
3.052788258
3.476937074
3.391139898
3.6801055243
3.646463936
3.553213957
3.405710424
3.5349374099
3.569162777
3.007845992
3.60215372
3.7458028097
3.709729727
4.021144243
2.997961033
3.998905515
2.6935710829
3.635348983
3.171422973
3.471793853
3.148871137
3.4363905409
3.444084479
3.1165021327
3.1874637
3.521619529
3.829269447
3.170327312
3.5129355755
3.243134693
3.785884798
3.601669301
2.979653163
3.186537108
3.16946746
4.053583996
2.859047527
2.918461181
3.677411946
2.872163437
3.2128949423
2.826553727
3.841864838
3.043452547
2.944851979
3.437976573
2.805252913
3.76483353
3.813676826
2.841451377
3.587369995
3.746377175
2.968902197
3.864808749
3.01278336
3.745136863
2.873118897
2.485496407
3.479864023
3.550818533
3.22560843
3.782276928
2.769190204
4.196824124
3.648479797
2.854232903
4.022955426
3.7238047
3.372032125
3.001586552
3.419980379
3.628176679
3.406470146
3.737366844
4.243402759
3.738554523
3.773329578
3.42347954
3.132441505
3.653505378
3.393788769
3.3464765003
3.424031306
3.496425639
3.120430683
3.341123959
3.6419619057
3.293436663
3.0742499288
3.647076716
3.468035128
3.32796456025
3.304032383
3.581174216
3.2559609623
3.333209365
3.631303367
4.074563791
3.008719593
3.91946292
3.414356611
3.266176455
3.709013326
3.597423336
3.773191057
3.400428452
3.34998581
3.65136068
3.87746291
3.4195557996
3.755319491
4.070608093
4.2673209168
4.078664075
4.191474538
3.361721776
3.356374504
3.59953786
4.426494204
3.68751748
3.90007995
3.412784
3.596962484
4.04435922
3.0740809966
4.173515131
3.516489022
4.05013367
3.57273306
3.58748753
3.865818636
3.225523408
4.26829844
3.80615932
3.693757858
3.81148382
3.86918943
3.99182816
3.04041542
3.203787444
4.04265039
3.9109509
3.77748231
3.1560627
3.480420567
3.938119788
3.57993182
3.46315847
3.95719951
4.742918874
3.25539609
3.29093695
3.73321152
3.65746871
3.5373737
3.858567133
3.07523245
3.9542869092
4.14046926
3.6589611319
3.709941271
3.474428433
4.23027548
3.29916768
2.95302608
3.41851879
3.532935654
2.812115436
3.49473691
4.4126506736
3.9666523849
4.61701265
4.089248029
3.695065491
4.242559767
4.15748725
4.36138028
3.43655201
4.02010113
2.791157754
4.041614522
3.168702501
3.8366319
2.92261211
4.05494727
4.5183616154
2.609026287
3.16099461
3.58372057
3.35979575
3.36170453
3.993996786
4.1936935
4.002436561
4.00205869
3.6617138
3.64804705
2.93878506
3.999832103
4.2969646034
3.339247953
3.62926999
3.8003885
3.75898331
3.596698338
3.6408437
3.416138406
3.2479974544
2.817958604
2.942750248
3.58410389
3.46094177
3.96768568
3.43926518
3.49820929
4.042271826
4.167534111
2.6187877934
4.35325991
3.550357044
4.108971615
3.686134409
3.45279875
3.58056033
4.388276552
3.105925012
3.566677613
3.639566048
4.09817768
3.73235812
3.260824134
3.615691436
4.02674218
3.950779486
3.053179396
3.037162327
4.36859915
3.380527466
3.14946562
3.71096882
3.55217
4.463091983
4.324263772
3.649626916
3.28372365
4.247284551
4.645113434
3.144024779
3.118658172
4.1616263443
4.17880358
3.420466857
3.6495618096
3.776128469
3.640775054
3.539657876
4.282691504
3.70759382
3.297507254
4.391343793
3.334941616
4.07119858
3.628544609
3.94220684
3.596370974
3.197442384
3.797382846
3.480096876
3.704518353
3.36607604
3.5904571
4.21199003
3.836448821
3.60547009
3.68511626
5.04551696
3.476297192
3.809554256
3.728059235
3.12261084759
3.76890136
3.682474948
2.96418041
2.803003906
3.83751397
4.482642414
3.096865014
3.8418163
3.58361372
4.120052364
4.000346674
4.398597346
3.634896468
3.490528808
3.66518475
3.524074688
4.090453316
3.37042759
3.2823605
4.388530064
3.468102532
3.38764792
3.9916018
3.35878921
3.194439628
2.99391394
3.75162551982
3.162582157
3.67783167
3.3987752682
3.807812299
3.277302973
3.50104236
3.381026042
3.3752742245
3.21697863
3.740122614
4.001849586
3.63921833
3.589102306
3.040593484
3.461977622
4.15737791
3.640732138
3.385835091
3.735868126
3.3813378542
3.1734438732
3.396668761
3.439547604
4.050029994
3.670256326
3.831946012
3.09241069
4.0440835963
3.421384113
3.100806378
3.8317604393
2.8625958
3.02408059
3.655866273
3.362050145
3.26988129
3.394113721
3.035681739
3.10535274
2.720670435
3.008838414
3.643796504
3.626563125
4.033991155
3.097494349
3.6796837
3.121751223
3.254271838
3.07170512
3.66707682
3.2585365861814
4.415299033
4.269462611
3.467186975
3.7678074056
3.48624525
3.54669027
3.197581088
3.351936453
2.8271885
3.40568152
3.20988367
3.2833385965
3.544721033
3.10186314174
3.903603809
3.208324262
3.583077141
3.46953788
3.402657319
3.393095405
3.50940814
3.679147859
3.62439194
3.453743829
3.480826987
3.4848268094
3.87492334555
3.728475035
3.7728021439
3.41541153
3.322926094
4.17222425
2.958025821
3.437550864
3.860790836
2.86707154
3.810139587
3.417338587
3.821077376
3.59894836
3.320102528
2.875916047
3.85411799
3.361291948
3.16872997
2.6163882236
4.261788859
4.2797442634
4.2687737865
3.5130305225
3.9302078205
3.3509273028
3.9833533035
3.0520121755
3.8020626975
3.7129626685
3.5912496765
3.5546820035
3.3072867235
3.0344945595
3.8127040303
3.2677767605
3.0165044075
4.6041867965
2.9236087325
3.6582872955
3.9662608935
2.7621086465
3.9104844939
3.2403065905
3.0978141955
3.2905809505
3.5748492965
3.5241382595
3.184600531
3.1536359805
3.3483649935
3.2483143965
3.4045661385
3.3259842045
3.5746691565
3.0082514265
3.0091009985
3.6932966505
3.3655211925
3.7011290975
3.4729783745
4.0114774965
4.2744958505
3.2904279015
3.2195981605
3.5352338205
3.7223581665
3.5516697955
2.7332674865
3.7833399405
3.2577972665
4.1916430905
2.9164482835
3.4757227235
3.3873436135
3.0823886665
3.747755135
4.2363237585
3.6792497605
3.7571369665
3.6259196755
4.3639959525
3.1181027228
3.8680406185
2.9086527405
3.8361572625
3.6565417065
2.8570403495
2.3897223725
3.4121660205
3.2244572754
3.64691301649999
3.4594708605
2.9203243505
3.7868726045
3.7012204165
3.2578554135
3.2254222785
3.9697194445
3.7231786585
3.3006559065
3.0495467265
3.5125000935
4.1967666865
3.7232644265
4.2461969125
3.3449950555
3.6340002965
3.4127935619
2.8495190205
3.0045441465
3.1047569135
3.0058559295
4.0886846465
3.1012127005
4.3496672245
3.5290276435
3.8288117505
2.6863366465
3.4266289585
3.5089553665
4.546850135
3.983850825
4.437631475
4.169854105941
4.164045965
4.543589335
3.697575046
3.920459007
3.570549042
3.860013404
4.934596545
4.203781635
4.1148519218
4.15027427083
3.902359128
4.435207765
3.892823798
3.22633353
4.24612622900001
4.111225798
4.730202885
4.4963513181
4.551978235
3.9996243684
4.174782527
4.052155132
4.292369025
3.798027445
4.839839745
4.3266315
3.802895187
3.794322191
4.808818391
4.108094673
3.658153982
3.959148372
4.022908955
3.711961882
3.636152115
3.558151146
4.129268237
5.163515397
4.306044104
3.2895386675
4.759036149
4.472372595
4.257663596
4.639237735
3.358357335
4.171693815
4.422411525
4.057272675
3.845970019
4.559962735
5.2630446891
3.742434274
4.484262073
4.460505065
3.937759975
4.762750925
3.559729261
4.509937065
4.015194235
3.934958721
4.28534366
4.375299874
4.147044239
4.281918235
4.044268739
3.9112046729
3.903695235
4.570519985
4.475291675
3.8793735892
4.180670105
4.950923465
4.125107008
4.475253815
3.572322538
4.760120649
3.989123264
4.302773685
3.915605775
4.074296292
4.913363047
4.295884752
3.540465126
4.769051168
3.263883441
3.715457445
4.054245475
4.251471487
4.1827025193
3.845307228
3.875070545
4.86673369286
3.540416795
3.775765045
4.587790076
4.164735575
3.114046677
2.947264338
3.365071599
3.247426228
3.1328915164
3.434713861
2.9525683462
3.819398698
3.4658043496
3.5117707828
2.8367628784
3.502486478
3.3703748851
3.223786048
4.060530894
3.267120278
2.757944108
3.318334491
2.774446584
3.540315323
2.969064864
2.998082009
3.564746508
3.645172386
3.3960457635
3.078931299
4.37375339
3.037471378
3.258863742
3.338810535
3.118602586
2.868164085
3.239038424
3.109687757
2.855737692
3.327933582
3.361084827
3.660730688
3.010177886
3.2758322635
3.629357572
2.984162868
2.433101947
3.425344508
3.611279421
2.937531042
3.746957661
2.936898514
3.262304588
3.21654597
3.78602240315
2.8358171108
3.733905198
4.209292968
2.550276765
3.840193083
3.867837449
3.466579756
2.608114838
3.42581626
2.757895808
2.6099626707
3.237342298
3.4676075483
3.400711345
2.4670353474
3.228462318
3.568199728
3.7318319505
3.510671146
2.906977708
3.513237232
3.399627034
3.1672050153
2.8531333755
3.651908921
3.197135182
2.7710345425
2.395402612
3.312013278
3.320193929
2.931719502
3.3727393846
3.930925187
2.920533727
2.825942944
3.197799037
3.386792432
3.151560937
3.046578358
3.165104261
3.552478092
3.369469948
3.686336108
3.417070278
3.055769357
2.773561748
3.34261789
3.327961818
3.2838039827
3.710643705
4.052075329
3.680507232
4.095384659
3.891327829
4.031157964
3.706069279
3.920812561
3.607901246
3.563041264
4.120074247
3.158465278
4.098194371
4.252819109
3.647177659
3.635061191
3.536587696
3.441050429
3.948880538
3.763933174
3.586522577
3.308703902
3.837804771
3.4565095599
4.8836274378
3.532858893
3.3355750149
4.2104077
3.189190299
4.108516766
3.148584056
4.212661799
4.396463079
4.025624639
3.360262473
4.422207601
3.424378435
4.0527841823
4.045346775
4.010444209
2.911143906
3.530422282
3.863982659
3.737596765
4.110447946
3.6000366868
4.506999201
3.466576011
3.792649351
3.665405207
3.955183319
4.1557289171
3.523716208
3.950188576
3.322195919
3.893477331
3.401704819
3.75954683
2.757843192
3.774551539
3.972285659
3.560539473
3.394234841
3.763541963
4.165862243
3.2962194615
4.000775969
4.278168669
3.661298672
3.894054152
3.606580879
3.296435935
3.605962731
3.772285209
4.136763634
3.749981737
3.836415169
4.085762045
3.6981116475
3.910848206
3.733885953
4.569483029
3.831574631
3.897910601
4.021580775
4.5499049594
3.335405099
3.486471109
3.007846937
3.410513741
3.142821639
3.01077941
3.625691421
3.599675038
3.320627239
4.153990391
3.388236751
3.621708273
4.346989943
4.387984039
3.293644462
4.02453473
3.391812959
3.780380338
3.707487036
3.635425874
2.430899048
3.909589008
3.077081879
3.603095256
3.840976281
3.921446995
3.809593446
3.88988863
3.639501376
3.585972708
3.186217442
2.87823565
4.179356598
2.982074074
2.77078913
3.55230485
3.54269497
3.725953544
3.6878993559
3.42299914
4.20475444
4.25631477
3.229073196
4.474244303
3.981908463
2.8489418
3.8050339
3.725479923
4.082393581
3.78895147
4.12019194
3.358327348
3.473265032
3.490812086
2.66704961
3.042772823
3.54828178
3.257292068
3.483012718
3.3295818499
3.398789435
4.05249922
3.4462926
3.894785137
3.1776598859
3.31947551
3.57921687
3.918784508
4.03145255
3.220885042
3.407997293
3.478827773
3.55513813
3.422148002
3.4077538
2.593778858
2.97652841
3.484443788
3.844821136
3.044524356
4.00683697
4.055996073
3.752885987
2.88842857
3.451038139
4.361087637
3.43475593
3.278760961
3.4511480339
3.665110136
3.990753748
3.229862109
3.19291253
3.638443317
3.724764062
3.223227361
3.59514541
4.809552338
3.743621464
3.62697886
4.07838341
3.29849483
3.62263624
3.82688463
3.15299035
3.107835837
3.494230276
4.113334116
3.587278236
3.91514824
3.1249411538
3.370959828
3.713133553
3.61019677
3.963118815
3.53629827
3.561582367
3.662301529
3.86708701
3.8961751932
3.66303324
2.841499001
3.72689156
3.724334732
3.1879088
3.39837892
3.77875095
3.46229414
3.873676726
2.87395028
3.354865
3.603181811
3.648301907
2.91232719
3.36361
3.571564403
3.614395348
3.086612831
4.094329019
3.610142752
4.2555764057
3.53625156
3.635030722
3.81596654
3.354298789
3.71458352
2.555662042
3.813292771
4.151181566
4.07571375
3.68832313
3.30730267
3.41912263
3.8691758
3.002874531
3.65773077
2.98577824
3.44804156
2.47509836
3.26846758
3.543608917
2.94040634
3.97477775
3.54289711
3.99274618
3.4440154773
3.85655983
4.195002015
2.990418701
3.48728116
3.38896799
4.033125615
3.404629754
3.773428615
3.559078413
2.6347099
3.818257556
3.544298838
4.34051703486
3.220531105
4.05150379
3.658674914
4.19419787
2.939519556
3.862549412
3.34654751
3.869243535
3.7083882
3.04212197
3.3564999605
3.288401427
3.650038856
3.07231136
3.265240086
3.83796043
3.32354418
3.65741247
3.46148267
3.81762272
3.38104965
3.42431843
4.212360579
3.7362165996
3.76522793
4.0676807
3.66313732
3.78218699
3.16846249
3.661784582
3.61934875
4.509807255
3.407206823
4.146655472
3.828593851
3.819331031
3.7442062681
3.477349564
3.834325345
4.438704097
4.0101088271
3.229767735
4.541884782
3.966771799
4.258871125
4.824051984
4.656906863
4.247469724
5.003863075
3.511272105
4.5057223557
4.254854814
4.203251499
3.647655275
3.6567773883
4.257206413
3.305857105
3.845233729
3.8578122624
3.921359091
4.215640386
3.939206615
4.015707238
4.02628275
3.861728213
3.297201815
4.403773743
4.401936604
4.308471465
3.449121435
4.218037016
3.0608215344
5.11798904
3.08561948
4.104811595
4.006748375
3.8491267
3.619937625
4.152504602
3.813988153
4.066016919
3.20679307
4.320304275
4.040836407
3.642740778
4.018885756
3.9649744796
2.927200335
3.321617888
4.533815125
3.354597282
3.368234424
3.50424127
3.469216365
3.861609606
3.852811105
3.431968395
3.439298625
2.78430098
4.015763765
3.927320026
3.36913689
3.690202122
3.942535744
4.317505255
4.081888837
3.722578659
4.308437727
4.074829565
4.231692265
3.295544839
3.919287092
4.19664326
3.812707822
4.123496851
4.000290701
4.34836719
3.550599962
3.933990865
3.74420167
4.120578652
3.892498676
4.319440235
3.901597631
4.196767024
3.602936424
3.854100966
3.99764377
4.223129358
3.360500783
4.290247476
3.8796050657
4.12470602824
3.384823874
3.928135395
3.742162943
2.830401132
3.205108582
3.52187599
3.588056492
3.910148096
3.373404473
3.616417213
3.419026234
3.249480618
3.084656978
3.287445368
3.945236674
2.984641248
3.776940171
3.548032604
3.931099159
2.908423379
3.310043208
3.182396605
3.292255713
2.863790028
3.145339278
3.462488696
3.317072748
3.182008116
2.771592438
3.449750303
2.814817415
3.0298338238
2.8305659142
2.6674447
2.983095595
4.070671838
2.828767133
3.370160718
3.469439832
2.998371904
3.906879187
3.447866926
3.474487196
2.476229969
3.776731038
3.693741396
3.403623968
3.651890252
3.4927886695
3.896732527
3.200520468
3.124213154
3.254629047
3.114362358
3.354465623
3.2880265224
2.792452392
3.130325998
2.916141048
3.384718462
3.031336822
2.493079478
3.651590033
3.658093927
4.631514888
3.267384178
3.236756088
3.668212619
3.290577908
3.655094928
3.038289613
3.113753628
3.057237283
3.074757198
3.765835608
3.2424755795
3.39970281921
4.0307684377
4.1492778278
3.80217858
3.292283138
3.579093122
2.990376525
3.281044408
3.849775995
3.296182136
3.326447562
3.108058906
3.058497238
3.199684738
3.533361268
3.555002908
3.949963608
3.861826787
2.859139209
3.521074378
3.613244898
3.5880738737
3.971262499
3.270737068
3.024110368
3.279909689
4.156312249
3.446969975
3.264721428
2.891752167
3.1541897235
3.355196474
3.455831282
3.619918841
3.477032436
3.6863323305
3.802258246
3.556421114
3.96853881
2.855368899
3.340833763
3.7504715152
3.353953282
3.021325633
3.766176897
3.856328505
3.216989178
3.308016229
2.695573515
3.919573624
3.2355271855
3.171710057
3.080952398
3.364716307
3.5725155654
2.77884762
3.124047636
3.860124617
3.076547982
2.9906423239
4.166677944
3.631180668
3.6615938661
3.44711996783
3.863823817
3.492851368
3.103193728
2.841706953
3.805447048
3.365151795
3.258634722
3.239239139
2.9140008696
3.102237289
2.365719277
3.180153527
3.404249457
3.218902881
3.193206063
3.376941995
3.626832411
3.905381083
2.975136616
3.570436617
3.143125984
3.133079846
2.773355279
3.4762638051
3.06421853
3.607590279
3.189382956
3.123428377
3.27229091
3.594516822
2.95077171
3.386575877
3.054521427
3.601789451
2.98093113
3.183052599
3.939943859
3.576701463
3.570737207
3.124980287
3.535964077
3.567069774
3.0666655344
3.068427841
3.784327849
4.1799335616
3.031532449
3.3746004774
3.089822284
3.441532508
3.196031359
3.1676359449
3.502974655
2.969211302
3.62831056
3.308019575
3.297823977
3.485966479
2.9429796541
3.430119912
3.275620399
3.1107276153
3.0956992579
3.8625274271
3.0954756369
3.3489257499
3.0623211851
3.6104188391
3.89767482845
3.1628832236
3.9578213151
3.4870199871
3.9534785249
3.5369318401
3.2869267899
3.8003844921
3.1827551061
3.1511879901
4.3597696559
4.54059423666
3.0051534285
3.7350956489
3.3012268639
2.9568710091
3.3349706421
3.5321461461
3.2345296761
3.1447606021
3.0041591239
3.3983731991
3.5245441349
3.0586526199
3.3444605221
4.3580681032
3.3633369799
2.7297124191
3.2466282499
3.3812698791
3.4430977821
3.6968524417
3.5724183159
4.0345797071
3.7493020499
4.0209688801
2.7309416909
3.3480265299
2.6742790481
3.8675381279
3.3030372321
3.3438119849
3.2561757199
3.7205014801
3.4745006921
3.5032752099
2.9601847321
3.3265325189
3.3936439449
3.5179444031
3.1648447649
3.2959023979
3.2410487521
3.3503178671
3.8178973021
3.4653634139
2.8093586971
3.8264921551
3.48425612635
2.7457085424
3.2323990949
3.2172725269
3.8494401529
4.1683788719
4.1225751099
3.4882128589
3.7422266209
3.6699819849
3.7144811399
3.5688388021
3.5561490251
3.6040688221
3.3568084021
3.4157767459
3.4061519921
4.0410765279
3.0951813951
3.5477251621
3.4625557751
3.1204137821
3.5559947241
3.6911367634
4.0189601299
3.2103160459
3.3951404299
3.6135558101
3.4113249491
3.1270402831
3.9913660747
3.9911475401
2.9745253461
3.3173913799
3.1079523011
4.0198532131
3.7947628471
4.0854041802
3.1943585551
3.488782688
3.5875996911
3.4397227641
3.4873763261
3.7402478389
3.7231660989
3.2094403211
3.4472089531
3.8937773519
3.4185479971
3.8510108191
4.2066863871
3.8991304551
3.7091210951
3.7883628681
3.4060203941
3.0955579321
3.7444899071
4.2027844511
3.7282434161
3.6124160739
3.3795212941
4.0923074877
2.9840617721
3.4045939351
3.5141605211
4.3158351331
3.1714833169
3.4854380181
3.2249033159
3.0740429279
3.2724062402
4.5093743161
4.0817558971
3.8831580531
3.4009419631
3.7443357631
4.0964235472
4.2433483111
2.6097772181
3.9080779179
3.5013774357
3.9446177631
3.9259142451
3.7780432938
3.7923429319
4.0346568005
3.5931401481
3.4358037141
3.873494317
3.7832316989
3.6107965984
3.0527655321
3.2789717363
4.3359704247
3.8913408327
3.8425862911
3.8030269201
4.0956633511
4.1050838851
3.5880877471
3.49182360902
3.5877723261
3.4868870701
4.5284049711
3.4373703731
4.0265325751
3.937292961
3.3459558589
3.6101006311
3.7147209619
3.7506982461
4.0839311431
4.3971378561
4.1582595011
3.7897898301
3.9435086624
3.9201493129
3.1717715761
4.1248794161
3.6512931953
3.3692747291
3.9156453789
4.3207180771
3.3915321869
3.4448394657
3.0477297001
4.0330881481
3.7534519091
3.92672805862
2.9942948359
3.4018524401
3.2358044121
3.5418408971
3.7914241001
3.7815506251
4.0814288199
3.271901576
2.5185988485
3.008272158
3.247231111
3.823071121
2.994778574
3.106667202
3.454892505
2.645317484
3.386512102
3.092873218
2.652618735
3.015548855
3.011339456
2.728227118
3.38319292
3.814435147
3.291062885
2.6460434
3.49544544
3.832199876
3.301161432
2.740539636
3.533629524
3.822966454
3.42206917
3.38502641
3.93676046
3.115862854
2.985145793
3.192831289
3.1169781234
3.278964384
2.709160213
2.642250176
3.695970657
2.8853219891
2.927129042
3.0656791542
3.0666868364
3.2730896117
3.0357206449
2.70816093965
3.847750223
3.5511798731
3.629414013
2.767785744
3.003935677
3.335079389
3.178310917
3.12642283
3.696282423
3.606742396
3.308336241
3.159097699
2.864978121
3.7849906423
3.272267564
3.080131463
2.699162937
2.534879718
3.15083408536
3.5373288135
2.9599293
3.354758727
2.493923559
2.997238657
3.00639631
3.117461188
3.202267734
3.088805212
3.328083732
2.7334368934
2.855336295
3.285472563
3.2051335248
3.106649546
2.7648317
2.681906252
3.627608649
3.0161601
3.201973677
2.930555778
2.9869496707
3.855368739
3.7965926
3.326244527
2.215873082
3.470683763
2.524088154
2.769107095
3.30616447
3.128571226
3.379785875
3.266930521
2.966544878
2.928846323
2.6720838215
3.1457396998
3.1331045162
3.3114004955
3.3313486295
3.3933502205
3.6219984045
3.28236316054
3.96633376062
2.4392166465
2.618718249
2.8203127325
3.3672591265
3.7626942135
3.1378272645
3.6457143575
2.9211216585
3.566234012
3.6101478415
2.8160850558
3.6004223465
2.9574943315
2.9729565075
3.564903206
2.7656206595
3.2782098645
3.6911917035
3.3847960086
3.1235504115
3.2982108015
3.1377205277
3.5413816025
3.0361688115
2.7164699555
2.9109285495
2.8713203685
3.0157838785
3.3369751715
3.2340953085
2.9255908715
3.1505893745
3.6537704655
3.4443406105
3.3803588215
3.124001412
3.8487057735
4.1934690084
3.4452634185
3.0630107005
3.1401093865
3.1997270255
3.3600360933
3.2957956165
3.9040746265
3.5311368745
3.3148837805
3.4693887585
3.6481792449
3.9384823475
2.5703667195
2.7150253815
3.2656923615
3.1114830326
3.2266175515
2.6455318425
3.2648158655
2.8428561125
3.2533904775
3.6393771175
3.8293441385
2.917237764
3.1421884975
3.38955401796001
3.2682096295
3.1751104096
3.1085102445
3.0502770943
2.8838335725
3.2295774955
3.2365389305
3.3109418575
3.5186189855
3.2896068855
2.822006972
3.2966241935
3.057693143
3.0224683255
2.7039404632
3.1996522045
3.4097129705
3.5554915733
3.0428203034
2.8737410735
3.3183255615
4.0845176845
3.6193312045
3.6003974154
3.1792393215
3.1912095835
3.2633414985
3.2910614625
2.885291554
2.8976498315
3.140760798
2.382213315
3.785759125
3.067456433
3.39091588
3.347997382
3.335739252
3.4000347
3.461635613
3.464768694
3.686100647
3.5927188764
3.3159368892
3.334725628
2.749843582
3.3227837928
3.19587384999999
3.715681373
3.448000441
3.595345834
2.51393737
3.885844316
3.3001011789
3.4973279761
4.02501269
2.804952703
3.6048729751
3.6443279242
3.491594177
3.55447106
3.114610381
2.848628675
3.430997164
3.00206762
3.67205562
3.210957056
3.1836317779
3.24779095
3.79403812
3.2404797767
3.583868126
3.366404188
2.958191241
3.583038465
3.373220238
3.420829033
3.203920121
3.383732823
4.15504585
3.127941277
3.46402669815
3.0805034398
3.2545212006
2.95253405
3.784165215
3.170441614
3.741758155
3.810495618
3.711288022
3.407455986
3.523006499
3.157102912
3.2854774205
3.7343866002
3.07100291
2.970837034
3.898816213
3.5463469992
3.181591239
3.175539847
3.20159549
3.648459918
3.3023463754
3.718305949
3.228294377
3.61745861
3.0167726084
2.22219582
3.5239612714
3.397268609
2.747215762
3.33301504
2.7338240431
2.766775111
3.766500023
3.49840166
3.766505113
3.308524559
3.730006664
3.463316571
3.609743551
3.559539699
2.963767613
3.184905282
3.823881407
2.79019096
3.5652031903
3.360490532
2.836229107
3.322372656
2.87634545
3.638497027
3.6469882135
3.264878612
3.357080429
3.61700051
3.596250474
3.0618512975
3.544324311
3.197397318
3.244436912
3.550144454
4.051378512
3.359390603
3.8096131202
3.4638009099
3.2595161867
3.7740059363
2.634870264
2.6667100605
3.001532278
3.130567438
3.656424231
2.96441519
3.384012652
3.3272807179
3.120456142
3.1270167829
3.746103275
3.181633096
4.06051771996
3.558632992
2.491054523
2.89157145631
4.073900239
3.506995158
3.623170857
3.236697274
3.571903279
3.177071078
3.078913525
4.122241896
3.643955594
3.5510644
4.4563825863
3.707660312
3.431236503
3.835468339
3.155940742
3.272769124
3.645814918
3.16835165406
3.5039436348
2.803775498
3.289129014
3.693815048
2.8358015417
3.80394646
3.111353406
3.516844324
3.311600268
3.574852796
3.326079789
3.546823722
3.292773034
2.889994906
3.4123585319
3.5422073041
3.2343933254
2.915452413
3.495662264
3.125050702
3.550499959
3.390385542
3.496130567
3.671640812
2.364557643
3.674104058
3.5230299
3.6246435
3.3214404105
4.097561375
4.072660708
3.329891786
3.5109134429
3.299264507
3.793704716
3.807567752
3.503357044
3.417716811
2.621241881
3.94002588
3.087054001
3.518343172
3.535307039
3.065375652
2.987484202
4.094551635
3.5257054318
3.8677402675
2.929649775
3.580205063
3.909959388
3.799635903
2.9251314465
3.260339797
3.924304588
3.678159763
3.861164878
3.668127184
3.041538283
3.060131298
3.755710981
3.433317883
3.4166588036
2.9231895412
3.8163091964
3.838390097
3.2062795944
3.5003973207
2.658795452
3.6181919981
2.9125860693
4.065846713
3.463440503
2.823616361
3.400179274
2.996163185
2.883362218
3.669876185
3.593954517
3.818733387
3.114171214
3.423225392
3.536645466
3.856917215
3.065661071
3.067900307
3.6738140475
3.315656383
3.077640053
3.357425025
3.043169794
4.103729877
3.3636606571
3.353467879
2.759359667
3.537817241
3.580653464
3.306526471
3.539239493
2.742778463
3.6859434425
4.174732265
3.387472802
3.303697103
2.847459793
3.416887949
3.588867277
3.5029222
3.171920866
3.7832001481
3.14596369
3.594832002
3.602954987
3.2204849609
2.796850093
2.772703317
3.521575283
3.076739447
2.942824095
3.290755403
3.650095585
4.036968422
3.532943017
3.188047904
3.376271252
3.2943160413
3.720221103
3.1229157245
3.4356055281
3.868360652
3.4212946597
3.360677484
3.50121333436
3.052634934
3.672952832
3.819075522
3.608703595
3.623229892
3.810703557
3.67456185
3.109771924
3.459897666
3.615980315
2.809203361
3.669818043
3.116435287
3.237200185
3.86486002001
2.813944549
3.221298028
3.011815941
2.957277565
3.940449234
3.410364936
3.002521116
2.8317663298
2.830090947
3.53256905
3.610894423
3.251768962
3.770921111
3.28227996
3.138856663
3.548539822
3.361386711
3.286157402
3.779481816
2.542142982
2.700345613
2.718896452
3.49654649
2.400720606
3.138775591
3.051224103
3.640840665
3.1275325475
2.764286863
3.370865522
3.377097112
2.816408746
3.070073729
2.548661834
2.864142387
3.2419058573
2.843466052
3.5721988923
2.855742352
3.338609652
2.654463962
2.918070682
2.971410862
3.800392906
3.25147207
3.182986097
3.190640085
3.622992055
3.145406468
2.941386244
2.614050432
2.523697712
2.533291245
3.408176828
3.061974833
3.001481132
2.728603805
2.957321972
2.990018637
2.739598752
2.617950883
3.0961733302
2.344471182
2.939870032
3.305599892
3.246771632
3.513356816
3.075093135
3.359367903
3.681367272
3.260051746
2.926248837
2.921806468
3.193164032
3.105663429
3.629048415
3.103657987
3.0169935906
3.148035842
2.380956156
3.1279706355
3.612130282
2.600583362
2.642613894
2.65588174
3.624528142
3.552057872
3.503097192
3.389271422
3.414832179
3.115151648
3.030394556
2.813996921
3.034846496
3.223371733
3.082505652
2.998421544
2.6807691165
3.241754466
3.32278662
2.798591454
2.865850677
2.937098882
3.564967378
3.748209907
3.3019413851
2.762869489
3.2367807391
2.856181049
2.971942491
3.0103704538
3.683322807
3.326359643
3.862603198
3.531301705
3.719164707
2.9312760631
2.7131718955
3.150074535
3.0587416
2.744598393
3.065519942
3.3390647336
3.072013708
3.3398356145
3.760666611
3.820156165
3.164508861
3.323597332
3.418417115
3.4304350449
3.343126928
3.046508415
3.232755644
3.517102387
3.341198988
3.090765111
3.56374014
3.396293767
2.9180751027
3.343211527
3.751481482
2.950403675
3.769052075
3.065032714
3.106099932
3.8640908878
3.977458597
3.754924272
2.958054601
2.9393984255
3.361413713
3.139268042
3.666800054
3.91557397
3.0489748471
3.816337623
3.260234027
3.556623544
2.654192977
3.5247497493
3.860737585
3.30864461833
3.205241212
3.717778653
3.7910952881
2.90843318
3.145840931
3.3163209509
3.079533065
3.530232535
3.613671882
3.76276153
4.1365186768
3.271483339
3.027952981
3.442448553
2.966671121
3.387029603
3.610449998
3.485273219
4.315082195
3.426325843
3.337898184
3.138391545
3.224594935
2.6753443961
4.003475941
3.7280287038
2.8391957443
3.822933612
3.196334191
3.538959949
3.488326722
3.734187388
3.425007176
3.364759703
2.955680755
3.6442702168
3.20295673
3.650354668
3.9456559358
3.948259741
3.26470615
3.582685796
3.437270069
3.454656959
3.617918119
3.357624848
3.72069143
3.678593086
4.089337704
3.52821992
3.201230583
3.098563057
3.548490286
4.295963886
3.203043944
3.6927024837
3.9833707063
4.169762403
3.0906291555
4.339767148
4.121581569
3.730900397
3.276943447
2.85342027
3.623457486
3.227206997
3.8051679628
4.381812841
3.197242618
4.41603494
3.3364400615
3.704485096
3.520198229
2.892718216
3.632698034
3.631864515
4.2481210552
4.200538865
3.8012170907
3.77614051
3.367178236
4.039904044
4.083320452
3.971773663
3.83189127
3.758537616
3.08554437
3.918081928
4.062595311
3.219793807
3.960248947
3.523840895
3.3757940141
3.5942494091
3.186584853
3.425205049
4.259077949
3.6603949513
3.66137204263
3.013197736
3.905766307
3.132451319
3.853278919
3.533089898
3.20632121
4.197678051
3.3407185005
4.3486810405
3.224692262
3.469471635
3.650635491
3.532097224
3.217711446
3.407908359
3.568295761
3.282438889
2.55007653
3.754217695
3.5704709883
3.885317393
3.64171745
4.319853287
3.77809947
3.615047887
3.968791027
4.135482028
3.730247068
3.237718808
3.5368110255
4.678022269
3.366708346
3.294841906
3.565641961
3.582917286
3.590694003
3.162990011
4.058975328
3.276546846
3.704305505
3.671107828
3.821174258
4.202440601
2.575445798
3.536526976
4.152687888
3.338872255
3.891152778
4.0811248292
4.24546593
3.956289142
3.808410016
3.525448018
3.664740858
3.581120811
3.672941109
3.847112238
4.205458473
3.411651625
3.567299844
3.575551298
3.408588631
3.347479473
3.612650818
3.899739551
4.1384711625
3.369393027
3.614438221
3.617519402
4.1587036245
3.722683904
3.990846228
3.338626488
3.833355177
4.003240336
2.978910992
3.335033122
3.056824162
3.734124978
3.422311928
3.910915702
2.978162258
3.514848308
3.45460043
4.395679362
3.876858987
3.524016295
3.447680401
3.489105517
3.686803628
3.446069542
3.058885478
3.150051247
3.576532784
3.501842748
3.678363768
3.447594468
3.375782528
4.181106316
2.926421342
3.46876256
3.834337428
3.38000520126
3.879407959
3.417847859
3.373421246
3.5904821884
3.202927974
4.3658534793
3.802350321
3.684432175
3.121295602
3.6056855697
3.8720088912
3.238659359
3.512349889
3.447775962
3.704965608
3.1595973735
2.876028441
3.425533308
3.927627074
3.877436465
3.646965858
3.507645416
3.54836144
3.75706431
3.251939678
3.716202151
3.470311068
3.728807507
3.427446152
3.3837437999
3.790362703
3.753662037
3.122989371
4.062322828
3.250944066
3.83586038
3.40426729
3.86085416
2.774285295
3.63351334
3.066639746
3.672024215
3.728189564
4.61916988
3.27592037
3.313043081
3.29403023
3.694113093
3.420035228
3.3104000001
3.448716613
3.06666729
3.879479628
3.91478771
3.34525349
3.482245625
3.16864882
3.20179307
3.683875781
3.88936606
4.698584465
3.85141663737
3.856420904
3.57986941
3.70929953
3.14008022
3.75957077
3.46031879
4.355765347
3.58686269
3.167692379
4.39716451
3.39062758
3.17084257
3.71130566
3.2684380285
3.38839636
3.426748589
3.71863039
3.144490635
3.18444743
3.935197855
2.978829071
3.00697032
3.317919573
3.1009429935
3.96591625
3.53944394
3.29394507
3.852823971
4.162658715
3.1977305235
3.82988462
3.71232713
3.40796863
4.22304069
3.37525441
3.59706027
3.770786363
3.59604753
3.567115548
3.399866331
3.68730481
3.59532714
4.5575526
3.25697535
3.477862006
3.94231594
3.840051381
3.54735484
2.949502778
3.672510191
4.369946151
3.775248439
3.164279768
3.76701288
3.819086615
3.836842999
3.401759333
4.25353701
3.22472881
3.82244328950001
3.4305849269
3.279432489
3.820432096
3.4367817362
3.56971846
3.514893584
4.32504377
4.123773823
4.0973742721
2.909090268
3.543514091
3.83912722
3.35269502
3.9518639665
3.5301540076
3.2598335845
2.8109416605
3.7026317635
3.6067096575
3.7200980045
3.6090591565
2.7131885065
3.2456697675
2.7470527925
3.2818665045
3.9087415395
3.1367080575
3.0738694955
2.8035274715
3.8734220145
4.2391076725
3.5546586025
3.1966061375
3.3817111405
3.2283170405
3.1299737878
3.5052261245
3.1052138815
3.10162062231
3.7227795525
3.8045005294
4.0353952368
3.9321960825
3.6002253025
3.3568325265
2.8640489495
4.3070200925
3.50734449402
3.0956816598
3.7489312925
2.6548232425
3.8735071125
3.1412003625
3.4500451485
4.0311172295
3.2388115075
3.5208540405
3.4048046625
2.91882545349
3.9713425285
2.8521816475
3.7192084925
3.3031150705
3.4584673992
3.7576298375
3.4729788295
3.6000124325
3.5010947242
3.7866322225
3.5453682885
3.59197498865
2.9435714575
3.1368312725
3.9514334675
4.0700637938
2.9184613275
3.4448082125
3.9308870825
3.580857761
3.1113619325
3.7910109715
4.3484705825
3.1700423035
3.0477439225
3.4291225231
2.9256143145
4.2329558405
3.6347320025
3.2181821285
3.5194390425
2.9390746585
2.8016804965
3.5997636945
3.2366162725
3.2348994725
3.8153380945
3.0276906065
3.2943954042
3.6705710325
3.8745292035
3.4530394245
4.0950090125
3.2269147545
3.7252897445
3.5486222335
4.1565434205
3.1264461625
3.8021826925
3.4839358725
2.7657306225
2.7395976371
3.6658488255
3.1680359925
3.7908847526
3.6590796626
3.4352698686
3.5938824916
3.6907639656
3.8355880626
3.3574830646
3.3145971976
4.2181614426
3.9747476476
3.5194370286
3.6678084026
3.6579790136
3.9558895926
4.1555269346
4.1737159326
3.1046960226
3.5403563246
3.3652919846
4.3169266586
3.1859682926
4.4336950316
3.9240528816
2.8828468826
3.8672981866
3.8075529476
3.9901118976
3.9719290546
4.2704311876
3.8507689546
3.7645388146
4.1141159826
3.3029391126
3.4381131306
4.6686197936
3.0601977106
4.4716869426
4.0631572986
4.2500154485
3.7934778846
3.2237367246
3.3657544106
3.7664423446
2.9812120426
3.9642881096
3.8289134426
3.7345139406
4.0870574046
2.8298252526
3.8097623416
3.7543282951
3.1211015274
3.6836838206
3.9553722566
3.6174498386
4.1324819346
4.2110290826
3.2150393746
3.8733827726
4.2301896696
3.5620493076
2.9664640323
4.3117633126
3.6335327546
3.7940846356
4.5239439726
3.6483279446
3.2477102946
4.0928682446
4.6405064346
3.6726953426
3.6671873146
3.7645943446
3.8464620116
4.5144793346
3.9186198886
4.1717278336
3.9071863554
4.8893935916
3.4824440836
3.0404233296
4.2072656946
4.5523662146
4.0952637426
4.2426471536
3.6593634171
4.0403388736
3.9092779684
3.7749018456
4.0072995656
4.0854881176
3.9228457026
3.4216927746
4.2585647276
4.4291886426
3.1851782106
3.4043748046
4.3282333046
3.6710933506
3.3344959346
3.68806065
3.69875226
3.65938323591
3.51847432
4.166094699
3.366635
3.734641955
3.80712424755
3.2798821324
4.399111934
4.08213921
3.77694304
3.903600402
4.4098446
3.8511811
3.87298308
3.39836337
3.37176044
3.569152666
3.59194664
3.14692572
4.24039437
3.69150629
3.787344202
3.80550901
3.857552446
4.422211481
3.369006572
4.3392484
3.95955189155
3.068526234
3.79973699
3.699716349
4.2047635413
3.6880568698
4.203850317
4.45291186409
3.723822305
5.01618385
4.075577621
4.24908884
3.3260470038
4.07186961
3.99322313
3.618302355
4.763383162
3.740188446
4.27129717
4.72587363100001
3.87051289
3.671430066
3.190928486
4.199953127
4.528009405
3.96346134
3.424183138
3.936825164
3.984974235
3.920291695
4.119171557
3.701265288
4.51531872
3.598900102
3.66043814
4.03155556
4.209238627
3.878826231
4.04797146
3.945632865
3.969897289
4.74330176000001
3.488117785
3.779312624
3.903091115
3.271217577
3.616202008
3.752721361
3.583537886
4.104183318
4.160834562
4.49562072
4.03405043
4.399289245
3.552633435
4.44942695519999
3.759603562
4.071468275
2.970991409
3.59887855
3.499540609
4.444874516
3.65775463
3.993619969
4.385724245
4.122580752
4.425173671
4.83159563
3.98262431
3.2920750555
3.97642468
3.125613391
4.0060067664
3.45656047
3.406195081
3.72823481
3.738080001
3.039291601
2.999432569
3.695159294
3.291254323
4.154011705
3.221898354
3.688495175
3.355037881
3.59829106
3.430142141
4.070014346
2.551183761
2.873037914
3.445908233
3.750326332
3.547559068
3.7939493607
3.400404061
2.844621339
3.458439201
3.631869191
3.520915448
3.55092681
3.094114414
3.9021664
3.801443724
3.589178406
3.439153428
3.48626855
3.1128570485
3.823220233
3.048950592
3.046839286
3.110318969
3.345155131
2.900733832
3.341763529
3.543241901
3.42822659
3.796733993
3.978677781
3.254421621
3.223515346
4.268575002
3.449011961
3.221812071
3.146790919
3.469764689
3.109520433
3.725758551
4.055911359
3.890725351
3.553121011
2.797014582
4.875396409
2.965596811
3.804122827
3.213145775
2.878857101
3.169964347
3.7077923183
4.100323891
4.093019561
3.532237069
2.798226725
3.488891319
3.530894286
3.535978526
3.212140514
3.888668159
3.550849321
3.454217521
2.891719029
3.818818821
3.1618769525
3.702335743
3.706394336
3.707969578
3.675365541
3.234657274
3.37398324099999
3.448748551
2.9293388894
2.948714351
2.922792711
2.931618572
3.6295218673
3.813466251
3.548298066
2.681738201
4.269205346
3.456981289
3.667968121
3.904846596
3.70093731708
3.76832330252
4.07439118348
3.64580521148
3.11571388748
3.26544698148
3.10271598048
3.23967399652
3.63801289748
3.10815979648
3.31224508548
3.46756357748
4.08345723348
2.86648595548
3.93536127748
3.17916554048
3.48382652148
2.91934052448
3.50052179248
3.73428806848
3.36229300948
3.38462297352
3.43573238248
3.58783412148
3.79505075648
3.25249488748
3.87315335348
3.67716784748
3.44016425748
3.11477036238
3.38779754048
3.91021050248
3.52650949152
2.77147839348
3.65602712448
3.43763686748
3.68516159948
2.92171014448
3.41006360648
3.38950662448
3.37821159348
3.81349950848
3.65305370752
4.25773414152
3.66379530952
3.43217286748
3.33236700448
4.17271519148
4.16349485948
4.13523100748
3.78563904652
3.47894424852
3.47544763048
4.10678548252
3.89850865848
3.60680831312
4.01010895448
3.16719242248
2.93530855048
3.19221133878
3.68820279548
3.30021939148
3.42792293648
3.74042814748
3.34125781598
3.93870496478
2.53070710948
3.10409244348
3.45456291172
3.18957024748
3.69022864748
3.15403492348
3.54395877828
3.87238488948
3.70166675248
3.79814111748
3.67460345448
3.35201778858
4.16887182248
3.29712789748
3.41077688352
3.11911294748
3.72493020748
3.78326435848
2.87484527852
3.56405328418
3.40331308498
3.66462143248
3.28591179348
4.23210193152
3.54942155648
3.63616896548
3.79112321748
3.65755393962
3.08389427568
3.56741945448
3.37802586348
3.73654509748
3.27195362748
3.20100737048
3.784364647
3.8111969198
3.409814116
3.009049761
4.302623726
3.617275646
3.99555645
3.679433032
3.910267363
2.989861631
3.979039463
4.414675868
3.249770494
3.935686247
4.225700085
3.9003258
3.547230395
3.430172582
3.921977005
4.296826013
3.602019172
3.836561956
3.46951554
4.431760933
3.760193743
4.230603557
3.717728457
3.468647198
3.471675278
3.5438974883
3.579443677
3.7809600138
3.827870879
3.600556607
3.570814015
4.07886251
4.168271681
3.845713751
3.785669055
4.019689803
3.519793424
3.6457619172
3.019055871
3.69515876
4.120320451
3.77356026554
4.117378173
3.920123473
3.799096962
3.560902822
3.467412871
3.707926674
3.155950365
3.600679731
3.41535197
2.6307106851
4.121259529
3.177881596
3.198426193
4.034046249
4.051579003
4.402384001
3.878361942
3.932672445
3.794012454
3.8453521133
3.75576751
3.7778864134
3.982194294
3.981827755
3.981070623
3.754191738
4.117312014
3.539374137
4.219038941
3.6981402006
2.966853104
3.499747313
3.208596245
3.583644256
3.751046967
3.389773017
3.695239575
3.5297021973
3.365740237
3.458194623
3.694977233
4.619827031
3.573645792
3.971438666
3.565534329
4.008033931
3.6702261168
3.410716321
4.480002829
4.190339277
3.801289029
3.55434777888
4.296941463
4.028600121
3.256378302
3.800247985
4.232013754
3.891227974
4.106070234
3.486021563
4.213114628
4.586493602
3.502526094
3.693459474
3.996474038
2.965585898
4.019351154
2.969538956
4.944909004
3.449016822
4.096301681
3.360370054
4.440562614
4.237841404
3.666050432
3.398037674
4.302610734
3.320590919
3.659267452
3.837624777
3.782333084
4.038093048
4.11684815
2.922494074
4.395455231
3.663345314
3.748988544
4.506095122
3.913217582
4.459568288
3.987439021
3.142439658
3.908319924
3.653798384
4.419069448
3.238958604
3.576203394
3.385492878
3.582036777
3.368970252
3.778220364
4.083797708
4.0014175317
3.376960004
3.516336021
4.348698584
3.621913274
4.409246132
4.267858461
3.554931289
2.975176984
3.295697116
4.005337084
3.643509383
4.192267044
3.528586768
3.772424469
4.360670625
3.632936573
3.699138982
3.281680854
3.61203062
3.193719737
4.260292988
3.862130724
4.310909176
4.141203489
3.876446354
3.866703682
4.431508974
3.668482293
3.257088178
3.732627654
4.010396251
2.817830614
4.509029284
3.654453263
3.396824904
4.091334898
4.5596323508
4.016146653
4.262632204
3.454555844
2.7060253129
4.688063324
3.562743773
4.070713284
3.395436894
3.950120537
4.0788533375
2.927673759
3.976295997
3.792059654
3.323762837
3.40910725127
4.049224491
4.34766722
4.1067427646
3.843219752
3.531699101
3.68482237
2.984066144
3.3749225371
4.0391713
3.15662312
3.65618916
3.69071305
3.069082135
3.08078911
3.943662975
3.43658498
3.374230181
3.283506813
3.502192928
3.46501886
2.99917775
3.52411919
3.248637523
3.21299259
3.31852995
3.151351263
3.676908655
3.69418082
3.59502946
3.23770405
3.46911395
3.04866696
3.149049919
3.33820167
3.21544856
3.779433859
3.072193049
3.16162546
2.994550435
2.57762842
3.335736136
3.979462867
2.7361847757
2.9991711
3.29953588
3.04425676
3.64253999
3.27969494
2.99994695
3.15922737
3.40949101
2.62088512
3.75150393
3.170570207
2.965525593
3.34550302
3.985639833
4.235393369
3.772264865
3.31732337
3.55138186
3.39202423
2.6554827296
2.26038916
3.24197734
3.11657874
2.914029362
3.29350185
4.056097893
3.2485030237
3.980363585
3.30043562
3.202954402
3.54552217
4.216545677
3.680101164
3.19448482
3.08410014
3.345506316
3.41198413
3.23815278
3.54045218
2.777768367
3.06288224
3.31326143
3.403482274
3.291567666
2.89056708
3.64635257
3.74705473
2.59719001
3.74991873
3.741801925
3.561950667
2.8940954
3.87453946
3.85258479
3.47049625
2.806718138
3.810437843
3.87358783
2.99847611
3.72820609
4.507127553
4.499527871
3.4012540645
3.931147642
3.511901511
3.55379949
2.973483413
3.811935097
3.0201257244
3.427761523
3.59727017357
3.750085283
4.2314675055
3.7653158708
3.886752017
4.04426478
3.326215993
3.71845024
4.0176195309
3.083661276
4.44980399
4.368524497
3.38113945
3.941567795
4.509550324
3.7605215775
4.090298963
3.265230276
3.625721771
3.264871341
4.026119755
3.387201848
4.1243645727
3.933517964
4.0166847781
3.6720977334
3.864769027
3.327102326
4.189684657
3.381818585
3.935359932
3.853204915
3.986715953
4.0068563
4.038814829
3.49022011
3.711479796
3.227729259
3.954369973
3.88657974
2.8853566355
3.17952438
3.486429689
3.52436232
4.815508793
4.153015824
2.846006101
4.338845456
4.1988466659
3.185836137
3.60391157
3.009220904
3.709253834
3.425261224
2.960278771
3.719671251
2.51979601765
3.00076698
3.248714793
3.973004212
3.7659712381
3.36128199429
4.505463587
3.6643873861
3.8495351532
4.081116752
4.088990183
3.633325397
3.996090066
4.994968423
3.250758293
3.810707741
3.648756428
3.992080134
3.41363305
3.977742832
4.15382499
4.198000938
3.657100683
3.71060311
4.2668975173
3.839001546
3.648998717
3.5772737891
4.5186520726
3.566604387
3.572813041
4.165059683
3.70742977
3.2755482451
3.873497543
3.27175939
3.861761758
4.06542588
3.405573942
4.41169386
3.4243128446
3.71311599
3.907523254
3.733869331
3.8456718412
3.030112861
2.4615415447
4.032403403
3.3007624019
2.943225063
3.330501821
3.970042335
3.719452752
3.387872676
3.463517567
4.0053012876
4.02053234
3.47929765
3.4086442801
3.9832554462
3.4590200662
3.320209548
3.6168784541
3.33616092
4.15511761
2.768813878
4.142216389
3.058036148
3.815406923
3.576538884
3.228318065
3.0429824409
3.644465658
3.4500970914
3.321296249
3.442788256
3.72023736
3.286501781
3.24972476
3.685078823
3.324536047
2.879908481
3.457311298
3.903844131
3.630149226
3.392559573
3.903037239
3.679159304
3.565935308
3.308517435
3.394686159
3.585483819
3.36469701
3.92926596
3.61331972
3.96803172
3.4395561559
4.026738561
4.02827371
3.53409099
3.144284721
3.123529167
3.16250559
3.855216309
3.023056207
3.488982934
4.1081109778
3.57283792
2.873021619
3.999590989
3.456615615
2.4226595711
4.176265703
3.562683447
3.322380384
3.423962578
3.239861395
3.478504267
4.033278416
3.0885955886
2.931923828
4.26336974100001
3.018804456
3.416376145
2.96944933
3.792058066
4.1503039847
3.709574465
3.511532223
3.770490174
3.43378189365
3.223859169
4.002452112
3.6244664
4.19073542
4.7755441269
3.64304921199999
3.94985378
3.54927487
3.401041845
3.94800794
3.73008647
4.014133378
3.94024203
3.407474552
4.2757825129
3.69698451
3.67677878
2.9129485
3.558114932
3.6277372909
3.630737864
3.506703229
3.246624622
4.158308335
4.088974954
4.16479651
3.67377418
2.696508567
3.567640434
3.798659242
3.882712321
3.172123787
3.75639848
3.533572476
3.283279264
3.384009015
3.89468277
3.47680871
4.00318722
3.34939327
3.496197811
3.77836857
3.63791605
4.037482958
3.81733951
4.2901172697
4.657716975
3.433805358
3.636027894
3.83351225
4.123653926
4.20768065
4.528619086
3.18207509
3.494095057
3.652743399
4.2142737623
3.329358085
4.146257882
4.186258761
3.183781452
4.404486473
3.3393865993
4.5792363376
3.884973005
3.94885128
3.1492449104
3.613832632
3.295432407
3.26891936
3.96496674
3.256368985
3.400134137
2.957794198
3.297026986
3.858143728
3.231653356
4.423525372
4.370459657
3.435976208
3.399918873
3.450749282
2.95794113
3.85615948
2.821711469
3.87786132
3.3264310204
3.662580694
4.1354960383
3.605420547
4.324972075
3.474840015
3.769019198
4.72935666
3.668138688
3.66619433158
4.218950339
3.254373929
4.74830749
3.3823531283
3.1088524577
3.4280464423
3.4186547263
3.7282711626
3.9448073727
3.6294510123
3.4864110356
2.9888083523
3.5520935943
4.2235823277
3.6762922893
3.3243955892
3.8164105213
3.9259296783
3.6278649623
3.6045452273
3.4539624143
4.2185816555
3.3120781103
2.9359397307
3.8374183263
3.7758819137
4.0396431317
4.8406898457
3.4631513297
3.3510630753
3.2081281823
3.3177757497
4.8255659723
3.4323590503
3.8276191143
3.6555529693
2.812444519
3.3962503973
3.7595425037
3.7598119633
3.8496911503
3.0627463723
3.3386468555
2.9157598463
3.8130745353
2.9221039953
3.7083039917
4.1227375453
3.4858036963
3.3484688877
3.5635280167
3.0788039177
3.7181534773
3.3404712758
2.9116510707
3.4242821113
3.6279198423
3.5486776473
3.5116837161
3.8307192523
3.4160476223
3.3617032647
3.0394629677
3.1591541023
3.8623255135
2.6988769017
3.3262033827
4.2655102923
3.6143798423
3.6190364923
3.8698053723
3.4613772823
4.01855774567
3.2596036071
3.5264651493
3.4459719793
3.8770338847
3.3006670613
3.1186163023
4.1931920287
3.0780817693
4.8690247613
3.991445766
4.2910974613
4.0239925815
3.4306174523
3.6328549863
3.8286867595
3.7209565067
3.5850405123
3.1559559963
3.9306144007
3.3648476697
3.5147067093
3.7608283507
3.1743600441
4.3133770377
4.4776996743
3.6366226033
4.5552467557
3.5087652783
3.7411532743
3.3637757173
3.28427249
4.0729000816
4.36292163
4.575152565
4.255233857
3.676376544
3.93807355
3.924028338
4.1454410511
4.96002358
2.792751526
4.6310351
4.112059634
3.650417645
4.037802709
4.60864073
2.947718757
4.776710577
3.82259528
4.169985858
3.7439019572
4.648355753
3.88166944
3.959063505
3.88215854
3.57238395
3.58258459
4.401004374
3.6663570742
3.747878498
3.968880003
3.790440801
3.888008546
3.641120938
4.045575377
4.10617491
3.660382291
4.310292144
4.2349731615
3.65170061
3.314770878
3.723585696
4.085400566
3.390212363
4.114567907
4.620443431
4.5971636514
3.57453203
4.276070706
4.56713446999999
4.274310297
4.79468305
3.923852709
4.68809868
4.233969182
3.954722193
4.082324979
4.197695525
4.15511502
3.508398277
3.891562683
3.703716057
4.0635765401
4.116283551
3.470040509
4.143333774
3.949879962
3.532040544
3.80036904
3.47232564499999
3.903100644
4.380931414
3.734912993
3.827453337
4.103896655
3.71450618
4.219631708
4.034627378
4.073929236
4.492375046
4.55280618
3.9382796638
3.99854628
4.187522994
3.970224757
3.903957425
4.5800348895
4.030266026
4.17639242
4.15809231
4.3874542926
3.642097445
4.004597758
3.959951377
4.322914261
3.972152866
4.534898519
4.51315477599999
3.03576164
4.43649609800001
3.719012397
2.84124715
3.25835446
3.724640546
3.138502242
4.831720909
3.211832237
3.799908496
4.04551319
4.056173215
2.86303709
3.858930111
4.04865062
3.47596217
3.73010988
3.60129178
2.850898816
3.31184984
3.68579511900001
3.44483117
3.54836817
3.19139791
3.652987022
3.7210879994
3.64948507
3.24700058
2.892605904
3.60037619
3.439479493
3.29307053
3.410307581
3.6865515177
3.626394861
3.480127962
3.824204333
3.523725276
2.94004776
3.83132769
3.277490129
2.847928775
3.468294871
3.877862976
3.24021746
3.309246974
4.024734369
3.46416489
3.636681688
4.028347313
2.98151805
4.195556542
3.75759879
3.6448975341
3.305801748
3.314940786
4.06180476
3.8763383092
3.335787631
2.859212256
3.072966876
3.31203467
4.305583158
3.726682953
2.897556583
3.191381097
3.931368204
3.585118743
3.787187901
3.78776346
3.65161025
3.983831403
3.41939538
3.565343902
3.387005357
3.340342753
3.45640255
3.553949916
3.9861711998
3.837744804
3.9626948831
2.57793844
2.7790883112
3.783947
2.869327773
3.534360737
3.30678157
3.020927651
3.758194177
2.825813142
3.56089204
3.748226407
3.07768806
3.398897016
3.999440255
3.332514641
4.01134465
3.2232026426
3.322081409
2.80843788
2.96971694
3.175748009
3.528842162
3.770805882
4.875249005
3.201277563
4.344224892
3.684808074
4.199190904
3.286689267
3.463890609
4.572224126
3.697433567
3.4641233513
4.085457168
4.316955235
3.559718796
4.316149608
3.4522220279
3.359685911
3.721490016
4.331665923
3.750133065
3.659860773
3.741305343
3.684017534
4.066402789
4.258502289
3.591992399
3.532915486
3.544508466
3.248631475
3.672787774
3.6213620360745
3.635947832
4.268341361
5.650787897
3.4746308015
4.277410205
3.493011858965
4.442912736
4.4597076817
4.069224575
4.232436902
4.03574023
4.417115902
4.143957711
4.641852681
3.786287475
3.702206414
4.462671155
4.031673632
3.530957544
3.7020853041
3.497254589
3.799948841
4.132178195
4.090274458
3.962351518
3.9702847689
4.0002691549
3.859929923
3.870814789
3.814023437
4.132341161
4.122871026
4.587405991
3.6523757941
4.5221213925
3.918700474
4.623945494
4.115973255
4.379572049
3.770740047
3.2916270738
3.559788121
3.973536091
3.627676745
3.3452490227
4.428742948
5.247588759
3.943506758
4.155656884
4.264777188
3.491409795
3.306753019
4.316963805
3.931099106
3.583123929
4.107012521
2.78233510245
3.336145711
4.468692653
2.9627190318
4.442285256
4.071684308
3.563602481
3.192521846605
3.1524755004
3.549546408
4.16093991787
4.366944225
3.618145786
3.6758429431
3.027380273
3.78704446
3.30103383593
3.650118744
3.382040164
3.863865496
3.130332914
3.578368206
4.0736925146
3.052607508
3.096818651
3.779819304
4.325275871
3.780667356
3.712175188
2.3132712832
3.671560982
4.2304796067
3.717891416
3.297822502
3.114783941
3.220348294
3.480034263
3.370455368
3.7405656354
3.123607979
2.895611394
4.064771264
2.908315804
3.6359632002
3.790947537
3.6908307389
3.811202906
3.395052232
3.0889262381
3.296076228
3.203327453
3.506684966
3.746836496
3.581513364
2.544214544
3.22796186
3.875818235
3.994070147
3.461272788
3.574542425
3.739808676
3.094440602
3.312837426
3.77978635
3.380029226
3.667284428
3.420713724
3.394841554
2.998230614
3.31161568
3.257192894
2.878557021
3.326145298
3.231932746
3.637575653
3.463212705
3.666280616
3.993063153
3.263961754
3.028896539
4.009557747
3.176235436
3.641386565
3.9113761048
3.445940316
2.905070446
4.0236247179
3.317156444
2.907463775
3.919931535
3.36911555
3.777963544
3.353056719
4.467090634
3.668039431
3.465423706
3.226547126
3.419634254
3.302970502
3.213680114
3.485863634
3.071413701
3.2462327769
3.667654842
3.564662956
3.179172188
4.5011985374
3.97326291
4.124118786
3.150981694
3.641335516
2.331187854
3.578225589
3.9472108542
3.031665782
3.29048835
3.156304264
4.4885726963
3.758230727
3.383461257
4.089448663
3.178348191
3.572175861
3.041223522
3.52963032
3.608541579
3.782176666
3.951479067
2.949442603
4.353505428
3.3201227612
3.3463594697
3.947985488
4.19732896
4.016861155
3.778203345
2.875220207
4.097076189
3.207899645
3.572093412
3.9054261754
3.261637434
3.459111231
3.796543702
3.334609982
3.58397856
3.5799493709
3.774393421
2.828116959
3.75680826
3.9801472534
3.774838729
4.150438103
3.569960583
3.151499391
3.556988317
4.151207309
3.72192454453
3.423786653
3.612180451
3.24519724069
3.780522655
4.027493077
3.4968562168
3.520288759
4.3840300562
3.961441983
4.086150729
3.800768337
4.384534315
3.544993325
2.642551013
4.58759076379
3.098254952
3.402417014
4.608213101
3.453161393
3.836443917
3.63635052
3.5823502131
3.279616408
3.98516295
3.199032018
3.759015311
3.646406841
3.253031747
3.303566749
4.049386984
3.768117141
3.608602604
3.9897099263
3.507273265
3.4909921549
3.987039943
4.129926881
3.643033853
3.823456391
3.579926949
3.021644286
4.026144341
3.5625933014
3.66140356
2.458329606
3.943381358
2.980166315
3.41875243
3.715298656
3.398113878
3.618286409
3.90274162208
3.114840484
4.185892069
3.1255398559
3.781620521
3.615146959
3.706008539
3.758475241
3.558797255
3.264483191
3.886162893
3.182775107
3.6611858105
4.053842141
2.780156495
2.944522648
3.808217801
3.853615293
3.820636779
3.187270195
2.963438901
3.384630679
3.761840099
3.536427149
3.350984483
3.694280281
3.829040433
4.107616529
4.107754411
3.8508559558
3.8031795751
3.665744694
3.614574224
3.863072396
3.610856107
2.881548832
3.689794396
3.400590879
3.10549898
3.713386051
3.014236439
3.205956401
2.841787595
3.564716084
3.744059364
3.64705211
3.405620363
3.2702842206
3.675905637
3.243467895
3.88002447
3.271522119
3.230962487
3.087775212
3.724480899
3.615780877
3.575222569
3.669122877
3.199765129
3.537613433
3.609451481
4.068886639
3.790610706
4.0944371145
3.5091402895
3.199920771
3.572572451
3.985672507
3.770023814
3.973204749
3.476792132
3.102185356
4.070234021
4.2174186577
3.553312119
3.674482749
3.204656081
3.9429135004
3.331100541
3.7436933956
3.530950289
3.393750829
3.292584199
4.008746002
4.291340652
3.556720929
4.4681087087
3.865900539
4.129590095
3.5073434934
3.306204559
3.214187247
2.7880485804
4.266748679
3.267252762
4.2170939198
3.420912676
3.537006482
3.678730779
3.653026859
4.350348416
3.886062327
4.5689343853
3.391948965
3.843068093
3.50792035
3.0086339824
3.8399740185
3.281171515
3.279225034
3.417913717
3.867031787
3.062890431
3.063975533
3.4922153754
3.6525577564
3.817257103
3.621446885
3.568959252
3.580848082
3.136987145
3.186203035
3.604870777
3.065060817
3.715744092
3.739591059
3.064181829
3.638005832
3.664288062
4.182337536
3.427017232
4.0007312605
3.3420262096
3.975706794
3.447485387
3.686479063
3.043961282
2.983415387
3.414827539
3.559288493
3.563852804
3.476842327
3.549886612
3.2277439156
3.239249127
3.348823035
3.349319175
3.441199877
3.012132757
3.595664969
2.759923499
2.731221372
4.24667456
3.93781463
2.828107831
3.903076317
3.430834089
3.371558903
3.820413924
2.799466314
3.619152767
3.62059353
3.147801884
3.986481707
3.4314232686
3.499165769
3.76733871
3.2781939742
3.942232667
3.730333002
2.956481682
2.799545417
3.813556247
3.698592157
2.707501898
3.967084867
4.260562042
3.841529577
2.747306897
3.223909784
3.094028429
3.953095534
3.939572739
3.429846145
2.9847257312
3.306357774
3.682105352
3.576767797
3.400656814
3.456798777
3.9383921
3.391287287
3.600712657
3.974740777
3.848815943
3.913685412
3.077081992
3.546101939
3.122173789
3.176906397
3.3284254733
3.923415049
3.467203328
2.910312997
3.658585786
3.5444040125
4.167928286
3.4306700852
3.868889368
3.812975816
3.410371802
3.248419941
3.470058237
3.156028718
2.98402314200001
3.019925452
3.325985989
3.536254774
3.352657582
3.898604385
3.102796746
3.210918143
2.95490984
3.736622076
3.382835545
3.021846824
3.402763768
3.571137318
3.482816284
3.546909736
3.846457849
3.137586459
2.921430031
2.934305416
3.879574514
2.902525797
3.710002777
3.389496949
3.655496376
3.552986322
3.333970522
3.247618914
4.048376236
3.302365194
3.65810561
3.43978193
3.6923351686
3.377917597
2.818087017
2.762059303
3.54904408
3.527181591
3.855125562
2.786629522
2.66959729
2.778544237
3.084120726
3.411524966
3.333966332
3.698382786
3.234645734
3.35307528
3.302961416
3.486833872
2.8954858656
3.2950441517
3.3396008582
4.103352062
3.570902106
3.734863125
3.511005122
3.962448876
3.506442349
3.611360792
3.37552478
3.2594264238
3.1242879392
3.484060566
4.560879511
3.319711659
3.268438897
2.476489083
3.337884806
3.582268281
3.522725606
3.677117402
3.6297397949
3.108395516
3.754569155
3.159045586
3.307909836
2.997246483
3.224603236
3.500858284
3.88902915
3.498308225
3.3512897175
3.79755209
3.083410616
4.074016596
3.592082562
3.983042155
2.798522598
3.6252820152
3.9769899394
3.437358179
3.16487044504
4.3163124701
3.439535644
2.8172921628
2.9184646
3.550327617
3.701174605
3.837816038
3.797062638
4.256852626
3.192675193
3.1559152217
3.692512866
3.514373128
3.6677112013
3.911454313
3.4861193915
3.384676845
3.736622443
3.498824029
2.9102636151
3.493618299
3.241063002
3.807158155
3.4661587489
3.273012529
3.785147103
3.748723538
3.094290862
3.829230087
3.2491082377
3.648074136
3.525886891
3.544466924
3.319345484
2.9395785193
3.871894818
3.040091506
3.511177193
3.408918301
3.648792294
3.2949978498
4.0349860525
3.523040858
3.3207531596
3.447234616
3.848052917
3.442298871
3.238480494
3.6429915261
3.550118661
3.668815101
3.400263675
3.523269633
3.62697435
4.0420958422
3.058728914
3.0942885453
3.335058993
3.151586915
3.704287952
3.8591779445
3.279573967
3.695169543
2.9949375293
3.437437576
3.982154847
3.573318122
2.801116968
3.496355303
3.83487739145
4.0417176129
3.512336647
3.956789708
3.593975875
3.807366706
3.612181947
3.673475035
3.628202284
3.407572864
4.340644644
3.458734565
3.9754145198
2.972596693
3.5227291198
3.724118302
3.884921218
3.537825837
3.259995546
3.845667933
3.210389201
2.551534998
3.740648812
3.299995746
3.390217513
2.9559918576
3.499514895
3.039262733
3.01949771
3.037008342
3.32227724
3.697811875
2.865115845
3.518724915
3.378635036
3.64202831
2.953374878417
2.84169762
2.6139812043
3.197251677
3.321222036
2.857690555
3.149365684
3.015477114
3.64041324
2.824379673
2.878475622
3.544259521
2.92565366
3.03544529
3.068795986
3.298471061
3.494907038
3.051994141
2.876426
3.06381055
3.0979701645
3.3865703122
2.664617716
3.166450751
2.62645409
2.69379387
3.339788316
2.9750706841
3.312061424
4.23998326
2.5858069
3.126710904
2.628856616
3.399680354
3.656884383
3.1100829
3.495546451
2.673960876
3.40672499
3.10454152
3.332514639
2.9484268243
2.868190869
2.6346854514
3.940402583
3.041853347
3.623702409
2.986699149
3.669964683
2.1565015701
3.357610566
2.893426633
3.12025762
3.12844751
2.791574529
2.96537576
3.344647169
2.865869239
3.122025877
2.521584114
2.772186345
3.44637355
3.132588327
2.660444959
2.657785805
3.73877601
3.1076458729
3.081754843
2.9159689947
3.032051781
3.4809905935
3.74287481529
3.2786798759
3.0579402223
3.434637215
2.873343439
3.7161421876
3.054416864
3.328653469
3.42519807
3.350717169
2.918217762
3.111376842
3.823655482
2.83945517
2.794430048
3.6648119015
2.94159037
2.433981227
3.683844491
3.2273226771
3.2438225738
2.6619009872
3.3775463178
3.1328037198
3.7688955982
2.8827482272
3.5091710682
3.7438808902
3.2205623932
2.4928405218
4.0620914872
3.9220375072
3.4751731342
3.5845248712
3.6632205772
2.9968935658
2.7893098038
2.8824846838
3.7624196302
3.4708413972
3.7366716862
2.8507792768
3.7465053962
3.6699295162
3.6018147876
2.9634658842
2.7240299738
3.4768733872
3.217362964
3.4295327638
3.0830292548
3.65719493864
3.4302650982
3.0979997338
3.1238260342
3.335345157
3.9387455365
3.1177204288
3.2932520457
3.8876783898
3.1656776578
3.6978694942
3.1901489822
3.5830558463
3.0355436282
3.6262307018
3.2402204692
2.8858373947
3.4222126302
3.1302700822
3.3261542082
3.3994041428
3.1435102412
3.0952195062
3.5971204692
3.8198078192
3.2046065682
3.1352361747
2.8452841138
3.2492028978
2.8301772678
3.09497839319999
3.2848404102
3.2712877712
3.8635627288
2.9536307192
3.0613006828
3.2770329922
3.3763293634
2.6502210162
3.7818721842
2.8659621078
3.1983937467
2.8588357632
3.4307798248
3.1641863982
3.5261121982
3.1528205792
3.1009774862
3.4477107417
4.1110198142
3.209403687
3.4894746382
3.4303590792
3.5824631422
3.5950271919
3.0715181942
3.3082085362
3.0473277232
3.4603816638
3.2161002928
2.6543862562
3.1707857258
2.821249742
3.0113810832
3.1268010782
3.1420246722
3.5009278718
3.4940032302
2.9212559988
3.845977813
3.580466403
2.786950157
3.522166019
3.392486579
3.3913962618
3.376797658
2.608778688
3.234453857
3.211511331
3.010694939
3.87776540900001
3.084255194
3.37908776316
3.229931258
3.47171859
3.873719957
3.155053205
3.475783564
2.800693291
3.752080686
3.925755888
3.297389549
3.655926448
2.986293598
3.311672799
3.2871417935
3.66523727000001
3.696924381
3.526742799
3.7386197809
3.325146629
3.39926712
3.807825121
3.49470227
3.904924932
3.425388969
3.480076308
4.090588719
3.648697399
3.2799436168
2.921673924
3.420429111
3.24628224
3.291417885
3.373506627
3.511941419
3.302968631
3.399717908
3.040350837
3.255133535
3.563665971
3.1108287187
3.309708571
3.768069881
3.383792633
3.213233426
3.657336681
3.444712601
3.613285288
3.107701585
3.693177465
3.3933277789
2.701575591
3.207685199
3.164540144
3.156764311
2.72189256
3.699538307
3.3901370978
4.047172695
2.815660127
2.7181804132
3.025136381
3.303939624
3.081337627
2.779248884
3.592221712
3.561866929
2.8820146741
3.378596481
3.286384299
3.386657574
3.416034321
3.73996076
3.4353647944
4.159941921
3.088853913
3.383877549
3.419159099
3.1520198869
3.069648435
3.309550269
3.179581231
3.894506945
2.827414289
3.382724111
3.259099076
3.166929439
2.709162901
3.400026539
2.983614989
3.425151346
2.93234384
3.13974463
3.05733864
3.441696139
3.638054908
2.99132312
3.279037547
3.076947801
3.343377318
3.702556638
3.127964044
3.78526516
3.544199732
2.811827009
3.434347825
3.06516018028
3.37802907
2.984176904
2.647386326
3.337783917
3.339078874
3.23150744
2.952513702
3.01361583
3.114635881
3.7953144901
3.8796342107
3.73150568
3.120284061
3.353928944
2.934984794
3.2191504961
3.540293498
3.3063089351
3.0669118366
3.29492093
3.113358432
3.130189826
3.54899946
3.3143357
3.390269022
3.27853704
3.363667402
3.524375002
4.14460438
3.411685566
4.013629913
3.86175436
3.257601718
3.4995969
3.24365976
2.805678
2.95299685
3.219407493
3.12797889
3.045574921
2.88520368
3.052187247
3.4176474969
3.03162189
3.32525315
3.323028651
2.90326632
3.304149494
3.631575467
3.041901712
3.076565784
2.916191965
2.495102533
2.724804767
2.918956947
3.374433794
3.02254571
2.873735463
2.840885365
2.889682592
2.9497173692
3.214864074
3.34943257
3.259190921
3.469878848
3.396859467
3.855713792
3.505809793
3.224366018
3.257782827
3.321346458
4.369775052
3.718155091
3.023223555
3.644631479
3.336509427
3.480056797
3.607847464
3.081633124
3.4120343805
2.28262255
3.2518698471
3.51489671
3.141888918
3.483068423
3.00586035
3.432658737
3.657936025
3.6277953378
3.61081184
3.883496085
4.551976806
3.290640478
3.60488523
3.5008187
2.641851917
3.56800263
3.305001505
3.025859149
3.792306566
3.374231939
3.861127331
3.230299088
3.308262264
2.95521811
3.583461164
3.36820704
3.512328788
3.69149152
3.99614799
3.1807556662
3.554335712
3.631637354
3.269617013
3.742595501
3.1832835548
2.988910052
3.280400046
3.247089211
3.41302664
3.32262296
3.59245272
3.030019648
3.64848576
3.285557266
3.634945642
3.341150805
3.266297269
3.938757385
3.3266206589
3.83972352
3.244807203
3.165381723
4.100616656
2.667877461
3.33130538
3.669846979
3.790404928
2.984342011
3.179306057
4.153078185
3.7309153753
3.6026853955
3.701869283
3.38445631
3.4469795047
3.9184532871
2.75544200603
3.822191295
3.057477596
3.432604782
3.923488974
3.48429613
2.643846692
3.2889303188
2.673025553
3.55093313
3.57814472
3.366633172
3.558947567
3.422248073
3.26109916
3.704198057
3.559862863
3.619585726
3.802787077
3.5238594629
3.3435789
3.203110312
3.76718406
3.855646312
3.863974013
2.85100817789
3.202878268
3.542590811
2.642441654
3.40225789
3.940716459
3.256398093
2.89820029
4.025161993
3.209845221
2.877981457
3.174820982
3.110589665
3.148949998
4.002647498
3.256856695
3.061480156
4.033067769
3.022307653
3.396548425
4.086996182
3.669762546062
4.284660027
3.9553572828
3.273810198
3.092439152
3.355068973
3.244140559
3.249598306
3.562163106
3.942749674
3.378711422
3.148709204
2.499995284
2.889955175
3.5287547569
3.515255108
3.189809519
3.162504658
3.427786236
4.584792389
3.035965848
3.876739758
3.173603421
4.379547228
3.985358446
3.644059211
3.301959784
2.757927755
3.0882039694
3.544284072
3.830684294
3.402990126
3.4030222751
3.453239233
2.8630046942
3.0425523544
3.595718934
3.584401446
2.979944098
3.20839231
3.31798992
3.0386653728
3.3153086004
3.016022904
3.287605474
3.508034064
3.347248336
4.173615032
3.223438219
3.763478768
3.59524026
3.320760171
3.615409983
3.328557075
3.408701002
3.360142194
3.135288939
2.921719444
3.917548631
3.535834705
2.90053886
3.708601892
2.576707923
3.281234184
3.743224172
3.477084142
3.7551238774
2.714491151
2.811142295
3.862491904
3.398723007
4.10752049
3.114544664
3.456765631
3.405442172
3.144754945
3.445321329
3.132299629
4.1867940886
3.616821608
3.290612614
2.966407376
3.673059261
3.040864979
3.351275378
3.38757153
3.310553058
3.737484879
3.721544272
3.19254283
2.726349129
3.097769161
3.20326254075
3.032603906
3.442522577
3.471783325
3.453574947
3.246368293
3.643361102
3.858366725
3.821027475
3.0081436586
3.792304423
3.220129942
3.4535772311
3.085554164
3.35687274
4.357535522
2.819966555
3.557433284
3.220254435
3.131924576
2.880614941
3.503516545
3.234188715
3.4217326304
3.409000003
2.9763506499
4.090898185
3.384263746
3.407664533
3.560534698
2.8338945
3.605234969
3.485909548
3.764315012
2.98284459
2.886053419
3.148991281
2.855597399
3.494081502
4.046101816
3.433277458
3.312922186
3.529960016
2.617174065
3.582294191
2.89879206
3.410967614
2.985978855
3.189765028
3.177418258
3.450835787
2.714630085
3.42580604
3.237170804
3.0846246297
3.17241087
3.520557653
2.894774469
3.478069295
2.5296296
3.222076108
2.674606306
3.636714398
3.561277575
3.5906190921
3.480357078
2.861981633
3.00531326235
3.216958631
2.997910395
3.417333304
3.459847198
3.062636598
3.7791154359
3.533600385
3.48194459
3.220766451
3.22465546125
3.330142525
3.685086791
3.688685743
3.576459882
3.52285333
3.3503040676
3.648450265
3.48080077
3.2963271562
3.528218515
2.926469707
2.91188591
3.665508036
3.346812235
3.055680909
2.899263576
3.5482940759
3.336360162
3.0418479026
3.3131911602
4.0835572776
3.8715371646
3.6084308236
3.8738411101
3.6463064486
3.9122376936
3.0194784716
3.9100424846
3.59963209841
2.9913827024
3.7072617816
3.9201461916
3.7200343626
3.6466799524
3.1587509366
4.0620714496
4.1467261076
3.8700281016
4.3139600946
3.0729401623
2.8323740906
2.8862361436
3.4532086686
3.5886640116
2.7225941986
3.8118445916
3.8100468126
3.1647423814
4.0375947816
4.0089023476
3.9531907016
3.5494655876
3.4254773468
3.9721710896
3.7574427226
3.7825265536
4.1019449726
2.4978933806
3.7236721116
3.1579778746
3.0127559306
3.0611701696
3.3483427746
3.4966677856
3.4463214006
3.3086401076
3.5584236266
3.3244890626
3.7370058396
3.9922089496
3.5513055276
4.0411403476
2.5519520846
3.5742568336
3.6142171664
4.3295012386
3.4948144966
3.7767221336
3.7625793596
3.3880472446
3.9651114326
4.1069513064
3.8548370766
4.0948529916
3.5611687216
3.0206410816
3.4070541556
3.1834481186
3.3484534314
4.0648202666
3.4307154857
4.2742172436
3.9252558576
3.8934326256
4.2864243016
3.7555886276
3.84415339626
3.3615379076
3.1877315556
4.2110690766
3.9611488026
3.6449169186
4.5021174686
3.5074627188
3.9957206584
3.0352864094
3.8103137136
3.7207644426
3.5158570916
4.6262891116
4.0608271916
4.1298480836
3.6800721716
3.6702105936
3.5699504206
3.6375551106
3.6509726954
3.9340039476
3.940914804
3.894172732
4.273012417
3.688824705
4.519035135
3.4247579048
4.322877948
4.637807925
3.872647218
3.94204924
3.482116252
4.075034092
3.926262947
4.2096029975
4.318275362
3.120908367
3.206691167
3.730539613
3.694000879
3.532704744
3.366544303
3.953273212
3.835683253
3.4424985783
3.387341547
3.213699457
4.447114016
3.713458747
3.658527116
3.659831817
4.151026187
4.154281069
3.951789293
4.181586264
4.117779127
3.519786437
3.573375948
3.888994157
4.145096663
3.578207353
3.658077857
4.286635861
3.800130149
4.380940406
3.8143954678
3.858461158
4.340440927
2.946686404
4.249404748
3.7296935175
2.85205419
3.162847817
4.563721331
3.688388723
3.897725447
4.020714437
4.300473797
4.419064617
3.604392442
2.687709831
3.750562333
4.123497558
4.657238677
4.305581264
3.980572557
3.953441247
3.58092665
4.269724596
4.050253424
4.06207975
4.234968217
3.58212126700001
3.607413847
2.331658573
3.723613277
3.305793967
3.555089003
4.136055228
3.298132677
4.142479789
3.148524477
3.7878962717
3.828733695
4.252717869
3.444315145
2.940138892
4.218841275
3.348204025
4.017090092
3.303619843
3.430510673
3.598823663
4.180867104
4.137992627
3.2736272167
4.270130044
3.694353857
3.529243027
3.631886779
3.892457083
3.478587603
4.245933742
3.87918619
3.468142788
4.368546132
3.667663482
3.633289592
3.708361871
3.593250118
3.2922169337
4.185546766
4.160226894
3.607362442
3.958195342
3.792153604
3.317165742
4.000861514
3.362753282
3.973700632
3.538243927
3.682017762
3.959433747
3.682505447
4.43827114
3.516580951
4.499583332
3.942416685
4.635850965
4.153052474
3.894472842
3.614063759
3.910220942
3.542304989
3.436095457
3.861656904
3.499614145
3.932962724
3.8350033635
4.354078561
4.602110354
4.070732705
3.453691992
4.1921730489
4.231289848
3.94962712
3.707709303
3.572377612
3.56983226
3.451385901
4.107134586
3.615066906
3.74910165
3.35086113705
4.166092632
4.3221091937
4.556213251
4.190948816
3.9605545
4.199924482
4.863799691
3.611472464
3.990624522
4.302741982
4.048007592
3.973481772
3.960638414
4.247588932
3.681841872
3.167184645
3.838118252
4.260963634
3.593918572
2.9471862536
3.710518481
4.507236194
3.940727296
3.432195892
3.899497336
3.66511253
3.030526267
3.819604702
3.669071312
3.989596441
4.413323727
4.592697904
3.612919852
3.755044088
3.858839324
3.246168017
3.815903157
3.705698652
3.750380884
3.859377142
5.198464342
3.574044292
3.411743942
4.073138037
3.576604022
3.856790362
3.377784242
3.82042358
4.073243864
4.0750293359
4.27242832
3.97628714
4.515692505
3.53662266
4.14306725
2.96897347
4.0642705802
4.01447505
3.667254195
3.25587153
3.851337938
3.374718163
3.043789308
4.223227488
4.032210698
3.83071765
3.6649642205
3.5534366905
3.2655685
3.444871308
3.536651043
3.166815061
3.069746648
2.85635403
3.443971909
4.146537368
3.82340208
3.78626861
3.387306726
3.3903444296
3.616522635
3.529293334
3.25290461
3.094670415
4.082817237
3.826317529
2.85371818
4.121721849
3.4640865686
4.610687362
3.36055912
3.932911384
3.672313193
3.67941971
3.54602051
3.50808069
3.72702928
3.17016131
3.68724156
3.53433434
4.28320139
3.282452141
4.3370531
3.880779235
3.632085406
3.464813336
4.064066256
3.6472214034
3.4239802637
3.855164064
3.70474457
4.288494394
3.6747950973
4.153177691
4.115007364
4.458989427
3.61203999
4.260430591
2.772996519
2.89166819
4.185109607
3.980547729
4.4600176644
4.617968445
3.604032621
3.973244515
3.832301596
3.34689569328
4.030823468
3.69600578
3.7785263196
3.51313234
3.611123265
3.328177038
4.259794868
3.182349515
3.927132888
4.74391346
4.01506643
3.513179488
3.080994304
3.681207708
3.614055635
3.4017651
3.771609747
3.15719751
3.477769789
5.07010057
3.83404233
3.353229286
3.08307214
3.52670071
3.785534805
4.16012855
3.96605864
3.6942603367
3.31200532
4.307926794
4.37777933
3.643473251
3.6640415908
3.747793512
3.952812806
3.69912435
3.49371866
3.39596429
3.64462389
4.145360316
4.25730553
3.62552378
3.637592686
3.31845637
3.8999813853
3.951052697
4.08669379
3.914268785
3.96791135
3.45800194
3.729935044
4.541600879
3.75592565
4.29106127
3.66478523
3.45710361
4.4781352
3.73051901
4.400393245
3.88267216
3.8486522
3.997533105
3.34906472
4.312006192
2.80092877
3.32820581
3.991018913
3.724205863
3.476784832
3.364393414
4.00664264
3.59059579
4.280981372
4.2583874
3.73612755
3.50612719
3.34289953
4.17481338
3.93679682
4.491123838
4.470714214
3.3683383
3.77407244
3.67779513
3.95223364
3.91926025
3.299513316
4.251747101
3.725520136
4.15027733
4.272445444
3.65568361
3.7151431
3.540114968
3.73786202
3.404536097834
4.527361913
3.95418575
4.42298342
3.582732405
4.10588183
3.55253753
4.89042908
3.25834223
4.84320336
3.80987397
3.84861565
4.07651616
3.45585873
3.692634945
4.16485
3.56045344
3.71726392
4.024242111
3.42751898
3.1224575536
3.59926899
4.25734779
3.37737418
3.954215262
3.407218582
3.043648622
3.400484642
3.832706195
4.235821728
3.200328688
3.756001446
4.191616352
3.422031325
4.013317475
3.587916472
2.904391292
3.886014978
3.6240367961
4.0271920387
3.137040072
3.704564408
3.8646947178
3.238452864
2.899867732
3.473864461
4.385654407
3.941592137
3.066520409
3.3164081351
3.98308447
3.721847171
4.315295847
3.086495494
3.798211945
3.5157445292
3.001308218
3.527801878
3.433773062
4.0611660261
4.3789062292
3.448093707
4.542065789
3.438573738
3.696073732
3.660061822
2.759114632
3.610611733
3.604341102
3.87824751
3.4499871403
3.51942791
2.909489532
3.820507012
3.8762696569
3.2865903639
3.3502501297
3.068711094
3.924935915
4.206125717
3.420079918
3.281617202
3.5660405091
3.655086874
3.529322462
4.165055953
2.928339872
3.6577637711
3.364362827
3.638994835
3.544360718
3.397376731
3.93171898
3.607346971
4.054416672
3.6467576676
3.14180836
3.10096317
4.104131134
3.221758062
4.083577221
3.385847979
3.34423932
4.654240374
2.784605312
3.120543619
3.756997818
3.033743351
4.575379082
3.489708795
3.858149782
4.141782922
3.373641383
3.493960472
3.962630728
3.284312481
4.819995808
3.574937771
3.41329056
3.224999442
4.092767675
3.664589549
3.985288032
3.6369561279
4.318988498
3.8343038489
3.74663745199999
3.984714559
4.3627843059
3.899175108
3.946922584
3.9692359095
3.2725329414
3.9677904532
3.244788539717
3.903297336
3.850429444
3.506653332
3.905768076
2.917563706
4.4142623945
2.95651881
3.75091321
4.651070116
3.829626177
3.557635806
3.619222136
3.881402634
4.003866153
3.595796176
3.896965417
3.993035071
3.822827776
3.657239054
3.330282799
3.803777364
3.540136349
4.02089716
3.560300769
3.91751175
4.475460416
4.483340733
3.385642974
3.440572785
4.659551928
3.280996249
3.790709361
3.645340747
4.276979472
3.579650935
3.246183886
4.631918791
3.808026024
3.972405771
4.057050407
3.731227799
4.074291323
4.556170173
4.07698978
3.765343556
3.628008396
3.719156589
4.335685973
3.947340745
3.884874343
3.580258871
4.004288845
3.447680413
4.101917093
2.592426981
3.858214994
3.083331061
3.86766811
4.220522285
3.935946217
3.583879377
4.025201881
3.380196496
3.839385469
4.331228497
3.868147586
3.6856210561
3.831959234
3.365408474
3.1783665895
4.114977134
3.4824781971
3.406225219
4.752022331
4.3702192685
4.0655752438
3.877499158
4.384086644
5.1315280785
3.865852204
3.6760654462
4.0097844
3.5414220448
3.175849031
4.053818399
3.747250944
3.834607679
4.172189463
4.312108678
3.6602984042
3.537391573
3.860376287
4.000722207
3.80509723138
3.80910092
3.667492107
4.513915082
2.990408257
4.279121363
3.999722857
3.679140546
3.582526432
3.810650877
4.281250677
4.107720767
3.829845443
3.055633257
4.801515054
3.914647035
3.435278793
4.208341947
4.556203457
4.290141673
3.746794043
3.741903436
3.730388146
3.838965535
4.168645937
4.35260892
4.429776946
4.6556661
4.102520092
3.19812174
3.278323227
4.096641457
3.931052766
3.374623537
4.057971477
3.584751477
4.012500631
3.915101732
3.970343131
3.214500957
4.214767933
4.3383770825
4.219977117
3.140846443
3.413659177
4.218884205
4.145577807
3.664749844
3.971921265
3.940954236
3.893464587
3.748150767
3.642491607
3.550901727
3.877841717
3.908359882
4.242024387
4.082557253
4.082248478
3.313805428
3.905162756
3.664088145
3.61548989
4.363776623
3.881480253
4.244435201
3.840390216
3.857393331
3.826619227
4.399219074
3.403063337
4.347758187
3.505297684
3.98594108
3.697582537
3.472359636
4.332024707
4.0558241444
4.241641549
4.194908997
4.336693238
3.469958136
4.660863426
3.510874913
4.491407243
3.086786421
4.248128914
4.041084087
3.557271897
5.1554315
4.189676894
4.263732871
3.488405663
3.203484661
3.82488364
2.867247157
3.4538859649
3.275607575
3.8159439784
4.448998102
3.499710854
4.12476341
3.544063428
4.598731979
3.985935458
4.716721079
3.90341343
3.340703312
3.662605968
3.2172032
2.658516452
3.790839031
3.510351407
4.158359136
4.2112284322
3.566012334
4.242686079
4.312492125
4.653295486
4.219452066
3.829188865
4.194279246
3.30697238
3.274753269
3.701727829
4.245935997
3.98579327
3.627658257
3.642451008
4.472220829
2.9484743156
2.822000355
4.21269758
3.423329561
4.234325896
3.94238021900001
3.768072762
3.314268061
3.684069168
3.196542598
3.712081206
4.47757682
4.497183348
3.289515014
3.799313356
2.91611537
3.096723968
3.224303525
4.334589034
4.069173771
3.53037189
3.932104095
3.1341510864
2.989240458
3.288681341
3.508242615
3.91961161
3.8296951457
4.127124757
3.54535916
3.8406276149
2.76368301
3.916891116
4.321261996
2.710185088
3.91269765
2.901728543
2.924771163
3.347186582
3.408566043
3.812513233
3.603935971
4.516466377
4.0509410311
3.586992328
3.3791061
3.7865531824
3.278574131
3.411027522
3.354205985
3.234186945
3.739311864
3.651171242
3.502381893
3.3263673
3.602011528
3.88147214
3.783803603
4.162868652
4.057746436
4.232030238
3.820691526
3.652184916
4.41606014
3.449694072
3.793495796
3.299785295
3.485641571
3.609484985
3.942764395
3.587730872
3.518007565
3.68866879
3.487557209
3.501258735
4.182496838
3.55164751606
3.908273215
3.333893105
3.2753376375
3.967254875
3.946583246
3.285268696
3.938006224
4.607976885
3.693879355
3.684094025
3.832134459
3.1624802849
4.684606012
3.272189316
4.17415911500001
3.570489083
3.177749245
3.717528674
3.482580645
3.78035128
3.717239465
3.889404014
3.952713559
3.728889065
4.092787157
3.219197272
3.135797615
3.683085405
3.423529479
3.987942085
4.0808463835
3.125686423
3.576850395
3.703424455
3.571718323
4.060905785
3.637912015
3.552503628
3.653099205
3.482281315
3.411132035
3.694712104
4.000399085
4.23645537
3.4857832448
3.054958915
4.107915176
3.50262806
4.258820105
3.672331635
2.890579275
3.83194915
3.562071065
3.8600658141
3.043007105
3.747197235
2.938983475
4.40563917
3.840103014
3.148450495
3.955270869
4.25612669
4.398186435
3.509223467
4.879728466
3.954815456
3.709216349
3.434733468
3.679849485
2.999173685
3.908734515
3.710563576
3.680540555
3.587697085
3.170059325
4.291522678
3.493503977
3.592877755
4.144414044
3.736939835
3.057741685
3.247358002
3.563730481
3.454201545
3.962799225
3.746246345
3.781877606
3.065013207
4.299968603
4.0057541842
3.544500956
3.75932954319
3.865011152
3.469644922
3.4268647833
4.336440369
3.87571875
3.652176142
3.2627461
3.617517143
3.5585451893
2.87122766
4.168141629
3.5891811909
3.4620508537
3.735237015
3.526422019
3.572667549
4.121935459
3.894518694
4.14933072
3.714770702
3.408413587
3.360294055
4.1171150184
3.640823754
3.77514163
3.374485321
3.2599116422
3.964677496
3.584802849
4.012696807
4.447940512
3.034955048
3.482686252
4.090767766
3.208286596
3.816079107
3.642447402
4.882494848
3.731856232
3.9390831401
3.112799642
4.103363683
3.9563515745
3.104476232
3.466945781
3.0900337411
3.653413812
3.447417598
3.883904221
3.532412858
3.564229892
3.4897830291
2.9647777293
3.654697072
3.865345748
3.539848927
3.820473877
3.334013469
3.628406268
3.52051978
4.423301566
3.355941084
3.7008833379
4.045460938
3.237897278
3.545136639
4.113510139
3.978162174
4.342260807
3.489793598
3.175870882
4.914496451
3.9310532498
3.296629012
3.221956592
3.6624814029
4.052682359
3.599677486
4.168111518
3.68949797395
3.9843898979
3.2924201216
3.709474585
3.46171808
3.39658499
3.856376681
3.939954379
3.8881124202
4.2242662877
3.541025684
4.084600185
3.5505919776
3.075276555
3.718703276
4.075904926
4.077316891
3.449301742
3.7944824937
3.5547070177
3.9052966125
3.8666244857
3.6814492957
3.4812985467
3.6928840497
3.5839318477
3.4121008697
3.6779701587
3.6565913317
3.0067845277
3.4843166387
3.1202683448
3.6276981757
3.3457751671
3.3490281887
3.2404981443
4.2614361397
3.9867937757
4.1726174313
3.5754377347
3.5494530547
3.3875732467
3.9578141116
3.0912608337
3.8514252553
3.6912920527
3.7611022317
3.5480806327
4.0006543437
3.4640375297
3.7900191857
3.5099171707
3.6226958677
3.3732605837
3.7142578217
3.4755406347
3.9568416447
3.5763198116
3.6651995537
3.7489668597
3.5047512677
3.9273682567
3.1961606477
3.4078875057
3.8533418343
4.0442821935
3.6199699757
3.5489791457
3.1397473133
3.4635608477
3.1451946417
3.4096491657
3.6228203237
3.4889825993
3.5219909537
3.3999635515
3.4012548657
3.5495752387
3.1051697227
3.4268824677
3.5090450137
3.4987224353
3.9156407207
3.6418368397
3.8922947547
3.4567450307
3.3968615337
3.4020465297
3.8440603457
3.8135070127
3.9373007587
3.4558972847
3.6481532057
2.9984819283
3.3981123417
3.2608933577
3.3989580157
3.9247647357
3.3913260507
3.6139972233
3.3670802017
3.6001052877
3.4324159166
3.8397091347
3.8378813467
4.0825671557
3.2807865187
3.5568196347
4.1600079437
3.7530298047
3.5245349257
3.7938474105
3.3006742697
3.579517106
3.4121994247
3.6693428287
3.2602125367
3.5863191557
4.077219429
3.083058716
3.6616115476
3.792533019
3.53777385
3.648121827
3.766497834
3.011512316
3.681466914
3.169753882
3.458880071
3.055082739
3.664803039
3.260353295
4.04649555
3.770821821
4.2332841931
3.06310817
3.425758716
3.398001397
4.048138456
3.313520388
3.751388471
3.7887363008
3.049155782
3.804137935
3.8778607763
3.104730906
3.64845364147
3.265061528
3.271361952
3.32481606
3.57066246
3.71722114671
3.583690515
3.082280765
2.933532415
3.397289221
3.454282138
3.966583528
3.8433868474
3.714362212
3.59522305
3.722839316
3.790067669
4.157087156
3.310812419
4.060543269
3.914222601
3.406731456
4.08502299
4.08371829506
4.120603404
3.769625424
3.828978406
3.330063425
3.701326072
2.571850149
3.562369805
3.603800962
3.19887771
3.571495614
3.191450475
3.419366331
3.020235547
4.0079188571
3.617347185
3.565756234
3.872278205
2.682917674
3.8505942313
3.863227018
3.415882368
3.899502625
4.02614437984
3.247144974
2.572817828
3.954131153
3.711259356
3.190717726
3.933383191
3.1648509462
3.707329296
3.192587184
3.45243084
3.988801895
3.343716698
3.695203629
3.554304819
3.521621076
3.617133508
3.6700646425
3.561519079
3.409795896
3.838388714
3.470932626
3.8583303419
3.78019263
4.2809657471
4.333684689
3.7559394456
3.624087593
3.072699141
3.37158881
3.062420588
3.664269015
3.814837206
3.253125733
4.209824563
3.6413545219
3.4404822738
3.697906612
3.401983737
3.3818118263
3.222506662
3.5353117641
3.712464972
3.450958428
3.809749336
3.968824899
3.974517685
3.231474714
3.3684920693
3.625046804
3.402490247
3.29382975105
3.288085972
4.108404979
3.9661996828
4.162488742
3.372983147
2.849055103
3.528043688
3.884934386
3.29173375
3.37709861
3.661506789
3.612645972
3.699844682
3.557070043
3.418062048
3.642753911
3.6546008671
3.6555815177
3.568455954
3.915135324
4.282702979
2.945642867
4.258438755
3.127840166
3.535718665
3.662835063
3.480528476
3.510019871
4.162360206
3.564572861
3.4030800386
3.587630206
3.38726763835
3.91964185
3.40418747
3.0982745804
3.261234363
3.461748701
3.856278931
3.4236617455
3.4763436276
3.217284543
3.204536336
3.787821918
3.892924958
3.426656228
3.261358876
3.503509652
3.259537598
3.631594961
3.337704205
3.917296143
3.2213960248
3.5867643092
4.461693664
2.787616251
3.362792749
4.1548779434
3.690983243
4.038643812
3.336043308
3.0987021449
4.190743922
3.3968888974
3.633280607
3.64152946694
4.361951974
3.143081738
3.271079961
4.2174285
3.5830515399
3.55943675
3.659438301
3.479230301
3.895816893
3.4437069641
2.985899148
4.169928623
3.664598062
3.669722125
2.827514282
4.431369448
3.421589722
3.453535318
3.953537421
3.419261692
3.412464388
4.298062419
3.498823118
3.288986037
3.333238682
3.779185512
3.97753002
3.752836538
3.757421608
3.696803729
3.7509441507
4.316606505
2.806747451
3.184420622
3.865511632
3.274673058
3.394924088
3.863307778
3.525907805
3.788547142
4.152239432
3.636581043
3.808261318
3.227566408
3.177314392
3.527930164
3.878674412
3.007544438
3.19600079
3.070515319
3.357255201
3.611503635
3.257456468
3.099287046
3.530940699
2.806784762
3.373915622
4.404947226
3.284632189
3.701034248
3.851202002
3.260275158
3.997668948
3.042743226
4.553816763
3.845423282
3.684700995
3.1633607519
3.216634253
3.096626878
3.598885612
3.269311368
3.781444332
3.469771248
3.81916615
3.571218218
3.27717414
2.671804524
2.901282338
3.709683342
3.398934066
3.387257942
4.075801672
3.59837242
3.546499358
3.375961452
3.245247944
3.328369495
3.559000672
3.367091199
3.940171307
3.468896138
3.106862611
2.677159716
3.340528018
3.535396423
3.759697778
3.427830298
3.267628329
3.623774305
3.329715949
3.415606548
3.283475128
3.666082662
3.043457575
4.013663908
3.48514422
3.598057358
3.161643033
3.8727553671
3.868814847
3.240899404
2.834304393
3.754712992
4.127291809
3.4586597375
3.3990337318
4.089193045
3.7391776752
3.602410809
3.249036989
3.519515715
3.479598352
3.855916262
3.463852213
3.446988199
3.2162536443
3.727298208
3.865753505
3.5609030345
3.480363596
3.298369729
3.401550315
4.31571593
3.240668452
4.329606682
3.458879398
3.431922462
3.822823734
3.735406855
3.411542823
3.645926857
3.740964485
3.532636862
3.1400303198
3.484161745
3.7695939455
3.0082403462
4.076602218
2.916781662
4.847334047
3.1240405873
3.853497552
3.787399587
3.93671815
3.891443552
4.080965735
3.043120892
2.859805584
3.802963707
3.278666687
4.088665518
4.354936419
2.9946964333
3.039644105
3.98820516423
4.051993539
3.171535823
3.565748443
3.785539138
3.333977371
3.714032214
3.538186498
3.655711755
4.101274348
3.425829703
3.5138193452
3.553646121
3.633660146
4.007696829
3.879062487
3.999619849
4.261309453
3.635140724
3.117118662
3.379535976
3.2378032873
3.576934299
3.427154409
3.385515118
3.641114017
3.6569788997
3.824870224
3.668816253
3.41385602
3.7607010199
3.246529079
3.365389404
4.029641697
3.833223643
3.9189563118
3.241956264
3.37004877477
3.745120749
3.7239335096
3.250083599
4.076445567
3.272447911
3.3444178642
3.540178675
4.077838163
3.20217613
3.50097159
2.769768928
3.774775625
3.023267496
2.899546621
2.918501436
3.821005831
2.7872803281
3.043209204
2.446123994
3.170088089
3.460669061
3.466722461
3.074790909
3.190372625
2.405547405
3.39864051421
3.694674127
2.634989441
2.875820578
3.4425296676
2.919081261
3.008025541
3.528795549
3.247758345
2.7612202709
3.088613138
3.400701575
3.3603419486
3.260150262
3.572139685
3.122062198
3.344424026
3.269671517
3.123250315
3.598254437
3.248173731
2.892962145
2.709843635
2.957134816
3.449342161
3.22102472
3.0647146176
3.615124853
3.862200085
2.96048576
3.26587703
3.049146336
3.194006345
3.217901581
3.509678551
2.686384881
2.652548992
3.598304945
4.081865994
3.4980397176
2.995963185
3.113287397
3.337015057
3.6401939579
2.891248395
3.5499687051
2.290869049
3.349026504
2.686158208
3.536053125
3.676127163
3.660860238
2.621178496
3.395209085
3.005734915
2.743614675
2.996413067
2.664577085
3.288376105
3.617495935
3.277233095
3.022893078
3.1525979361
2.572325086
3.29271083
3.163462725
3.419237954
2.911406081
3.944210395
3.222433911
2.484700823
2.9081750546
3.680366999
3.600971822
3.527504915
3.466771847
3.271312035
3.24821785
3.452243562
2.751169545
3.088672183
2.80764987
3.280676305
3.048045698
2.946274322
3.500650991
3.296341237
3.642707345
2.845233962
3.208241266
3.556376881
2.888432902
2.3409947737
2.873403239
2.6005449467
3.2381653265
2.4299122604
2.782142445
3.336946283
3.608466888
3.167787632
3.544099799
2.784508415
2.831372156
3.8081666624
3.030654097
2.853974986
2.864619339
3.022759783
3.540459822
3.489687917
3.164856685
3.175020793
2.799733755082
3.1564573822
3.491666441
3.2333304866
2.882853293
3.1727395199
3.414027462
3.427846668
3.562207701
3.0708376956
3.103366523
2.901107482
3.217500671
3.423143219
2.614738226
3.88282022
3.025248191
3.550373276
3.062062867
3.131851941
2.734331718
2.9037852273
3.228885569
3.213811142
3.108539937
2.4431714285
2.916377076
3.528825259
2.8488862531
3.3849909445
3.0840920306
3.09202167
3.145321271
3.375178946
3.4254753375
3.053109512
2.820073233
2.991042116
2.778614109
3.274376444
2.6033166402
2.996555518
3.576376751
2.539903418
2.8286074366
3.4599544317
3.74675823829
3.6498624015
2.903131893
3.126893265
3.3032482501
2.810229923
3.174517038
3.217602843
3.106910598
3.914150956
3.3178088137
2.8964571711
3.543910526
3.7436717589
3.122269043
2.4137472427
3.74514262
3.203293826
3.3230968541
3.0133758325
2.623420777
3.264347714
3.242211851
3.011089344
3.4864787005
3.341627775
3.714067907
3.688931271
3.54607507
2.9667477649
2.948765278
3.077322972
3.46641303
3.227859
3.329928071
2.69216335
3.723085984
3.07060542
3.342731434
3.308688787
3.68406893515
2.63033331
3.54209604
3.752592348
3.6340693555
2.928059877
3.356467998
3.206293053
2.957699026
3.787065614
3.65529014
3.415523304
3.302745488
3.207902784
3.977207816
3.262099596
3.772924307
3.66805669853
3.5265485334
3.482424828
3.70356067499999
3.247750734
3.396212341
3.725311947
2.811171094
3.572128144
3.818184418
3.4818114926
3.430009073
4.050569625
2.923557502
3.131300888
2.831461629
3.448660498
3.441376495
3.46130336
3.931410032
3.23924
3.219494833
2.4446434697
3.49235928
3.3911112963
3.5774778503
3.3011141355
2.947502263
3.0118181832
3.165278771
3.004805819
3.318237565
3.790409318
2.5124392084
3.248205472
3.540360797
3.648312237
3.147770846
3.5427117557
3.66833466
3.18680816675
3.35006227
3.874965424
3.413012853
3.027289127
2.784854858
3.1432743709
3.325028728
3.074142483
3.455325792
2.966390247
2.8679260312
3.024073689
3.162954086
3.71310507
3.838085373
3.530336915
3.45466829
3.4697511206
3.2315335852
3.10364639
3.876484306
3.230406654
2.730558976
3.1026997721
3.7311702081
3.3796283721
3.1602252981
3.1964442981
4.0469957231
3.3102286751
3.6508682771
3.6616262251
4.2966379391
3.4139070501
3.0942444391
3.3754636511
3.4931377581
3.7349047081
3.4177657171
3.5405718621
3.3196756571
3.4644560781
4.2229661481
3.3758272311
3.5976700901
3.9812902611
3.4319870071
3.4937935721
3.3780830681
3.7083314091
3.7860665782
3.6102632871
3.6905270911
4.3655915611
3.915496116
3.8503426771
2.8867055691
3.6266123481
3.3835680971
3.1250380461
4.0441626901
3.9546627081
3.6232221061
3.0795611021
3.4829696681
3.3249246001
3.6247860421
3.6545183581
3.9732047571
3.0695248341
3.2717253511
3.2331750721
4.1097708661
3.6910603301
3.3839500611
4.3361856861
3.1591045861
3.9889242531
3.6544333621
3.6567861831
3.5358718381
3.8993851662
2.9424433981
3.8584895561
3.6126735611
3.2196030861
4.3368672281
3.4531504081
3.5753413489
3.7107625681
3.6608784096
3.4838257981
2.7319277041
3.7578023531
3.2758966381
3.4172909471
3.2477680211
3.1827892391
3.5584525411
2.5598047021
4.1517713911
3.3626284321
4.1715309411
2.9369071149
3.3609475531
3.5322427911
3.5184178801
3.3788288329
3.5365776981
3.4610589271
3.5052680521
3.6818172477
3.9702350871
3.7109146411
3.3248221781
4.2832984031
3.4712850761
3.0700835441
3.2338767731
3.4095780081
3.9523997081
3.2594721681
3.6465008591
3.359404356
2.674886801
2.385329228
2.907605976
2.86494358
3.508237511
3.216354042
3.011071098
2.568116613
2.930796182
2.9966699251
2.852087583
2.740710544
2.917788826
3.0046148903
3.75765860896
3.81328771191
2.91704009
2.980806711
2.846295243
2.697660541
3.596587704
3.205890864
2.41844646
3.0978159
3.268272626
3.47508126
2.933402186
2.844174567
2.94121885285
3.1139908093
3.099086357
2.741943183
2.7139300275
2.96792486
2.940825402
3.5220044168
3.231127616
3.4883094419
2.953928203
2.637949393
3.3719864444
3.187940874
3.008797049
2.738729716
3.7547170409
2.74871915
3.348933187
2.328607205
3.2135138208
3.397388702
3.11919563
3.235038278
3.588296216
3.22235964
3.212773951
3.025756319
2.9124125735
2.978970513
3.139108649
3.206033676
3.064418793
3.6225887179
2.7766148433
2.62751482
3.356396841
3.1071313578
3.4588025336
2.59512497
2.683658788
3.12726959
3.462821469
3.28909198
3.1683131475
3.129762575
2.687529072
2.762554219
3.4714069155
3.284256185
3.14121288
2.877459054
3.337115719
3.158190199
3.020338094
2.533045592
3.428603187
3.36437002
3.51834195
2.6585186551
3.284242643
3.530273025
2.9252029325
2.761362766
2.921756049
3.196753681
3.635441087
2.90345397
2.720150823
3.154534555
2.8286203856
3.7051408
3.239204412
3.555538246
3.47891021
3.756378882
3.650238859
3.8727366246
3.582204765
3.710930183
3.858605564
3.058339263
3.543754263
4.212210504
3.3670874969
3.639381295
3.104516762
2.889934666
3.782981472
3.680166455
3.960198623
2.902746143
3.328337031
3.0485375373
3.41171229
3.889046653
3.198425983
3.80910584
3.272573588
3.77618938
3.649587601
3.355821765
3.492930793
3.808067428
3.962202288
3.953455351
4.113946818
3.451916536
3.683794527
3.179629988
3.215996076
3.575551068
3.52014842046
3.897165789
3.779547493
2.830157006
3.611158531
3.030156655
3.4438084557
3.506384107
3.279498521
3.596932064
3.995593993
3.466445168
3.867549056
3.3506987574
3.4186292481
3.657376668
4.135016235
3.361302028
3.425062406
2.97060256
3.289873351
3.7956122061
3.322414791
3.221816057
4.022654107
3.442183171
3.214752677
3.207783893
3.2947539572
3.892831427
3.598897989
3.158873206
3.667238879
3.924917084
3.291205196
3.736585136
3.411940853
3.719418028
3.175514615
3.360205477
3.813707529
3.2117714954
4.284442824
4.215880013
4.16884434
2.764584413
2.972743653
3.725553377
3.674893111
3.725444214
3.720586526
3.662337339
3.560232353
4.323895698
3.375911844
3.735634933
4.122756312
3.48807578
3.138085325
2.8109823794
2.9612480876
3.6710715726
3.2757327544
3.1094310015
2.7516691167
2.5653880934
3.2909154366
3.2467947106
2.9053793172
3.2019789026
3.3168903156
3.2224025046
3.377128216
3.1925679426
3.2819343584
2.8929570856
2.7218359197
2.5094064026
3.1814803036
3.0182765556
3.0060495784
2.6951735535
2.9573010974
2.7911529336
3.0797338379
3.1248811474
3.0176225896
2.6220122236
3.5975094566
3.4349683636
3.3329101566
2.69349342619
3.2821514206
3.4424283946
2.9961848116
3.4281111068
3.0110942226
3.1187430946
3.3098098926
3.2651555236
2.8617231752
3.3096459826
2.3729848056
2.6967728134
2.8035422426
2.6119307946
3.2423678596
2.7327704994
3.4658439246
3.4990690826
3.4923623026
2.4120377183
4.0023953989
3.913182773
3.2399405526
3.2638177106
3.4415380024
2.8959889854
3.1219220486
3.7521910736
3.0193745556
3.2816698454
3.3278737426
2.9155291984
3.3370488306
3.1686130126
3.4238100756
3.0302189126
3.5815761066
3.1080765496
2.7420681376
2.5319454026
3.5303096726
2.8877614356
3.6793707142
2.7395587926
3.3986741336
2.8949000126
3.0360137296
2.6507278254
2.9665222626
2.3594283744
2.9018360234
3.5131914826
3.4505908476
3.2015983436
2.8067672026
3.5351365526
3.2264149786
3.1802239186
3.5369968766
2.6922395396
2.9206601266
3.0038327686
3.2300574116
2.3887753496
2.6179380546
2.7556629046
3.3234357256
3.6945829409
3.7241572441
2.7925994169
2.8717470364
3.2621921249
3.3396594219
3.4914147479
2.9318468739
2.7948926749
3.3592004789
2.88254625238
2.6732403821
3.1830104419
3.4294027591
2.9780861639
3.0666430921
3.2384018349
2.9716083799
2.7502852079
2.4564153711
4.1965288991
2.9164846271
3.45411059627
3.3633310389
2.7067790049
3.0943242279
3.0950870533
3.4452612441
3.1691466441
3.42561028945
3.4144611437
3.1001870749
2.7122544805
3.9799599161
2.7779599774
2.4582137449
2.8965138108
3.5929834891
2.6908574891
3.8833596469
3.2273384421
3.1732140651
2.6437149241
3.1843399979
3.6720108433
3.0728472089
2.5949736361
3.0429859809
3.6226736173
2.9829679271
3.5948995919
3.9847691391
2.9524375021
3.4552786558
3.2577837519
3.2945179709
3.5971249901
2.8915869269
3.4035238839
3.1372667531
3.2779583879
3.2099498961
3.6031527899
3.5534890809
3.2596439999
2.7792918859
2.9902782161
3.0213051521
3.1073776079
3.4801193159
3.1743862691
3.5071374111
3.7014013178
3.3029610175
3.7731046001
2.8239918229
3.5254071091
2.5663603879
3.6398840959
3.0840951349
3.1583405689
3.2058812869
2.8459691586
3.018822948
3.4828132739
3.2789058221
3.2318027739
3.6912692039
3.4106949849
2.8357491979
3.7770455939
4.1883921729
2.8857014855
2.9908657261
3.3481499259
3.3357070953
3.7272747689
3.3104078511
3.2407487502
3.03052481037
2.9105109404
2.8004213806
2.9243225546
3.4135990646
2.9568061686
3.53526796553
3.7945080871
2.9235045426
3.0407852058
2.5771661486
3.7915680286
3.2785269586
3.7397548956
3.0922068184
4.2312141456
3.4831656014
3.6477856396
3.0247520194
3.3631606174
4.3052448846
3.4275041236
3.7002934455
3.3979616654
3.8374878906
3.4899514046
3.2857836194
3.7235232044
2.8775476116
2.84670541979
3.2861884756
3.7320735324
3.1200147186
3.2358309194
3.2197938054
2.9454407186
2.7693269527
3.6067944716
3.3170515109
2.8654629854
3.25102344454
3.1757248706
3.74416410046
3.1334828266
3.5464976604
3.2005634557
3.6173780246
3.0245603366
3.2261221596
3.0782717284
3.7143294784
2.7661661296
3.7367695354
2.4015879076
3.6378384216
3.5126399184
3.6349530586
3.2376599306
3.0129217236
3.5074363254
3.0932256022
3.785430586
3.3378259516
3.05066888475
3.2783337564
4.0535357186
2.8655407626
3.7634539586
3.8587819054
3.6625179426
3.6505821086
3.9499247996
3.2512275829
3.7734572964
4.138788289
3.9374487944
2.7538300716
3.6252766376
3.5447860734
3.5617919607
3.7113117679
3.3460738234
3.4583656411
3.4892663434
3.2498295976
3.6349995373
2.9641783294
3.1944037204
3.7421190226
3.5092492154
3.3707295404
3.5440238776
3.3595849604
3.5188485334
3.4520731486
3.3211031572
3.85930652717
3.4026255736
3.1162398954
3.6865559556
4.1259357396
3.439118088
3.405224044
3.838768404
3.429885898
3.38389752
3.489134987
3.36985428
3.497989179
3.276348887
3.219303819
4.106182929
3.629649808
3.776428695
4.289822384
3.4281195403
3.66767944766
3.779376579
3.613127924
3.567566802
3.587396504
3.160486808
3.715297687
3.132645725
4.149507072
3.900499393
3.783451194
3.880685105
3.6947681663
3.85339777
4.377145901
3.546246825
3.176325676
3.985044681
3.649121011
3.876993843
4.465970734
3.988162969
4.176467909
3.388194501
3.9447639855
3.678400515
3.661704627
4.160654845
3.7169894168
3.582905966
3.52151063
3.5675657353
3.483315771
3.832594316
3.849211653
3.928323007
3.933045071
3.95055686
4.1409529501
3.384081431
3.863996314
3.692838416
3.274150992
3.179579353
3.701980745
3.3525695346
3.915527565
3.063861552
4.0200051072
3.9976854011
3.600954001
3.713353516
3.630716702
4.5990351558
4.022218294
3.053913006
3.3436553351
3.199900807
3.764213905
3.434086074
3.271868395
3.070690877
3.812539722
4.658522877
3.66092042
3.779613255
3.699443171
3.472884266
4.174174697
3.341273557
3.464961765
3.199632719
3.536759968
3.895572683
3.7174723293
3.396330332
3.573463577
3.46716171
3.305352135
3.879873764
4.308495941
3.826440715
3.629263466
3.193762987
3.632021598
3.363318628
3.274280944
3.003872987
3.182990536
3.9884627
3.633036
3.047411715
4.063763629
3.1923698009
3.2836191393
3.648058568
3.488825319
4.202090733
3.3281965024
3.611208567
3.2053718996
3.834392698
2.693505074
3.516785781
3.260876504
4.2195549198
3.179433573
3.134975305
3.491241458
2.6534800443
3.9721811396
3.705141869
3.863831652
3.137066353
3.25542065776
3.542096905
3.658358018
3.518979937
3.6619997751
3.797192401
3.0045334923
3.697556295
3.476316998
4.062102927
3.2233576417
3.336064423
3.006201412
3.6696678016
3.729343569
3.468829358
2.951530139
3.502883701
3.82487595
3.417702219
3.404838732
3.8231997637
3.6550166757
3.1744405068
3.598036116
3.671596462
3.809963941
3.484260835
3.18577394
3.506661254
3.20702802175
3.658601031
3.529983243
3.084611142
3.640596491
2.752729967
3.555334889
2.490960041
3.71516077
3.749021029
3.700027697
3.512282689
3.814202869
3.760863481
3.3891783098
2.7549655145
3.070773359
2.789257489
3.4730769548
3.427884575
3.6233084395
3.771642321
3.591149723
3.452300363
3.977016932
3.73831115
3.401461393
3.880901129
3.624557408
3.543017802
3.505645333
3.913388587
3.056444672
3.416178475
4.240612256
3.542925492
4.795810206
3.748990131
2.729186215
3.154676329
3.433032247
3.642886307
3.8669149906
3.7700054772
3.156569523
3.594839783
3.1528570351
2.966527099
3.132266264
3.372162657
3.090685971
3.143499707
3.247420001
3.618062588
3.4266074773
3.704950509
3.121473635
3.534898597
4.1205778801
3.410292177
4.413778731
4.012654892
3.326853221
3.0988507036
3.929119473
3.628423069
3.827430491
3.494207764
3.166588659
3.566325968
4.1307109
3.600738497
3.505238841
2.8958579994
3.917438571
3.294960241
3.888750191
3.51331914
3.690402998
3.708693181
3.072107806
3.0156349891
3.042649738
2.9833553386
2.8717362416
3.797544708
3.698240974
3.328395369
3.722124959
4.032467228
3.126741543
3.224828075
3.492985409
3.814483603
3.06496598
3.082332655
3.763403586
3.4778758681
3.9948794459
3.1727516839
3.084263735
3.935568379
3.830737391
3.3117080409
3.657686426
3.36658058
3.546682414
3.542035279
3.5031024723
3.414540421
3.489471455
3.490568912
3.338038616
3.169176802
3.635804779
3.707548177
3.5957157855
3.581599882
3.033688417
3.612717123
3.881710994
3.455529293
3.068164918
3.514608486
3.559656136
3.965053939
3.5717908131
3.5892477808
3.26020909224
3.336331041
3.401955063
3.0592492577
3.952110769
3.176620524
2.634700249
4.284144601
3.576524405
3.940416733
3.118340594
3.065991321
3.3384992853
3.135354371
3.355911654
3.159256576
3.24802199
3.0855957272
3.359089203
2.942639108
3.8000354804
3.315788748
3.474057233
2.877119439
2.918654703
2.84457728
3.31199410793
3.224148239
4.125261763
2.820888184
3.26119036
3.34615274417
2.57972945
3.057470537
2.819662416
2.833932046
2.922059686
3.179954793
3.253010061
3.456359435
2.8411878366
2.6375517701
2.984832879
3.226626281
2.781248481
2.9827253651
3.704873471
3.602095653
2.8022296785
2.9782840134
2.628067941
2.587864698
2.960596596
3.483438963
3.194966778
3.427724621
3.0505822937
3.096980252
2.96425374704
3.352744893
3.018018913
2.897610471
3.685136411
3.095999362
3.114030856
2.836230845
2.549708236
2.852171694
2.69300269
2.86711861744
2.88600406
2.894656273
3.1603808383
3.0974341689
2.6304299965
2.579545554
2.789583095
2.901460054
3.15619704
3.6435243404
3.113818563
3.096682376
2.816850883
3.463342867
3.422358969
3.561214833
2.704538578
3.175768362
2.9530153751
2.938031823
3.317272157
2.903520019
3.327283476
2.758354674
2.720787696
2.730428982
3.47958130862
2.828820174
2.919064091
2.886442598
2.533019537
2.969497781
3.344097817
3.133759361
3.200517674
2.957195254
2.931092491
3.098458462
3.467306749
2.998702168
3.0990854626
3.482354075
3.477095653
2.802281931
2.992885971
2.761638213
2.832142251
2.587211399
2.721793069
2.600727319
3.3694196752
2.640926188
2.6124029685
3.234444254
3.2270453523
3.146224992
3.676276145
3.140403051
3.119609774
3.045852509
2.788803078
2.3776955942
3.068475121
3.056427144
2.602585967
3.602114931
3.114733101
3.009478043
2.540182261
2.541118465
3.118431026
2.927219765
2.551796797
2.783046248
3.218691284
3.239305391
2.977939881
2.817760636
3.3315370821
3.330549315
3.325953969
3.217878381
2.817704074
3.459561312
2.4586894521
2.845257039
3.153943559
2.841677067
3.1631071578
2.781711321
2.879193036
2.776083595
3.24202061
3.000535941
3.322576085
3.117690817
3.100868621
3.154310452
3.248173525
2.673394536
3.039127195
3.361464411
3.278689864
3.2147392284
3.5095152482
2.6464031018
3.127097156
3.16052645
3.3042388539
3.788299679
3.4795087996
2.973913801
2.881256272
3.5080018954
3.325421487
2.86232153
2.997279121
3.45070179
3.567370539
3.241131616
3.341259351
3.376325086
3.547309762
3.81987335
2.822143803
2.53380689
3.159093271
2.855392321
2.835719436
3.300221496
3.116044091
3.000275057
3.186998085
2.330897432
3.265800809
3.414773471
3.071115364
3.06276197
3.193518941
3.29146628
3.400786389
3.017653441
3.08388604579
2.902086433
2.283117334
2.942782472
3.446054875
3.152764311
3.185646272
3.320379866
2.802086076
3.160470428
3.730198689
3.2326904866
2.963308993
3.282976383
2.883902152
3.657116052
3.575878892
3.304836872
3.101729447533
2.962766215
2.899888894
2.713478418
3.778124917
3.138986498
2.928746546
3.308939522
3.5318387645
3.252075812
3.270621638
2.973633148
2.881870208
3.384251565
3.229171742
2.991249893
3.1881553907
3.508814019
3.3094485646
3.355391279
3.357357212
3.121393058
3.17027709
3.450740383
3.25817531
3.4194031578
3.821692223
3.789552892
3.316220054
2.929228636
3.4033421046
3.574282741
2.7535635237
3.490494484
3.085744922
3.211398232
3.070033889
3.633173425
2.951374776
3.0109297617
2.595109797
3.495018813
3.2945239244
3.463381583
3.292765515
3.171186405
2.997140315
3.1829512995
2.915265345
3.255783638
3.312991054
3.578328665
2.512479704
3.08834137
3.13213582
3.057548027
3.00322561
3.41562878
2.365693312
3.498362968
3.365064992
3.368902999
2.601635162
3.085077348
3.314052688
3.112942078
3.58000046
2.8426113554
2.843333771
2.826655096
3.495186971
3.335166124
3.241878972
2.808779598
3.948997887
2.9344682108
3.498117089
3.288124272
3.28199881
3.309352436
3.665233819
3.176902806
3.441060138
3.270446811
3.480391579
3.039314175
3.927919045
4.025027029
3.227439108
3.877509488
4.106695759
3.667096519
3.7180911739
3.064470004
3.7887085181
3.669531691
3.428035609
3.897239204
3.008572109
4.654008004
3.952916979
3.4666522286
4.5820595901
3.422664869
2.976305771
3.183507376
4.058833087
3.6620645747
3.702858551
3.678475256
3.744622568
3.402853889
4.122782709
2.920622321
3.270167224
3.575782549
4.3442021
3.942982299
3.574892019
3.577263511
3.341674238
3.902251081
3.791762618
3.623834926
3.520428518
3.986271237
3.432158516
3.779904601
4.0685740285
3.822674209
3.260179049
3.87174746
3.431240629
3.759514089
3.133978301
3.387386257
3.023855809
3.678473482
3.581555959
3.529892992
4.114438479
3.195150715
3.295967829
3.507991279
3.4680779
4.049493106
3.9102700717
3.842666032
3.777164787
3.676397791
3.476016026
3.830501679
3.570104519
3.715283521
3.722048619
3.516039314
3.564942
3.598925939
4.07610815984
3.736454619
3.279046109
3.601211329
4.595425897
3.720386569
2.93451475
3.204668101
4.0259253099
4.109922921
3.052516021
3.454100274
3.214936341
3.890506419
2.953664099
3.323018379
3.435933859
3.529645369
3.526980535
2.657667357
3.5573734371
3.604658486
3.661562391
3.284318089
3.87495446
3.224424456
3.211106689
3.75727768
3.591772046
3.341677424
3.542269686
3.450276142
3.760397601
3.2243971173
3.49485805
2.698989134
3.334298074
3.778358165
3.572205029
2.938275539
3.338663339
3.51869213
3.65788988
3.362706189
3.719139719
3.032681513
3.3860354662
2.878298409
3.429688504
3.43232562
2.687823606
3.414394994
3.723343801
3.268619433
3.171571157
3.02933292
2.7515327834
3.713430774
3.8938229091
3.02891745
3.19537364
4.02316825
3.148045234
4.186894009
3.11050332
3.579754696
2.941595694
3.253670331
3.969232035
2.792329796
3.45848174
3.780578066
4.095431171
3.74682444
3.62579235
3.065685004
3.651217972
3.846662266
3.69114848
3.618324191
3.700959683
3.558781833
3.341760557
3.1016453817
3.469858506
3.503684818
3.0099873118
3.687112812
3.666675573
3.3664521072
3.313948492
3.734155691
3.962236205
3.058867015
4.122290292
3.844003846
3.444600332
3.294603565
2.989632209
3.678981195
3.874950702
3.609236976
3.811103047
2.958522917
3.329003537
3.5220885
3.579482523
3.891486866
3.41001426
3.064011802
2.969641706
3.2884142441
3.2521897
3.704559605
3.694419074
3.4521957
3.396912911
3.050912734
3.5720223
3.264995094
3.229044377
3.369820437
2.88920009
3.330065895
3.639918182
3.589946875
3.887781689
3.354261909
3.3442171157
3.299559136
3.393927842
3.943697601
3.4534126675
3.986577029
3.368710981
3.756373176
3.574843683
3.7509149769
2.938685062
3.905124392
2.805984014
3.063627052
3.0475101454
4.92764963289
3.167679825
3.255177474
3.2297676439
3.302914678
3.684105534
3.95525390511
3.047326209
3.0934893966
3.724416746
4.010343958
3.172667075
3.4403691119
3.125774049
4.254479014
3.307449948
3.990596502
3.403377699
3.383758384
3.797167858
3.410283345
3.159401435
3.749700011
4.099670149
3.100188635
3.7019046995
3.885460424
2.75069778
3.413357147
3.3145945336784
3.572322179
3.68961369733
3.731471406
4.5597270179
3.368085524
3.1801800996
3.882783868
3.2209715206
3.756561512
3.69395795
3.381903619
3.442975813
3.835919158
3.422877127
3.843515278
3.232658223
3.800076427
3.858058243
3.1913096899
3.670313605
3.8089653866
3.478573464
3.5796321601
3.7547855856
3.655566758
2.989810365
3.5334574599
3.845714848
3.779395076
3.58941038253
3.207336208
3.57229216519
3.071710464
3.703263878
3.423929616
3.75692248
3.540006038
4.548461468
2.7197453102
3.1733568835
3.408022406
3.38236471017
4.0118763011
3.802849262
3.016727133
3.7630449472
3.2271958569
3.156806352
3.481217441
3.6302054761
3.031940409
3.596747001
3.864237936
3.346579108
3.172485969
3.509289018
4.066630932
3.672430524
3.057677872
2.8436322596
2.828036423
3.3573442065
3.952126214
3.447191541
3.1737597627
3.715563992
3.525192704
3.385703981
3.108867836
3.87547897
3.856367515
2.797385642
3.2021438385
3.106737645
3.118110439
3.396907769
3.216217544
3.2458603201
3.314719709
4.011160069
2.505575449
3.570655067
3.054989922
3.319409048
2.999185458
2.633339898
3.395203402
4.267154912
3.713594314
3.614280592
2.837862609
3.717601259
3.432998929
3.0051138919
3.426619675
3.235736519
3.153210775
3.144139943
3.087864576
3.689207859
3.54789564628
3.270916614
3.677718789
3.172628699
3.033993037
3.004018069
3.423892564
3.231827519
2.856637029
3.67016813
2.614550061
3.262788381
3.798661839
3.331838205
4.066298221
3.363833659
4.014110149
3.180922892
3.692408739
3.549046005
3.370126689
3.751032974
3.313269497
2.936288509
3.627357983
3.176117755
2.787476629
2.873042949
3.160428416
2.679964017
3.061230229
3.308674873
3.243970856
3.642597219
3.37134401433
4.046513651
4.3393917982
3.5457781144
3.889900497
3.102384275
3.744383741
3.316653629
3.313678507
3.950404639
3.6155875632
2.634564719
3.495049789
2.774291655
4.260457251
3.248262881
3.048739319
3.512666094
3.5572289
3.13979922
3.370006088
3.3853645852
4.0672924
3.233858936
3.457841047
3.561790737
2.9966323922
3.347851986
3.74636537
2.606016119
2.948943679
3.714078299
3.584590138
3.404542838
3.46612447
3.271073163
3.803816785
2.976819496
3.1557438611
3.313528614
3.71389405
3.3152631
3.90618647399999
2.799958635232
2.678631045
3.233908243
3.735554407
3.280443035
2.540004891
2.757733662
3.613135635
3.083214706
2.916755385
3.301397144
3.4696830207
3.237283277
3.279253103
3.40098939
2.67998601809
3.29096073
3.4645771
3.053637664
3.210229734
3.7269801866
3.478412078
3.2691069909
3.0451601817
3.83309712
3.0412164
3.281671558
3.659766339
3.2333125693
3.360436583
3.545842107
2.899801384
3.591691763
3.404494986
3.0870013303
3.316860226
3.331171724
3.87195834
3.316992844
3.813017583
3.328396262
2.987710312
3.2117534927
3.0331667509
3.54758919
3.200191737
3.682940633
2.248792057
3.228789269
2.94930371
3.905402338
3.163790795
3.6153234931
4.033931372
3.42086747
3.2564779807
3.2596816302
3.546025971
2.9015333696
2.670516892
2.932421101
2.86651722
3.4901602251
3.75676251
3.312164106
3.027642168
3.616678591
4.057995204
3.34534924
4.666211536
3.603908436
3.542614072
3.802902233
3.463314036
3.87187318
3.8384215251
3.893990837
2.965748298
3.432004025
3.92546004
3.581359968
3.91055544
3.279475285
3.371713113
4.5086071748
3.982862278
4.46465757
3.809655285
3.375881831
2.955367211
4.0663738269
3.3812591736
3.7437268415
3.1762742521
3.538641886
3.386808932
3.397046296
3.367168728
4.55762376
4.143119341
3.6767690454
3.336656836
4.32961347
2.722141836
3.612057641
3.24873761
4.383511884
4.2991216288
3.551899551
3.252785385
3.619586345
3.266668707
3.5992135852
3.818838999
4.09946164
3.332278406
3.284482909
3.915429387
3.675662871
3.3984152413
4.119763273
3.580153114
2.8325175394
4.25888272
4.0958904
3.89153036
4.07933373
3.643067347
3.670710096
3.59571684299
3.901794877
3.682546804
3.61172131
4.127402922
3.758556382
3.247411875
3.3144593224
3.5910272269
3.8980180347
3.811019495
3.326688788
3.509348502
3.129877833391
3.46322951
2.804206397
3.69254802
3.512070092
3.803948042
3.52089701
3.52243875
3.159482179
4.202734192
3.449027147
4.328960535
3.309813489
3.9890565985
4.254957605
4.25246311
3.3109993546
3.479100071
3.21818144
3.54878252
4.3582957246
3.651003435
3.381092214
3.7754425
3.92187130859
3.950043572
3.0332097035
3.652680494
3.810998213
4.288710207
3.15815987
3.514088428
3.489342107
3.092660597
3.573312889
3.588252281
3.296191669
3.9443613421
3.512337323
3.671046234
3.7627341444
4.332725384
4.1083849797
3.849274171
3.721017024
3.579345251
3.104696572
3.39301946
3.973461361
3.455090227
2.798397178
3.941923561
3.718972151
3.171804291
3.046140889
3.330843641
3.134024141
3.537759439
4.56178485
3.714115354
3.842975785
3.070465559
4.135892462
3.219602699
3.680131491
4.096112521
3.398517881
3.551581695
3.616688191
2.981911689
3.163505394
3.381196881
3.959331381
3.817066232
4.433767811
3.762388711
3.251668353
3.607879797
2.799261569
3.443976091
3.402704431
3.730996541
3.592050251
3.850727439
3.787441695
3.424059731
3.685539285
3.358366769
4.201736539
3.219301197
3.323866362
3.994850161
3.6130312784
3.823965669
4.219205041
3.185237959
3.710467189
3.801330549
3.748209609
3.484279181
3.24943951
3.221375791
3.686134999
3.626582881
3.58310382
3.358002381
3.849350401
2.944451199
3.483546951
3.298966127
3.449628381
4.216530029
3.195728439
3.834379129
4.249880941
3.836230432
3.661432611
3.677562761
3.774380232
4.203991331
3.878407429
3.065305001
3.453751442
3.586445399
2.804293969
3.52788943428
4.55475853
3.046960291
3.813808799
2.471691059
3.670549059
3.328541451
4.129377068
3.858748001
3.621985638
4.163496455
4.597107418
4.376150087
4.550738226
3.627958822
3.1794363255
3.513626574
3.7059856836
4.876978111
4.4859627523
2.70811108
3.621984314
3.524878887
3.75907528
3.3178244214
3.563120914
3.514644238
3.564168149
3.703455463
3.277477689
3.722593837
4.257401818
4.33707881699999
4.208198551
3.4970766229
3.775106256
3.24926405
3.825119459
3.679186719
3.556385787
4.19636685
3.884403575
3.719608157
3.748352793
3.47080829979
3.7993925993
3.819780293
3.344977687
4.024750689
4.0540136833
3.789789638
3.606516645
3.078653412
3.985073828
3.957724044
2.842854084
3.722388146
3.684449127
3.943060075
4.454023404
3.613629495
3.572122916
3.1224395433
4.04056947
3.138477266
3.419726593
2.771799701
4.148916707
4.227824116
3.971786546
4.249875098
4.74139878139
4.061590065
4.427556561
3.651218725
4.022999293
3.359191087
3.707220327
3.280477727
3.645044844
3.5026544488
3.577902525
4.021114045
3.18875558
3.687387607
3.461958101
3.659517071
3.677406491
3.078887046
3.2780739291
3.235887036
4.08652351
4.297230005
3.462584897
3.693016178
3.612033366
3.981541145
3.0963011095
3.945589395
3.956614057
3.9072683382
3.671740554
3.264593741
3.904878084
3.660600759
3.718147521
3.549146887
4.2215727775
3.056939732
3.0943012047
2.777077188
3.070368337
2.52122138
2.342186612
3.527146767
2.805802385
2.781623855
3.5581771761
3.502365918
3.408176008
3.50119581
3.5171984212
3.463328526
2.851001874
3.076352036
3.692927099
3.172437309
3.014161333
2.835391428
3.536097553
3.612032673
3.015467142
3.438193298
2.748564278
3.4268234514
3.118084292
3.021483327
2.82561246
3.5311822131
3.400159396
3.353041831
3.449645052
3.3260844051
2.959884475
3.256938846
3.317349503
3.1690479651
2.417409792
3.085437052
3.825369558
2.645053982
2.9862380131
3.841771128
3.524971583
3.333880112
3.30697537
3.869969918
3.298637606
3.274198059
2.791486517
3.476844163
3.831865541
3.050081163
3.540868756
2.731062532
3.229084878
3.9461215593
2.662445328
3.210260868
3.583540433
3.1385930153
3.584809654
2.983268363
3.642978032
3.346893978
4.000675492
3.380020684
2.880827572
2.836540351
3.135720008
3.899532902
3.211726748
3.491795705
3.240962223
3.8166483727
3.358869775
3.169582242
3.220935829
3.26033012
2.835260742
2.989168033
3.111972568
4.183114454
3.336265737
4.223554191
3.326407843
3.591630362
3.607331018
3.091817029
3.525378802
3.058951067
2.844732663
3.067019028
3.285119245
2.7444538027
3.541499636
2.9384440789
3.377327212
2.98161263
3.461509788
3.881074053
3.848513183
2.884919772
3.498655575
3.529290646
3.49907016
3.36006874
3.74834842
3.301160887
3.45930052
3.64356223
3.937335986
3.801835291
3.427614833
3.25993533
3.04278697
3.43890446
3.61275467
3.578690408
3.8755819463
3.0040194544
3.27917247
3.666520739
4.077985861
2.788296391
3.5984344275
3.15125084
3.343918266
3.068377158
3.33400825
3.98727634
3.40399201
3.414996278
3.432177619
2.84843765
3.65280518
4.18739601
3.729323336
3.877505402
2.670072996
3.6313326632
3.5131912313
4.297898198
3.872968728
3.178696781
3.614172365
3.368274847
4.079296393
3.4169244302
3.5242834
3.475215215
3.104686959
3.25958968
3.03426619
3.391612259
3.09216913
3.85240568
3.477495797
3.226317834
4.080585797
3.105700117
4.245710975
2.711305057
3.51006794
3.82125811
3.634759742
3.439648126
3.621665055
3.342834477
3.83010488
3.97254807
3.970423083
3.088376231
3.24055281
3.5837115143
3.80309684
3.3552764
4.365147185
2.829909582
4.315818388
3.03549494
3.114399785
3.372164037
3.484712455
3.513983885
3.795477465
3.1065191946
4.002513706
3.457485266
2.747986086
3.37792072
3.880749254
3.30404174
3.39950479
3.4750572
4.13013007
3.6425427
3.6900385
3.719988892
3.3583212301
3.14589638
3.297524566
3.381865893
3.637987837
3.198935589
3.806447341
3.521684241
4.15739416
3.421549343
4.521829812
3.408455311
3.338105286
4.673759595
3.91167544
3.63900455
3.3931915952
3.298119428
3.626672115
3.943955388
3.815870569
4.009461237
3.22538199
3.3717276658
3.155397692
3.664583277
3.836192246
3.29755412
3.536295151
2.968399692
3.176245865
3.787977668
3.866563114
3.55656192
3.474732409
3.550752628
3.792622763
3.856059445
3.37120428
3.438833076
3.269398625
3.161209953
4.60010204284
3.288792813
3.4908085
3.156143787
4.047927153
3.7811492652
3.326171999
3.397036224
2.8950360487
3.523715262
3.078401028
3.7254130758
3.396464731
3.1705367025
3.871264462
3.05594686
3.28520027
2.882164471
3.119253528
3.834139416
3.7538690601
3.03935241
3.943834348
3.250749898
3.3293133376
3.2517716131
3.048881058
3.993059557
3.6599823731
3.458726232
4.233435274
3.794914214
3.6102870293
2.9111056601
3.84703801
3.266780115
3.23043417
3.739082532
3.98552816
3.856273825
3.10169246979
3.600458452
2.67618537
3.927341373
4.093877102
3.506122855
2.989276547
3.28662369
3.57087113472
3.265907236
3.656904427
3.45192260558
3.8162852887
3.07991921
4.107577255
3.539502561
3.784990267
2.8056431906
3.4346281866
3.9518338384
3.2734560814
3.4895379384
3.459123427
3.2778233136
2.9267743924
2.6318963376
3.5101811694
2.8499465376
3.8150658726
2.3961933214
3.0553201134
3.0939703914
2.6131757556
3.5510078754
3.8461855324
3.6753901136
3.5601598256
2.9343605226
3.8125965614
3.2604755856
3.7948514524
3.3395748784
3.8829738854
3.2828233366
3.5116123344
3.2060201244
3.3905981464
3.0765359036
3.5533202724
3.3181950824
3.4991976554
3.2642107574
2.8835832446
3.4660576776
3.4725948974
3.8249588824
4.2771916266
2.8818970836
3.3742243996
3.0060989434
3.7942639164
3.0491330306
3.9308637964
2.5495595916
3.2980537346
3.7064434276
3.1232384864
3.5010658464
3.3780454796
3.4670857174
3.9523603524
2.9043336064
3.2713642754
3.4773986766
3.515604228
3.3793006224
4.0555214324
3.5002726156
3.3814417715
3.0749101532
3.6409383674
3.4819109364
3.1865554174
3.4783865034
3.42267848133
2.8330923934
2.7355907842
3.3294668064
2.4589758574
3.6646615314
3.5712566894
3.6211574785
3.7045764796
2.9821202196
3.3583631124
3.4327539684
3.6037096924
3.1112662266
3.2858522394
3.3804915356
3.9109656924
3.2119246536
3.5506990016
3.5401942974
2.9365783826
3.57685622844
3.0673333196
3.27299835717
3.8012110844
3.3131225624
3.3974238516
3.6792761994
3.1408089384
2.9146689494
3.4746185864
4.0680616076
3.5060398206
3.598483093
4.3764365158
3.663798138
3.292536355
3.259134762
3.250277326
3.170484138
3.908858485
3.6811282859
3.851052484
4.05015184
4.042046592
3.78034435
3.310691542
3.842892219
4.059668772
4.434423467
3.977593914
4.290572775
3.078439374
3.63296550999999
3.241520147
3.2972304685
3.440916526
3.207550905
3.556291517
2.77405731348
3.8005878422
3.82496032
3.415151309
3.5528060647
3.8979508557
2.55530686
3.876516664
3.5966226171
3.166533193
4.059790288
3.928294432
3.394308592
3.4185110537
3.166715591
3.354582158
3.256858046
3.850289867
3.310040541
3.1838982
3.230874979
3.661082588
3.347169883
3.118313494
3.673813412
2.98979634
3.842558721
4.449956484
3.050605197
3.592400872
3.278676269
3.338040172
3.444286736
3.5819705101
4.070859798
3.895640042
3.081741113
3.526346758
3.881174186
3.785883444
3.4810965737
3.76073373
3.902448712
3.441099313
4.184940419
3.562201032
3.911622908
3.764535491
3.692601862
3.276067588
3.593084889
3.824006144
3.263509139
3.099843591
3.455918925
3.567775206
3.919818698
3.1743614582
3.1981262296
2.975638437
3.20758100983
3.1404549806
3.463144389
3.616116781
3.566802648
3.2936328656
3.3234024865
3.411344094
3.3999682502
3.9419823223
4.192662536
3.870823731
4.137511358
3.6851654098
3.59706269462
2.69641553162
2.72355941928
3.17927285338
2.96110719838
3.32312268142
3.15424335438
3.24517601758
2.73675739638
2.88033804558
3.61502789198
2.62699556638
2.97621335958
3.31881896864
2.94017326558
3.19831891342
4.08906515638
3.55991529162
3.39083689838
3.32800651958
3.06665550238
3.61768776758
3.79362582262
3.36128581038
3.94863203162
3.08158959338
3.49609052362
3.61346486862
3.24059081958
3.48476665658
3.46325406838
3.40229908558
2.81228047362
2.63429092462
3.37543336178
2.84109663358
2.93223873842
3.49436094462
3.41972004892
3.21988892838
2.98858622062
3.51072293958
4.23214203338
3.24581175638
3.77937814958
2.62639010962
3.29727877618
2.60997000958
3.39507267908
3.07366543158
2.51081818762
3.86938315058
3.32462794762
3.17217894878
3.24588330258
3.89760472762
3.10419348462
3.54189151958
2.77733638358
3.32600467738
4.38016787058
3.08059840238
2.62898163258
2.84053427458
3.71252480458
3.92969703738
2.74398480638
3.91527694162
3.32497661158
2.79140498258
4.53688709542
3.34526623792
3.16959416662
3.42089110358
3.58468734042
3.29915463338
2.97691013958
2.97293114362
4.03790613838
2.78376401942
3.20114044362
3.94419416062
3.13036352842
2.73807443562
2.92255879358
3.35935153258
2.83972819942
3.62616225958
3.39154819362
2.96025594958
2.96850692958
3.23248924438
2.94455554158
4.01458955538
2.73251434482
2.86841408158
3.50962113958
3.65792408242
3.49628741338
3.02194229138
3.559919919
3.727677177
3.400212231
3.872433777
3.667039322
3.675820813
4.1543876428
3.3375458644
3.712356843
3.573544068
2.789697511
3.319790426
3.6518968913
3.396063361
3.022125483
3.419881678
3.293703062
3.06502806
4.069452499
3.7254144076
3.130648711
3.162992421
3.093807342
3.972723863
4.3216983019
3.070015283
3.242718851
2.3507141874
3.313796943
3.525649434
3.4643138135
3.664813573
3.8409182161
3.919278612
3.953413266
3.833660496
3.301514883
2.866887385
3.645994008
3.3976701586
3.6130186758
3.200854854
3.586101639
3.35320597
3.327551588
3.458000959
3.859585863
3.389453794
3.4902632116
3.013439506
4.272957261
3.2952521927
3.663213273
3.507064296
3.973253964
2.974531649
3.881730387
3.120549224
3.288864955
3.517581059
3.294492667
3.486963106
3.343981065
3.090764732
3.46624268
3.474367913
3.15504081
3.430383574
3.20965435
3.139932349
3.362176623
3.092901005
3.3317192472
3.670116691
3.096462759
3.916075581
3.83896747
3.684732602
3.627750062
3.271813153
3.992888481
2.965765154
2.772183768
3.114951372
3.530226559
3.320470643
3.185010097
3.622292265
4.0843037263
3.558609829
4.395842853
3.821025951
2.985566526
3.411553418
3.4328491084
4.18622383469
4.178338628
2.981289374
3.795775023
3.113236938
4.110066773
4.16536156
3.254559241
3.8059513727
3.859700713
3.751330759
3.3935394352
3.274417866
3.455841152
3.232424518
3.573082417
3.350198276
4.001326031
3.489086719
2.879958989
3.57394673
3.9686814922
4.463672625
3.449072512
3.380789345
3.112838219
3.873748735
3.420858398
3.051469511
3.767552874
4.371447203
3.466154439
3.78336332
3.354879991
3.507203642
3.615227802
3.613176928
3.334812602
3.7982343603
4.102253316
3.4578400386
3.368195809
4.021069724
3.183675168
3.2349087056
3.440055977
3.798566513
3.721308613
4.314378195
3.542446564
3.7846453997
3.579979345
4.201819024
3.211580073
3.402102012
4.022177149
3.53879973
4.342594779
3.365258957
3.0801863042
2.764188249
3.925412046
4.0204667523
3.790556481
3.715887522
3.260188849
3.0806678132
3.74905749
3.509090703
3.107952649
4.530788971
3.786552913
3.455442506
4.159094439
2.850781901
3.18116169
3.384370702
4.314093448
3.435552609
3.814718093
3.811525283
3.946266957
4.308909613
3.595762456
3.613049147
3.4121887948
3.347489163
4.091037666
4.038887874
3.40859212
3.910286297
3.645861303
3.179676517
4.06501752
3.8861007726
3.036043855
3.856067488
3.296839988
3.243434973
3.115827429
3.751574727
3.775366764
3.749850795
3.93944019
2.959324703
3.585901207
2.888350756
2.753124487
3.168663338
3.4947728472
3.65240096
2.60984599
3.588340668
3.29027038
3.2197201697
3.8620967
3.040624752
3.270160426
4.085575628
3.014124403
2.911832021
3.57713885
3.581188967
3.2235899
3.510873587
3.042387069
3.315431369
3.56657223
3.298236461
3.2312658315
3.11305959
3.56444053
3.91421153
3.449174427
3.12699958
2.97435342
3.9382662
3.5859324057
3.47417692
3.1185913667
3.84239592
3.321949723
3.52990968
3.447783201
3.3645614853
3.038796613
3.218691588
3.753525171
3.11018499
2.71675041
3.59213856
3.710853244
3.613803916
2.905186816
2.91610608109
3.67085471
2.38996386
3.404044915
2.50166873
3.616953717
2.79162717
3.303558305
3.49183785
3.02065885
2.88217963
3.690944812
3.375263265
3.85766739
3.1059215763
3.87603211
3.424799435
3.958556921
2.950375559
3.52758337
3.15489942
3.27863157
2.6244411811
3.441738208
4.55181411
3.16871761
3.164425557
3.23203679
3.55238015
3.37565525
3.123841016
3.430547533
3.8892882597
3.659783594
3.278923242
3.44903927
3.63635657
3.8914577236
2.660246935
4.09089765
2.729679417
3.29694706489
3.959317541
2.737946217
3.788809141
3.135277519
2.993875616
3.11782977
3.677894555
3.2278911
3.66247882
3.3147107766
3.2847699038
3.9042199982
3.6004821042
3.2121254108
3.3701878332
3.6401423982
3.2756827542
3.3217134308
3.9888677848
3.4788511688
3.6990967182
2.7478550732
3.7076960572
3.2904791358
2.9961447692
3.3360679682
3.4241686772
3.9499581022
3.4708090972
2.8239827598
3.6291702012
3.3138284638
3.1176684622
2.7793847171
3.6249736232
3.6614065128
3.9216994432
3.5301782498
3.3653144132
3.1910329188
3.8268592708
2.9221963772
3.24784988
3.3180030332
3.0580805332
4.3075899188
3.5558190598
3.7883338088
3.3166182692
3.1662017128
3.9552314922
3.9087657732
3.4435448748
3.3839928764
3.7133802608
3.6742532808
3.4074049308
3.0615367645
3.6570927828
3.7722529022
3.6631144798
3.2700752842
3.6701451532
3.5111558102
3.4315176612
3.08640757
3.7587742908
3.4786998882
3.7014107578
3.1363021282
3.9932907548
2.4877536608
2.9227754462
3.7871486582
3.3928949828
3.3467305632
3.2094788608
3.0159743022
3.5473819826
3.7995444802
3.5976916178
4.1046119298
2.4489253872
3.2050023548
3.5200090332
3.1929441432
3.8968223347
3.6455063532
3.8390636568
3.6370484172
3.7410942172
3.5246854092
3.7216456498
3.7078174391
3.3533544482
3.1396710762
3.1973033289
3.5024109872
3.2674480808
3.3062384258
3.5706324772
3.0109385098
3.8010140032
3.4296185168
3.7255154582
2.3270479098
3.4778011638
3.3848301446
3.5759084982
3.242280306
3.20242187
3.595969275
3.48984141
3.484224076
3.13563644
3.783671676
3.320136933
3.01472665
3.662309419
3.220348139
3.677689915
2.849199314
3.672596439
3.124966724
4.11627765
2.553638318
3.44607399
4.192213927
3.426854385
3.981412185
2.87299365
2.961738489
3.785959989
2.930237398
3.710119303
3.597725896
3.587523373
3.721024139
4.016936777
3.666526247
3.19988136
3.934453127
4.0208838372
3.588043674
3.435202901
3.22833007
3.364916596
3.9937375251
3.849029618
3.19240722
3.31017307066
3.79731394
3.0351179552
2.972770698
3.599211681
4.202743532
3.467598586
3.038654278
2.74555271
3.104921283
3.53871923
2.809478147
3.565008115
3.02843121
3.941509706
3.172580531
2.98379096
3.241235116
2.741815945
3.8811802533
3.4110005752
3.193752968
3.99063584
3.732370818
3.525837023
3.6532003
4.026208342
4.042319632
3.019859728
3.471132901
3.327639558
3.285478438
3.0337010589
3.040510358
3.746755706
4.20133416
3.11922686
3.29966226
3.39925996
2.81093659
3.801184085
4.346548013
3.640467501
3.703415275
3.697080661
3.114511763
3.70354098
3.02516768
3.62354959
3.758991686
3.450729005
2.67135986
3.36632532
3.01989704
3.0157086
3.563622702
3.54957209
3.57511975
4.224798181
3.15872595275
3.260557329
4.206945809
3.676940175
3.502798241
3.1577642923
3.1896525728
3.296587418
4.211106068
3.3707533462
3.42702946347
3.551962541
3.586355283
3.167194177
4.497021966
2.853589
3.0343732259
3.267181768
3.718876136246
2.906862682
2.861071741
2.9131753
3.573732165
3.591292525
4.015115093
3.268604028
4.2963448487
2.784969888
3.2850699161
3.897128735
3.031281303
3.266398591
3.349962428
3.0644468
3.148897695
3.170789279
3.213943186
2.588339025
3.65431791
3.2496321718
3.49137847
3.453360676
3.41018341
3.692313873
4.06813261
3.12376652
3.436882766
3.451407512
3.327307269
3.534033834
3.740389686
2.851093001
3.514625814
3.428930702
3.322767292
3.633406917
2.810132338
3.33728064
3.458268567
3.33474039
3.21804376
3.402095441
3.719284423
3.383439266
3.2845628311
3.64085032284
3.250301444
2.957933089
3.359293291
3.37980223
3.587945719
3.036587562
3.60339178
2.858716312
3.332914163
3.5372839495
2.94798601
3.203469986
3.171322536
3.717067284
3.39867917
4.083830067
3.10799051
3.876709461
3.93547114
3.76580634
3.4888176518
3.197897451
3.12603709
3.23007161
3.2627352
3.05064121
3.276176151
2.8705082105
3.63766919
3.4473313599
3.35776773
3.72309661
3.939623377
2.979349111
3.749695589
3.39729818
3.338934928
3.076100414
3.140401689
3.43277648
3.584324785
3.35838108
2.864081808
3.3955782638
3.18097858
2.484012567
3.74927204
3.57475548
3.9880877253
2.8639810794
2.89237665
3.390409374
3.329765379
3.09318749
4.1464396332
3.131154533
3.49197699
3.501386019
3.07329173
3.91091608
3.550421258
3.376045766
3.245741179
2.911215037
3.16358114
2.9219514937
3.448273971
2.93200394
3.497857587
3.123571591
3.55972825
3.627209235
3.636276875
3.051960461
3.41398129
3.525204077
2.910617875
3.499373366
3.227577675
3.71993532
2.897893376
3.06702308
3.484815641
3.39759536
3.071335255
3.476060288
3.14082331
3.7953966974
3.01687411
2.73672384557
3.847659476
3.77987269
2.941895851
2.978289279
3.14893944
3.194064192
3.376311552
3.87520335
3.386559275
2.852717723
3.77070577
2.870239441
2.758022803
3.951490682
3.284104187
3.371121851
3.608712054
3.605371375
3.349361598
3.1971327005
3.273517527
2.86160159
3.09256136
3.74086412
3.37982862
3.2593441856
2.753416271
3.532462251
3.370518726
3.35913107
3.491466075
2.9808540768
3.10024243
3.183281883
3.261660476
3.374605417
3.792267093
3.051454063
3.743672367
3.283486061
3.28083391
3.140457608
2.94801882
3.709121296
2.7625873417
3.049981668
3.0388433291
3.869551151
2.744255977
3.239685647
3.630938271
2.959008155
3.4199595761
3.653396567
2.682696679
3.380340325
3.0881170417
2.9218040408
3.443661327
3.256611185
3.3106599481
3.281160439
3.618554147
3.3099265215
3.491877402
3.9196445547
2.984430691
3.221260563
3.12523945
3.388645974
3.246961952
3.240253077
3.451852036
2.727124306
3.240768965
2.671430875
3.525134335
2.627917511
3.363139221
3.0447561598
3.564517334
2.756473961
3.431875523
3.146517206
3.21877683
2.963946399
3.299142518
3.3860123679
3.327314996
3.5526456479
2.722846261
2.727496621
2.912013971
2.660927313
3.6995586958
3.279064434
3.153936033
3.210637431
3.39163447
2.971238551
3.860213462
2.984289001
3.65854695
3.0550128642
3.662576073
3.223905747
3.071175791
3.288222215
2.779425504
3.336011919
3.347368908
3.380920241
3.236005015
3.239085698
3.144424186
3.540470231
3.202666441
3.377931961
2.806317341
2.716187274
3.052738125
3.046841272
3.001995684
3.485330444
3.241050112
3.467653351
3.386186498
3.34449641
3.5090766155
3.273026113
3.432075309
2.898468078
3.620142824
3.198374889
3.309851949
2.87914599
3.1554312777
2.722739741
3.775370801
2.832777857
2.771575731
3.159223046
2.991776408
2.7512388421
2.9011794
3.589982366
3.303103766
3.200829972
2.868692802
2.75367999
3.213948192
3.970206264
3.2683075583
3.3936469046
3.100888136
3.256346612
3.849687691
3.2186447796
3.563432849
3.111991054
3.434347352
2.856970106
3.651085398
3.447126384
3.178378327
3.2790105076
3.774028595
3.127381301
3.332121858
3.276860936
3.223680815
3.260203194
2.29926079
3.20906686
2.850569862
3.486188041
2.947250407
2.967783044
3.7877732185
2.803327612
3.039075741
2.590918873
3.045447986
3.296229864
3.151034557
3.423092377
3.2655986187
2.9682675026
3.30092735
2.617767447
3.656617026
3.1867541535
3.616638995
3.024483037
3.693542995
2.885889552
3.40290703
3.682548136
2.928496633
3.858678935
3.589382662
3.037069847
2.975985912
3.935360529
2.964881873
2.957386658
3.123731589
2.994542759
2.794434941
3.269303216
2.9718449421
3.7837005901
3.473948684
3.347381925
3.250157162
3.200081613
3.972879239
3.8974642908
3.812497341
2.874952384
3.3734824155
2.831017894
3.5510182003
3.667040947
3.330216656
3.147721557
3.128854789
2.96349716
3.096747438
3.010920942
2.614976324
2.880052117
3.1842600272
2.804734363
3.098238999
2.931587004
3.673485884
3.915621068
3.359072414
3.086611584
3.346777774
3.0857374105
3.535812052
2.85478862
3.42882429
3.503867153
3.7887461964
3.3207082874
3.3564938751
3.556789142
3.009142427
3.154341115
3.412693808
3.679876762
2.805559337
3.169050295
4.012360723
3.517469671
3.422387424
4.597594473
3.611658574
3.883577742
3.72461443269
2.614172413
3.278925243
3.193472523
3.292346323
3.035818413
3.82613589
3.378444877
3.051478808
3.525784942
3.400079864
4.344900562
3.490142234
3.171654152
3.5566825672
3.3202676454
2.948062631
3.722669225
3.290083282
4.0072740526
3.255447214
4.044837246
4.161629515
3.018654323
3.959082227
4.062406288
3.434960614
2.73976027
3.308589309
2.497132805
3.798705291
3.566904128
3.055361288
3.79955434
4.192429064
4.2679942312
2.8531065112
3.474120924
2.941270287
4.055138279
3.140055695
3.753693269
3.539187637
2.618248378
3.3410529957
3.520931926
3.3376085181
3.663299373
3.313152877
3.431612437
3.129224517
3.894797767
3.78971209
3.909757277
3.3529130551
3.218429847
3.9905268567
3.243022087
3.443171393
4.11264557
3.525292667
3.178563345
2.797981903
3.4417251575
3.544313287
3.371027794
3.729684708
3.328239033
2.953036063
3.664925277
3.546081757
3.304776273
3.539264866
2.886644228
3.4723336439
3.987265329
3.533994522
3.227149817
3.490934918
3.056752035
3.083879967
2.9626937473
3.044502762
3.0907804385
3.676529637
3.1430967846
2.259239587
3.128183913
2.742750249
3.48927106085
3.589250896
2.548876796
3.099105876
2.797857195
3.046181019
2.882007917
2.7892196887
2.985437161
2.824179388
3.151965937
3.073312
2.819826393
2.3650508825
3.253542005
2.9953932557
3.151950051
3.320303516
2.787891871
2.7886072984
3.191275947
2.7110356097
3.231036718
3.219779613
3.418651411
3.467556186
2.8173114886
3.292362954
2.6113031934
3.364243889
3.278613949
3.974669501
2.950759395
3.180383278
3.271240358
3.195660902
2.890494314
2.873377745
3.441332747
3.8219752374
3.232522437
2.473144468
3.153000571
3.4110940985
2.585692719
2.975521104
2.68230031
3.361060223
3.088035764
3.05697039
3.2579385521
2.894600621
3.278197264
2.830803893
3.208393706
2.752482899
2.879695501
3.459663878
3.299145926
3.129586514
2.688548863
3.082153059
2.769422065
3.2268956162
2.903347628
3.096907936
3.076098222
2.804125251
3.529162027
3.373124926
3.4640430714
3.688207434
2.6078808497
3.158294096
3.10550591
3.272281632286
2.221997866
3.290272585
2.837970342
2.906245439
3.669588009
3.0306091369
2.853782053
3.00129403
3.2154582346
3.385005424
3.1491724055
3.059342708
3.259585914
3.099956752
2.644763666
2.895698326
2.868997164
4.070443129
3.776278294
3.550091621
3.800291273
3.688902217
3.892653402
4.043450896
4.36012719
4.1555405891
4.052707355
3.781297218
3.587395899
4.182770653
3.780367876
4.034137038
4.024828952
3.895215431
4.054633376
4.331598004
3.63353665
4.089070778
4.461634793
3.406040286
4.144838164
3.648374356
3.770969096
3.644190545
3.7576723867
4.1247031
3.062602595
3.425171334
3.545662893
3.661424025
3.758632328
4.454630916
4.769627569
3.042657976
4.143595856
3.8302516882
3.23839211
4.713295856
4.52942826
3.405184292
4.03320904
3.866461102
3.889281206
3.666470559
3.6253775527
3.276538086
3.987348346
3.932697176
3.1453842019
4.151748456
3.705602987
3.859420119
4.2676265
4.089654579
3.828971455
4.066701248
4.5349907351
3.72788932
3.034488946
4.098608716
4.388500886
3.83422085014
3.827856704
4.11071513864
4.413563623
4.731550751
3.874036863
3.701679021
3.3045683949
3.894896158
4.0237515236
3.730224046
4.042496616
3.789322769
4.077225538
3.93291034
4.049743736
4.132965536
4.141231694
4.761582908
4.176142724
3.993262829
4.5149519399
3.593708056
3.54517602
4.272682396
3.868798319
3.989699145
3.625019316
3.884857886
3.584045205
4.11682952
3.7224245244
3.099721163
3.610956458
3.972578476
3.079494467
3.909221671
3.312036624
2.889803551
2.512134784
3.046855543
3.9034693396
3.840638078
3.63466221
2.809087222
3.593032345
3.545298613
3.6255010438
3.360745654
3.223984091
3.322697072
2.802853322
2.734625949
3.289571886
3.1692608
3.600197623
3.496009132
3.830123088
3.9993394021
3.75704108
3.414599013
3.09287846
3.231617928
3.655298433
3.68084641
2.835896117
3.36632439
3.943691986
3.0725189916
2.893441628
2.638435841
2.653364959
2.727198059
3.0713140091
3.425520818
3.300560756
3.362193798
3.045753319
2.947424579
3.1278099291
3.29740102631
2.681554652
3.404978886
3.515576808
3.047445942
3.839860014
3.005890663
3.279653163
3.046862586
3.236182066
3.238302143
3.1450552615
2.836032416
3.614736446
3.470812054
3.571067743
3.424442688
3.579034651
2.711079408
3.2374825235
3.599806206
3.272521858
2.741524977
3.175945
3.206049407
3.2210428944
2.890989743
3.3086343641
3.453339783
4.093542402
2.769662646
3.44349980209
3.620855267
3.582163775
3.148680559
2.942803046
2.870456331
3.261373694
3.184536408
3.374182877
3.122867859
3.046737307
3.3784013037
3.363401204
3.956105888
2.841276527
3.330632863
3.4470579191
4.2769143912
2.757982858
3.20508193
3.179417078
3.17559217
2.851921612
3.337665897
3.83309353
3.945459714
3.898849437
3.982652844
3.052823884
3.826562493
3.872500679
4.083730372
3.746544703
4.499306583
3.670570734
3.5814645687
3.4686388069
3.377199207
3.849167539
3.9953748771
3.779786584
4.207619108
4.107886055
3.104919252
3.703729084
3.637403463
2.938075269
3.280363045
4.070812066
3.0583259735
3.502629457
3.66552574
3.800615634
4.7071452336
4.21202562
3.847049442
3.677689747
3.494734473
3.790667079
4.620962054
3.310677211
4.255945035
3.436129924
3.566021201
3.767974637
3.382539918
3.75899379
3.420428535
3.851790051
4.006270522
4.016861534
4.173703275
4.248059559
3.911814486
3.466193666
3.131785031
4.197110666
4.173775014
2.883215244
2.989632286
3.232783499
3.5519501703
3.3982841975
2.917590724
3.466919134
4.068315983
4.147273692
3.994713695
3.9480963264
3.798654924
3.800839517
3.848687884
3.792540885
3.779553017
3.444016549
3.487649167
3.2138714235
3.936526147
3.510467423
3.899905449
3.756798169
3.908194087
3.6830362398
3.595054124
3.4332083615
3.698923685
3.721559411
3.455046619
3.9568038255
3.110670328
3.94372812
3.82510264659999
3.770821406
3.895344339
4.041255417
3.952478554
4.0995406916
3.444598026
3.669033196
4.155189324
3.492751634
3.9089583407
4.581003814
3.096825017
4.1737096168
3.66813566
3.179946921
2.6011826
3.768329789
3.6734784134
3.279781809
3.190680659
3.501127527
3.145427368
3.131721992
3.566787732
3.222368041
3.112716057
3.36437889642
3.366876824
3.266490494
3.391924034
3.98645619
2.942392015
4.132451405
3.882470774
3.839166357
3.00866139
3.305630517
4.023675104
3.1342031044
3.3999649723
3.74244295
3.641755472
3.850977511
3.45956032
3.8534211971
3.453164236
4.250396875
3.72473619
3.688502358
3.132165334
4.255705669
3.848949473
4.151162316
3.709143522
4.06252398
3.391799722
4.022147709
3.504529085
4.312767218
3.712645905
3.11983296
3.480508615
3.85067366
3.142308244
3.788240982
3.2874351548
3.1943617845
3.6831838425
3.795608983
3.049195847
3.216657388
3.213814979
3.989223321
3.54221291
2.967879565
2.78065778
3.729029097
4.1701437273
3.6447723893
3.21490984
3.558591992
3.878756414
3.847277159
3.559122362
2.979989489
3.790047811
3.522507722
3.620090394
3.1913253223
4.112113387
3.60499102
3.573445852
3.816606122
3.278722311
2.909237891
3.08273272823
3.586303441
3.1665310397
3.486155405
4.20103299
4.2127109322
3.5937860936
2.947217772
3.393153515
4.292300641
4.372323555
2.592959423
3.7211962891
3.13826624
4.032493278
3.4600095
3.084674
3.647452678
3.807122389
4.044371367
3.481244068
4.118027935
4.163269842
3.007647087
3.077158796
4.65462288
3.7098599664
3.741169935
3.560423071
4.274939507
3.233747647
3.469311933
4.330754233
3.137886096
3.788252668
3.82400823071
3.973516162
3.696965928
3.968483135
3.517619368
3.212536467
3.455430048
3.964686003
4.462875729
4.125729748
3.691443781
3.703028198
3.57370062506
4.040438851
3.519127407
3.892971544
4.257876503
3.737296004
3.732317934
4.034819616
3.909912695
3.499347108
3.492620673
3.40052183
3.976278311
4.442289111
3.748328958
3.543884087
3.344476305
4.092735071
4.248503238
3.973205661
4.33780633
3.1722128598
4.136459891
3.209371357
3.136322302
4.113694288
3.400423178
3.676418235
3.319586067
3.953433272
3.872269886
3.816605706
3.221559968
4.084580859
4.002706543
4.006981487
3.544131384
3.0478499401
3.495035303
4.36830649297
4.130821078
4.425824425
4.132547455
4.483568197
3.582339207
3.397802387
3.258023841
3.856289257
3.4737234336
4.5153323769
3.926331902
3.816443209
3.145020313
3.839254027
3.169226031
4.127032763
3.128878532
3.285011894
3.879504706
3.244666151
3.6769114645
2.940386752
3.276901615
4.015428141
3.713088483
4.084516385
3.317571239
3.663031339
3.980174405
3.3603758
3.900545925
3.0661911862
3.1295842528
2.8478400292
3.1687596882
2.4040042822
3.1922157162
2.7336177642
3.2583807882
3.4329492802
2.8776303072
2.8312275802
3.3812088302
2.9187639082
2.394540804504
2.7151698332
2.9192900512
3.4604827152
2.9654543692
2.5384956462
3.2621242922
2.6707348912
3.3181331362
3.3766753802
2.9005405202
2.7656404772
3.1513122009
3.5002510952
3.0402630372
2.7960668492
2.8581090472
2.5192085412
3.8238747402
3.2373378692
2.5946914562
3.4520057032
2.5910660791
2.6111872232
2.7269758918
3.5002359732
2.9792474412
2.9998642402
2.576277515
3.1455147562
3.6478509072
3.2472871862
2.9659619162
2.6761239582
2.6680408832
2.7411187762
2.2116528972
2.3613666088
2.8423408092
2.7900138442
2.5739534122
3.2643244522
3.1500369992
2.9776873432
3.2541055632
3.2773980062
3.0254097092
3.2420208103
3.1840326162
3.1803051762
2.4979278192
2.6884120352
2.966570098
2.8126876132
2.5222452462
2.4511388682
2.6270229952
2.7894241662
3.0914912732
3.2504394892
2.8182003462
2.6687563012
3.2015642362
2.7387549822
2.9053799552
3.4260673844
3.0967909342
2.9140646692
3.0168170362
3.0672365136
3.3925124252
3.2805001752
3.224025328
3.0542411012
2.4220163752
3.0314243232
3.1317853502
2.4984019502
2.125177182
2.4173551552
3.0645287922
2.7412461362
2.5137041042
3.4076461202
2.6985273532
2.7564827163
3.9749446582
3.6009760817
3.4587056534
2.7673611257
2.6993539537
3.4571292047
3.2822815247
3.2107695637
3.9042540137
3.4846415847
3.7767093407
3.1004319007
3.7901012597
3.5271203437
3.7385494417
3.2825613637
2.8123889934
3.3298511537
3.1664132447
3.0657150647
2.9434315817
3.4670639431
3.8425426201
2.9031298317
3.3540091497
3.4114619356
2.7664704133
3.9141729557
3.2366298927
3.6171570627
3.4990287084
3.5742066937
3.6749363307
2.7639596817
3.0968756797
3.8525466437
3.0494588947
3.1790816497
3.3352050337
3.5942108037
3.2726408907
3.2096331937
3.4496180267
3.4318524157
3.3371348677
3.3133018137
3.6196981972
3.0668552417
3.6071356317
4.0616958737
3.6053220707
2.8937750783
2.8586936337
3.2601372897
3.5338411437
2.7741568967
2.9104072187
3.4190960727
3.2112997137
3.4602679357
3.1622360857
2.9442281837
3.6765388767
3.2951762187
2.9588355987
2.9123473083
3.9709480837
3.6220230307
3.3811377857
2.5427044467
3.4025103437
3.2819046947
3.0861850252
3.2762693472
3.1850880947
3.1196228217
3.6162398847
3.2837890237
3.0190476377
3.1090657737
3.5838423157
2.8714127694
2.6955874697
3.4353840517
3.5449068997
3.4978814307
3.4346549137
3.3917664467
3.5708658617
3.2022058247
2.8459930447
2.7693622097
3.4904719717
3.6170846337
2.73134862368
3.5188140827
3.3382276637
2.4806145877
4.6987518537
3.3002627637
2.8958256547
3.104751436
2.972092756
3.737512477
3.4688038612
3.020231522
2.974181984
2.790978282
3.271793693
2.707515347
3.146018563
3.888783173
3.571417428
3.62054282
3.623314192
3.575355254
2.598889845
3.286521127
2.402330333
2.369627892
3.194263922
2.586827152
3.325206102
3.353342233
3.026136662
3.115147364
2.4981292988
3.239023188
3.172197342
3.368821303
3.0803341242
3.044964773
3.4246943774
3.537856125
2.9302650031
2.976592552
3.0257640012
2.363560237
2.930273107
3.7166985318
3.151676261
3.342934862
3.800105856
3.612688161
3.739615112
2.467198644
2.872328007
3.12742834415
3.359375535
3.1122534
3.45702846
3.49099852
3.438989744
3.477450237
2.922336979
3.834436583
2.737256026
3.531293243
3.787915193
2.8450656472
3.312331426
2.799963818
3.44670121
3.170631212
3.105313578
3.558665881
3.28344393
2.834615831
2.942980809
3.136222597
2.863568001
3.710542528
3.220883604
3.853709821
3.1192807706
3.165300928
3.363845552
3.064895212
3.697917273
3.482816538
3.280962702
3.596526116
3.339331989
2.65191426
3.539890802
3.515366102
2.8211770314
2.793236429
3.5831539984
2.829107002
3.007513917
3.247470117
3.450869153
3.064390926
3.290730007
3.580192352
3.3680563525
3.497450195
3.057106364
3.148950714
3.095607186
2.77966241
3.094499233
3.266587319
3.401363141
3.414933334
2.79459678587
2.88117301
3.315812409
3.9173254857
2.732332723
3.236549943
4.3707218821
3.278198789
3.717013387
3.387221104
3.178755044
3.127364432
3.425935901
3.730799498
3.616379322
3.262865194
3.155015152
3.054286888
3.272884441
2.980756681
3.964254852
2.515408243
3.292998881
2.977210174
2.795206362
3.2359174611
3.431982445
3.058451113
3.18216077636
3.57211553
3.50751515766
3.307914081
3.787449452
2.911502545
2.911828213
3.390218044
4.259918378
3.696937373
3.206704475
3.669114705
3.113232642
3.4786294787
3.675164908
3.296253598
3.186599851
3.288715565
3.30193476052
2.950351213
3.448117719
3.787814807
3.283706203
3.030174473
2.3024862979
2.76275169
2.949929991
2.853417331
2.879061901
3.128342269
3.558360071
2.6616662798
3.329599757
3.729968744
3.711837702
3.1735960704
3.335682712
3.765739149
3.360568422
3.171589267
3.162799044
3.201260631
3.156711803
3.345962202
2.983260538
2.772720081
2.789926615
3.058592598
2.8253007892
3.831175215
2.927186251
3.205261446
3.32676814441
3.443988356
3.899343483
2.946906417
3.052938696
3.017257797
3.2239742
3.364440509
3.558077017
3.536127059
3.049468985
3.662604639
3.4560618444
3.000933548
3.160844289
3.026993038
2.078304775
2.805999874
3.091584384
2.62282359
3.517200903
3.129941814
2.2519382841
3.139673465
3.037359892
3.552542564
3.350381695
3.093789329
3.266961676
3.162363676
2.7039036473
2.7048403949
3.100534318
3.417525698
3.5723014161
2.617145518
3.076289621
2.803978394
3.1879815865
2.983429985
2.5077236575
3.461812894
2.924994694
2.031077326
2.9651569353
2.710589579
2.799747206
2.748424149
2.866113034
3.8453790064
3.246240809
3.040756836
2.906723509
3.670061342
3.151396316
3.26848717803
3.1669444676
2.89051994
3.345562363
2.963378358
3.5383660689
3.02396726
3.2436091979
3.292139723
3.542491204
2.710727114
3.520566946
2.584171094
2.992266224
2.943315964
2.782653724
3.288936924
2.921346457
3.631768745
2.873133131
3.27853718293
2.252991686
3.174986852
3.1437071784
3.352373959
2.992700207
3.262759436
2.554011775
3.734589846
2.975330773
3.033212579
2.141645571
2.311099773
2.59427971
2.89397999
3.105578322
3.469373599
3.129947104
2.531880614
2.7947185867
2.785708144
3.542879127
3.592852526
2.718172026
1.993323369
3.299641895
3.303404997
3.5387927511
2.760883678
3.022816164
3.121355765
2.649382055
2.494493946
2.538318488
3.267156046
3.060500345
2.996525226
2.509289954
3.443576966
4.059094188
4.357454166
4.114893996
4.386882121
4.261062249
3.450093578
4.325784396
3.505646973
4.494365856
4.319413106
3.8779642734
3.3990629633
3.563937325
3.744545276
4.12526378
4.242525226
3.4595991946
4.40316979436
3.978294887
4.596777956
4.249397478
4.622955673
4.561991402
3.954688446
3.846446123
3.854273092
4.03009161
3.514875554
4.1610186116
3.5797884676
4.204558134
4.460191596
4.307504909
3.5449192027
3.689092716
3.7064305941
4.2112822932
4.48530845
3.935197584
4.567664026
4.120380173
4.4097975485
3.413361605
3.905488309
3.732817392
3.746762893
4.200550376
5.015639616
4.085579952
4.784837694
4.138521784
4.373066954
3.845162011
3.733416223
3.776388079
4.396424863
4.221606755
4.154003859
3.837153729
4.702507896
4.315129085
3.578108888
4.428359124
3.741131013
3.638422247
3.686653273
3.860689726
3.9346415902
3.925979329
3.615063317
3.481379966
4.102922423
4.1395432884
3.5009720755
4.59025501599999
4.598981161
4.398712062
4.4961312457
3.682007855
3.887547357
3.856671099
4.036003467
4.405827774
3.924998804
4.082622577
3.673536171
4.080464462
4.0665624311
3.6354254649
4.038946544
4.349808886
4.263289232
3.9691753551
4.416580059
4.23011338
4.101787411
3.773489373
4.250789799
3.568571746
4.086539886
3.742878131
3.358834729
4.269266631
2.651319294
3.94240238
2.980082272
3.21227343
2.905279934
4.2105465885
3.038695557
3.632942504
3.538467145
3.713964622
3.4345444723
2.980272913
3.3965694569
3.020485515
3.308913058
3.8151284302
3.006939646
3.206556773
3.796324136
2.954130051
3.016043925
3.1568620721
3.4240123098425
3.281311863
3.7513398387
3.6214084859
3.480665015
3.176696598
3.4180380968
3.297683533
3.725151263
3.15503464
3.0870566065
3.3454987
3.6520501621
3.268835771
3.3665272692
3.30513068907
4.040451996
3.013106315
3.632473163
3.142772406
2.8394759557
3.303045604
3.164326171
3.096633271
2.884265587
3.694567314
2.6706477064
3.276310219
3.519860068
3.093627243
2.833392032
3.658504846
3.094013971
3.198625667
3.46835947
3.741529358
3.14482213708
3.77083097
3.284345078
3.11928551
3.3056085977
3.44064636
3.39406741172
2.843034441
3.980539391
4.1745138824
3.262922759
3.399694539
3.470949169
4.072841232
3.246874092
4.010642477
2.820724263
3.107371938
3.5721122619
3.219569164
3.741319273
3.376255135
3.043837748
3.912826302
3.088390476
2.840722613
3.364626545
3.485585679
2.7528496655
3.058593951
3.182387883
3.243176962
4.158905937
3.9331163107
3.186218043
3.43779442
3.057058651
2.989799159
2.7620807434
3.422212017
4.229222347
3.715934135
4.064172534
3.50917066
3.688904664
3.2966028733
3.63806471
3.46463064
4.375107796
3.2548484189
3.699229845
3.017614275
3.213604287
3.52231077
3.884308834
3.432822944
4.06897084446
3.85886893
3.075706147
3.236376867
4.022667733
3.31750371
3.974388342
4.548460541
3.84265088
3.614488816
4.4336569588
3.997306858
3.393878005
3.573836776
3.445944226
4.035107955
3.510172958
4.059568907
3.854059876
3.771155207
3.940025492
3.7451993155
3.880459981
3.646760195
3.32404021
3.274495805
3.949156867
3.3113693052
4.317369667
3.962442371
3.350337291
3.667988019
4.362542531
3.41197598683
3.8426828956
3.894223848
3.4922128205
4.1616731166
3.673388278
3.299006588
3.440772561
3.542750603
4.632120033
3.505071827
3.348027437
3.566434917
3.099321357
3.8700997543
4.4538072
3.60216176
3.80285329
3.610723746
4.212376626
3.4844287761
3.7940427045
3.897732213
3.854287345
4.012820487
3.599492494
3.954909157
3.488108133
3.38680272
3.468362352
4.411228193
4.2475728409
4.047673009
3.945023992
3.783966743
3.075791829
3.170977295
4.325912152
3.267797826
3.768103843
3.817158345
3.931249289
3.511721321
3.59266429
3.6143576692
4.344486292
3.790728477
3.304269007
3.178554517
3.898208235
3.791191978
3.425853
3.243623874
3.19732872
3.068243154
3.138262064
3.3535047
3.1584873612
2.59508147
2.93241681003
3.118358715
3.042718226
2.690665398
3.1616448935
3.213039754
3.22307141
2.684016915
3.81833061
3.35057625
2.359061895
3.4182997
2.93576229
3.0411225398
3.077939558
3.2909994974
3.40927733
3.253735971
2.997048711
3.323082788
3.2257606847
2.791558959
3.433412811
3.21730088
3.4470841712
3.819150019
3.024214338
2.89863378
3.004186573
3.13631006
3.484563851
3.250559192
3.2614265
3.21204137
3.239866703
3.432964872
3.189765601
2.986803013
3.320617302
3.292952897
2.867851709
2.990291772
2.866814857
2.445962001
3.0403613485
3.84075098
3.405469741
3.2614381167
3.638610591
3.063270342
3.501699552
3.28842645
2.990908119
3.218962634
3.068930841
3.496326089
3.4249879413
3.57500366
2.74281838
3.200677462
2.428344389
3.36386393
2.55675087
3.375504426
3.445259681
3.418704839
3.51658331
3.492448911
3.219749104
3.166510121
3.223218908
3.26128163
3.513413269
3.178166588
2.561512138
3.147553365
3.216198465
3.434048997
3.216694468
3.12021735
3.12367467
3.715271651
3.52331309
3.242002257
3.4349736581
3.47218021
2.7526342049
2.995873029
3.568900576
3.322083614
3.42757623
3.732814162
4.491567589
4.278017584
3.969327198
3.932555001
3.64778401
3.774461335
4.692029888
3.27134545
4.179016259
3.449783935
4.7640989266
4.097503051
4.0294720586
3.58340576
3.006632365
3.990365882
3.771470877
3.642915166
3.931391303
3.06885361
4.020264395
3.87828994
4.21746575
4.0196514874
4.236689665
3.893202245
3.125934315
4.031482568
4.316699852
4.03443331
4.602021963
3.737558405
3.814774208
3.232400063
3.7985525872
3.988679217
4.705826613
3.57466885
3.991778097
3.904502484
4.079586854
4.06053275
4.5554854993
4.34872252
3.145931518
3.315020889
3.200659028
3.6743915921
4.057843424
3.673305788
2.907320877
3.892610885
4.523298812
4.193238717
3.392701133
5.261084081
3.799676126
4.05736344
3.841239145
3.991491786
3.731266251
3.6379054147
3.609917775
3.93591981862
4.167037503
4.449139331
4.4907303815
4.212222729
4.437030081
3.930729517
4.0412139423
3.826802036
4.0668944707
2.951603236
3.8592974327
3.1585221366
3.435071434
3.14531752
4.140965454
4.15295878
5.130042394
4.730746687
4.493769093
3.388923239
4.615981776
3.616332829
4.9047433
3.9488845932
3.897516273
4.126151676
3.98452492
3.755277222
4.5646109559
3.748727143
3.81368604
4.36132411
4.22527358
4.204294861
4.04570101
4.657451746
3.825189094
3.959582627
3.739007088
4.363380283
4.265336267
3.9610320961
4.104376304
3.576864433
3.853431898
4.028367345
4.105538005
3.979684116
4.356205409
3.428215633
3.654492447
3.814535823
3.517670348
4.103574064
4.003223517
3.251981153
4.605097817
3.383844755
3.7445390624
3.7798072936
3.6509788494
3.724749224
4.082798719
2.81188881
3.680648753
3.78786315
4.311138892
3.280101427
3.4095665
3.749561599
3.3374938639
3.485665159
4.1315890861
3.593554585
3.491652224
3.986688003
3.899979089
3.832165971
3.926445332
4.9121319363
3.869951147
4.173529418
3.963158163
3.760085036
3.806106193
4.068750944175
3.98142094
4.078295201
3.932658615
4.0210232301
3.4276420782
4.02326664
3.727602563
3.654297577
3.516194734
4.0551154264
4.0627083575
3.539889589
4.078873418
3.5555755583
3.068025816
4.707250686
4.074573602
4.066192894
4.427139283
3.529521831
3.59098295
3.84617082
4.367188174
3.88185302
3.7560885543
4.327059027
3.08414085
3.5316283076
3.6217009135
3.465220614
3.121732367
4.275712844
3.591718622
3.414921209
3.094119617
4.058532936
3.877417051
3.348490293
4.259977328
3.938143857
4.0358653619
4.399785437
3.070160229
3.052228614
3.9488975155
3.692804067
3.541461873
3.758163429
4.405566742
4.1517756472
3.362872774
3.44801025199
3.402851432
3.914903682
3.536416706
3.834306034
3.166678534
3.150371734
4.234101378
3.050428187
4.199263582
3.026019223
4.226944213
3.021743267
3.659383177
3.522880743
3.876158642
3.691180747
4.138390622
4.069973244
3.4073544669
3.162143658
3.696099961
3.348796402
2.792065171
3.82237281
3.63886467
3.722773568
3.4589003435
3.268362684
2.994933782
3.93752141
3.926359187
3.340888622
3.943813106
4.36933442
3.642897704
3.804617194
3.042819719
3.314120079
3.847255636
3.917859154
3.616816673
3.744269972
3.728884872
3.560718951
3.566619018
3.312578688
3.873434544
4.043786105
2.90282824
3.168059202
3.599421483
4.341932338
3.348723436
3.445699792
3.623985282
3.262486133
3.26423598
3.151650892
3.620863947
4.30392879
3.716708454
4.070903871
4.155170847
3.418972764
3.2749856664
3.031558718
3.450801523
4.035903298
3.989662806
4.156188039
4.010698004
3.7743926389
4.1357421824
2.9888401425
3.499814299
3.882188584
3.246732396
3.665143154
3.9218845687
4.047808147
3.01284556
4.537631932
2.888950125
3.708988279
3.3937480979
3.280055315
4.049286221
3.126731363
3.343221986
3.275661648
3.93678477518
3.893565944
3.659492631
3.158658674
3.442173052
3.793538158
3.904457764
3.630792976
3.49067057
3.660824048
4.118586508
3.324105931
3.344669282
4.280106452
3.386468498
3.769987528
3.449917314
3.748041298
3.797562032
4.206057427
4.040007948
3.497862595
3.815243018
3.58482866
3.810085345
3.659681171
3.687439608
3.630469278
3.448522428
3.856789771
3.552069438
3.557211228
3.862444357
3.544691542
3.775980918
3.110554888
3.739255606
4.223939596
3.989236868
3.41423018
3.589496078
3.624589632
3.356228063
4.186537548
3.783663118
3.2731528648
3.197153928
2.872736118
3.709476257
3.148747548
3.209392301
3.926023739
4.218751038
3.463742098
3.927447628
3.722207428
3.243232548
4.412687199
4.007165742
3.984705162
3.7983487417
4.505955368
3.364474723
4.028707238
3.311995008
3.881508188
2.914394244
4.223999062
3.677012378
4.186050506
3.865666408
4.002181679
3.915704781
3.401492558
3.834297516
3.218227382
4.120630069
3.536552548
3.704268108
4.391820818
3.688656568
3.464161188
4.06013799
4.199518698
3.846930423
3.466260511
4.382391342
3.876563808
3.78172114
3.316104564
3.60365066
3.601350706
3.260540862
4.078277895
4.215081949
3.655127738
4.905342505
4.117327066
3.620572718
4.165174206
3.851327868
4.250912698
3.502876564
3.75945443399999
3.826141698
2.877532428
3.301526378
3.583991819
3.325040124
3.412497058
3.307512317
3.394229322
3.61959028
3.954953084
3.458522962
3.375132861
3.943994836
2.940484174
3.702796533
3.673017208
3.979986164
4.092144678
3.223165403
3.58187688
3.915880174
3.451438971
3.873088428
3.218742786
4.590601934
3.911521722
3.6924945014
3.932016808
2.614055504
2.971151483
4.0860061
3.879791924
3.893956845
3.044692784
3.397024802
3.779706839
3.570941107
3.5924908035
3.525055631
4.014590288
3.8959926492
4.220633474
4.40870660899999
4.019357767
3.415107972
3.2952303491
3.939884148
3.067392196
3.790047984
4.0535299095
3.453864624
4.136048342
3.617364992
3.619525215
2.938722538
3.015142208
4.22171845
3.442386412
4.023710862
3.816044546
3.1982708224
3.594444302
3.328272871
3.9184191431
2.851893426
4.577368175
2.939722045
3.549441898
3.122187184
4.230841505
3.8965197247
3.514560064
4.2663503021
3.593677512
4.243256252
3.42163217
3.678717794
3.743844509
3.176426168
3.703374016
4.097355275
3.234899208
3.57982208
3.479961934
3.527682222
3.988033967
3.019577729
3.828103922
4.181570424
4.089829041
3.913163276
3.5501413922
3.153024179
3.669847744
3.633786832
3.241936063
3.8395190917
2.885061808
3.996024745
3.688555385
3.846115686
3.669309508
4.00871692
3.803497035
3.8847341878
3.936929247
3.315544263
3.220006713
4.044624696
4.655525047
3.532015137
3.838976206
3.640659059
3.1271182055
3.90694507
3.85618793
4.116765487
3.767517953
4.498641117
4.529992948
3.511007647
3.283373058
4.378593102
3.318612658
3.788922307
4.069209942
4.009609389
4.14674694105
4.5554114578
3.878959591
4.718281321
4.093798975
3.787236148
4.288573557
3.953089557
4.499756247
3.7241532325
3.533427766
3.569070357
3.739182446
3.553119297
4.000745224
3.824659094
3.366702904
4.069128807
3.501728395
4.130137739
4.752092003
3.206452821
2.889791494
3.4487820801
3.880267627
3.830017931
3.867907413
3.889576059
3.7164753777
3.624812488
3.985652051
3.604021263
3.977385461
2.9758035199
4.5787175201
4.049232012
3.5059259261
3.442997462
4.405181621
3.8325884816
3.832545547
4.070244219
3.4543356089
3.7864121049
4.009485813
3.755237897
3.413998251
4.311208383
3.996813466
4.485693038
3.5832206253
3.6325833024
4.126930582
4.214491573
3.481053617
2.825926197
3.784038406
3.664653652
3.677235898
3.589384527
3.689169612
3.251973883
3.575602566
3.841069671
3.1531958891
3.788317875
3.9788733287
3.6720107829
4.342867281
3.9504125
3.420908159
4.155401907
5.257427864
4.201263817
3.286538215
3.380240756
3.210034957
4.558597413
4.298759317
4.130795056
3.384691452
3.716334624
3.770060797
3.697872981
3.485301202
3.27568405
2.74649624
2.82506293
3.562493699
3.71957919
3.198336864
3.809468797
3.759643898
3.64301099
3.7585991225
2.95047006
3.238564681
3.452573016
4.31634671
3.930235071
3.51923237
2.939591375
3.31909607599999
4.120447189
3.20942862
3.29870714
3.4624297
3.588138018
3.248463691
3.542555068
3.650909668
4.141195898
3.2055954231
3.523426843
3.173492194
4.108868615
2.126049069
3.122753616
2.96521662
3.53034512
3.30133336
3.931393195
3.911542998
3.047537
3.666360352
3.368140421
3.82795593
3.530483781
2.934390227
3.334843911
3.374355009
3.53013118
3.80169733
3.798820529
3.872266871
4.027248844
3.073548941
3.37645179
3.2324113
3.64953086
4.313559235
3.8844075
3.3449125147
3.360625459
3.8796845983
3.138095905
3.47572622
3.5671672343
2.903250037
4.35252346
2.99790359
4.146312632
3.667426524
3.17027386
3.066880274
3.62751042
2.96606914
3.17844878
3.514083375
3.118729804
3.00956448
3.21696108
3.681664573
3.9954302
3.5722456458
3.21729037
3.639760417
3.272890203
3.054850291
2.876149963
3.674634096
3.89984152
3.0215893184
3.21889717
3.242074511
3.08696663
4.004934922
3.5143158336
4.082731416
4.021862035
3.833216969
4.108712515
4.2145751526
4.286091466
3.3111529739
3.706768653
3.852730745
3.87513407300001
4.274960477
3.499866762
4.0136484885
3.6214922536
3.994104224
4.730421315
4.449460525
3.778246035
4.333671653
3.2623844194
3.963143106
4.143205399
4.431197992
4.077423809
4.141379629
3.510025575
3.475770855
3.989313067
4.694216931
4.525853115
3.8140720981
3.618786175
3.343328274
3.868964125
3.600039871
3.952054895
3.906816037
4.099060195
4.63155239
3.913423886
4.028413766
3.628940537
4.278598195
3.4975998938
4.420488768
4.3955088964
4.234980595
3.306575865
3.431520385
3.685220302
4.113046383
3.960901069
4.18451275
3.659292404
3.6594600771
4.560418265
4.699073874
3.819517128
4.731190435
3.640473412
3.85413312500001
3.841489152
3.727505785
4.3022484379
3.428919935
4.3089385967
3.939701775
3.792728707
3.813083083
3.809263292
3.6103788273
4.003838089
4.251040909
3.91172382
3.584045893
3.228785094
3.874316189
4.134186553
3.276284155
3.699594322
4.033479501
4.278063705
3.605941899
3.6316936
4.648106895
4.508907753
4.577980387
4.152691762
4.30389424
3.814359355
3.382473445
3.816614325
4.2618922498
4.4992008261
4.480559623
3.632787855
3.817737285
3.680173995
4.703869356
3.167122339
4.146886716
3.5550842139
3.56776081271
3.483531973
3.255173529
3.896961244
4.125023109
3.204655983
3.471864593
3.504545213
3.182271018
3.022854271
3.961738887
3.063977536
3.221577957
3.53845988
4.047468262
3.5250427913
3.25642862
3.306461911
3.325637141
3.502823507
3.50196832
3.706669803
3.689844128
3.523749027
3.509170737
3.307376994
4.205316508
3.723270122
2.967337425
3.677632646
3.417627693
3.34823147601
3.303268297
3.1620293228
3.283838587
3.110267956
3.358854142
3.962775702
4.186642664
3.251374647
3.619924947
4.2687709006
2.997757023
3.5756286605
3.134828152
3.603172523
3.6399706684
3.963699299
3.873112756
3.145670182
3.723212077
3.187551153
3.178997908
3.493976316
3.416402293
3.916002142
3.931239074
3.79369885
2.765355863
3.915624652
3.163985757
3.788970316
3.025673237
2.5917207874
4.178003193
3.838368577
4.153646216
3.491554497
3.4381612475
3.94024054774
3.451134003
3.954684502
3.317910897
3.612460767
3.810362751
3.592482011
4.006574847
3.310315537
3.260006374
3.949796534
3.103766123
3.105497723
2.879878776
3.8500573496
3.723602985
3.543430176
3.088678834
2.919136008
3.678411458
3.254065603
3.64882403
3.918920886
3.603699645
3.895453452
3.608804487
2.724100245
3.480582068
3.798881639
3.885800186
3.3205571093
4.064111518
3.431608587
3.957563078
3.905244962
3.459387042
3.242046714
3.931174012
3.538820827
3.646047896
3.782922536
4.257401528
3.936496568
3.800409515
3.367362078
4.003288461
3.532858997
4.1176312409
3.238806658
3.482937089
4.4706275375
3.522233913
3.813268986
3.619761465
3.5180775558
3.068590267
4.042044915
3.7023589124
3.01957674
4.1374262954
2.7714563384
3.828292108
3.51765905
3.4924121818
4.067014348
3.953264103
4.359879672
3.526322192
3.202755923
3.753314426
4.8102402898
3.242039194
3.477176442
4.236550118
3.857752303
3.225347214
3.789857298
3.608734075
3.7623578085
3.618026729
3.743429066
4.172924996
3.96619602400001
4.037232937
4.599388226
4.4642994756
4.324120756
3.657453013
3.350744521
4.12660130800001
3.742349388
3.8212363877
4.036130231
3.509386138
3.284245358
3.374888575
3.841170259
4.222829243
3.9535183401
3.859161269
3.7130022141
3.635665851
3.662249812
3.645289269
4.176753017
3.72570353
4.40837252
3.755886116
4.725884006
3.365259359
3.886443951
4.33501356
3.633299653
3.355554542
4.0982287074
3.6490277802
4.345282721
3.868747104
3.507890219
3.564658268
2.876233254
3.0720311794
3.301770942
3.187082544
3.57927550500001
4.218628227
3.649807463
3.166004986
2.92607113
3.461640716
3.555561831
3.733706859
3.344129248
3.79299512
3.245357799
3.589808761
3.227891101
3.18478782
3.526620569
3.450957289
3.673564522
3.526144469
3.431720753
2.911037651
2.8812697507
3.595842319
3.076537687
3.584435581
3.264477581
3.610669026
3.6309841922
3.0221005474
3.80124347
3.554931735
3.416499618
3.119954949
3.367163639
3.873327041
3.918863561
3.93947138
3.115760249
3.143901152
2.804208431
2.7566668
3.012929711
2.661829011
3.82602552
3.637708339
3.0058410306
3.949702379
3.367791722
3.634866359
3.230946301
3.317174419
3.148999679
3.367589241
3.363914575
3.699887329
3.3530237219
2.4128935638
3.448222557
2.987604423
3.351900479
2.972861753
3.769853839
3.153487269
3.635327721
3.141421427
2.943714308
3.613118646
3.790763869
3.083301141
3.55069979
3.140286933
3.484961839
4.082727104
2.937714678
3.393349619
3.584646321
4.190107773
3.369602313
3.766825685
3.470169079
3.929504671
3.668916415
3.1375099313
3.328152861
3.446997628
3.004496241
3.721881911
2.908684246
3.059898597
2.998050835
3.653278971
2.864204648
3.5186151142
3.728422242
3.589713641
3.231138351
3.107813001
3.2552630773
3.475727349
3.839352136
3.044092368
2.908762259
2.909066241
3.436904393
3.541952455
3.149067035
3.299240644
3.21029382
3.296340258
3.800440093
3.237077446
3.2221863
3.179590299
2.8324772026
3.918373016
2.98294103
3.82568219
3.944180699
3.178228326
3.621015903
3.5327658544
2.4344656136
3.626729382
2.792283787
3.22587455
3.58592714
3.6272275
3.42634935
3.6305494997
2.6870862646
3.855609752
3.3891617873
3.146438838
3.537259704
4.122114656
3.658305816
2.851550779
3.53179003
2.48612608
3.111010517
3.1998107917
2.97029008
3.145403286
3.568215828
3.446702517
3.4254071566
3.249060156
2.94449011
2.771134168
3.8719484302
3.34718207
3.3554570721
3.315465823
3.424289535
3.04736885
3.1064838012
3.378114
3.2380339
3.71638568
3.5059483596
3.10911655
3.4388845897
2.544054824
3.606653651
3.069775329
3.5666309369
3.907021136
3.5388954721
3.215329357
3.675254398
3.428790237
2.751301208
3.066516586
3.642739312
3.525726286
2.91757322
3.4978592739
2.53174535964
3.064728312
3.51110793
3.258241459
3.29157979
3.572156323
2.778275759
3.727754467
4.17522278
3.31023511
3.395376777
3.587939771
2.959978438
3.642030196
3.698794486
3.26059559
3.40586705
3.30495033
2.898270161
2.932477142
3.21590048
3.346303261
3.238131762
3.453701199
3.41591554
3.224557282
3.50795765
3.055573403
3.2292468
3.41742958
3.315696759
3.212050898
3.110023068
3.215572816
3.284923329
2.4530100328
3.506873315
2.695945278
2.934595535
3.853992492
3.67713937
2.773259941
2.66464183
2.8155119694
2.718069546
3.684765575
3.349882757
2.7159733524
3.8373661519
3.310332137
2.95000838
2.969139371
3.350615505
2.884755008
3.133903992
3.002667927
3.211500612
2.962531444
2.863763295
2.950220293
3.7799294972
3.395294855
3.084136909
3.334223434
3.036734174
2.58756436
2.888028694
3.518700435
3.312918593
2.371479872
3.403261555
3.290788263
3.196925978
3.72427192
3.471101377
2.7551834084
3.555836976
2.98293232
2.71246384
3.5573408215
3.11401153
2.50659108066
2.9807315914
3.206901718
2.677056097
2.92187322
3.850705746
3.1388395022
3.349425024
3.041448512
2.903726951
2.471096237
2.931873873
4.17998826
3.636375515
3.04879182
3.08388373
3.0782487245
3.2284184268
3.2026030594
3.015186847
2.845442519
3.43676364
3.0200945307
3.159689443
3.20563399
2.68463694
3.678785064
2.40684639
3.6154222918
2.6045181895
2.826463704
2.86156562
3.238899625
3.09072304
3.421623612
2.979121828
3.1643936617
3.120117184
3.586064202
3.183564531
2.956151692
3.19310445
3.021023064
3.022993873
2.59397844
3.06060072
3.353106176
3.386866909
3.50780007
4.064698255
2.91027018
3.36364833
3.56252533
3.34210397
3.277181724
3.70763688
4.25106457
3.13938266
3.503667468
2.876616939
3.130242438
3.0332534
3.38498029
2.91764327
3.81555803
2.981956716
3.36589936
3.999800797
4.32227361
3.1451167
3.1064396221
3.13146906
3.72286928
2.917953897
3.74572013
3.343535353
3.38636964
3.771781914
4.04866422
3.014417121
4.09092894
2.759087173
3.827498152
3.33633561
3.4352448
3.2849237
3.445337312
3.23724182
3.01737893
3.3318982
3.727396633
3.715187
2.563948624
3.443590193
3.32553961
3.21586892
3.052624651
3.5530894
3.45911998
3.182835665
3.4275269
3.241537793
2.948728781
3.71147692
2.86700376
3.87178678
4.43301198
3.130180704
3.24289884
2.92096494
3.229167507
3.223322954
3.53583218
4.30444075
3.39566807
3.508600218
3.15212741
3.596935629
3.81956925
3.477148943
3.824380972
3.2500820904
3.09277523
3.92071028
3.84095303
4.11448339
3.6919672023
3.18940145
3.3688389
3.887191921
4.13905126
2.873050718
3.837767341
2.91196438
3.537041535
3.509129584
3.60772524
3.7239694287
3.80870868
3.27720766
2.969389774
2.849324731
4.127382484
3.41769525
3.048946138
3.451962795
3.204511497
3.67682887
3.430449642
4.162192811
3.5570831172
3.111039994
4.013024066
4.073162133
2.975013814
3.49212132
3.55615631
3.18857079
3.433210471
2.966695833
3.719097985
3.9345475443
3.763970141
3.648311064
3.355041276
4.34900558
3.236507934
3.417121005
3.218909686
3.38318151000001
3.550720926
3.085783656
3.698710249
3.807840413
4.127353609
3.183222052
3.17586527
3.213323294
3.294607917
3.507532108
3.3020513542
3.813559758
3.50808139
3.188343318
3.53901973
3.566524485
3.62831941
3.821102232
2.956529368
3.465658396
3.2923587022
3.984418041
2.823376178
3.930567569
2.999261527
3.136130316
2.94754757
3.270393302
3.56998913
3.5442815487
3.41677568
3.410669567
3.43369957
3.95244436
3.189018989
3.599421188
3.41218238
3.0969321605
4.0688985032
3.714661253
3.0912561211
3.653415037
3.006599179
3.634089014
3.31215762
4.128411272
4.068771914
3.0327112151
3.686283236
3.075420024
3.43996429
3.37480744
2.916147064
3.134304002
3.88985103
3.260351365
3.416429437
3.52821228
3.21219305
3.6605416276
3.536295513
3.25320829
3.1128040295
3.9910896237
3.2854066491
3.473639811
2.854892492
3.177151685
3.338416025
3.452960094
3.147766971
4.0739985392
3.174399376
3.545441659
3.59963046
2.985781454
3.2931438698
3.8020571151
3.564729348
2.944686161
3.259714858
2.817419572
2.575124195
2.970820625
3.180320595
3.228236208
3.530247819
3.488078612
2.5640758775
3.606281353
3.374482648
2.842466825
3.701790302
3.071807301
3.30437546
3.086609737
3.20888036
2.860559322
2.969895237
3.393820163
2.692541553
2.861808167
4.32066277
2.648173383
2.709683504
3.0184400579
3.474093967
3.157176412
2.8027533618
3.4385012635
2.923797695
3.788448584
3.312218243
2.810190009
3.362604843
2.998104425
3.543108324
3.241410344
2.831287269
2.899093451
3.074731151
3.522921882
3.451342145
2.851527941
3.608738917
3.193406358
3.558998793
3.606110451
3.663524836
3.149051895
3.085573901
3.510118565
3.991678983
2.858586121
3.932693079
3.058969692
3.599171016
2.72919769145
3.5856885154
3.564423933
3.100877673
3.242632094
3.689532941
3.716244919
3.625988154
3.429114087
3.158937399
3.053762584
2.9348453955
3.354429573
3.318677715
3.358893765
3.337799805
3.410068913
3.776427789
3.407718615
3.9801990275
2.812463765
3.632169156
3.760747032
2.883069245
3.207517527
3.398374562
3.012259193
3.6308871083
3.524813505
2.698051512
3.062239668
3.357914534
3.697425252
3.420584452
3.661918277
2.5122529752
3.4694708
2.864614315
2.965749468
2.756426145
4.272525646
4.0552380951
3.967028561
3.050049008
2.889883471
3.77794697
3.7274820052
3.450275408
3.22681002
3.549407805
3.696369483
3.952490781
3.29759907073
3.366961018
2.993851826
3.599516478
3.284465268
3.940374146
3.499004105
3.616489478
3.1885720697
3.299790072
3.231634743
3.4434518266
3.59064568239
3.911021781
4.356226047
3.387748898
3.543926775
3.736254804
4.122296458
3.868941838
3.757433178
3.658877076
3.612498686
3.200912652
3.933164396
2.484500206
3.9126405192
3.182436977
3.472195768
4.197689468
3.877930501
3.56402664
3.657650241
4.32624951
3.756519821
3.966759608
3.348492655
3.5581485998
3.858417043
3.106010078
3.064661976
4.050003235
3.776570509
2.690160757
2.919642929
4.281405018
3.149861819
3.302545122
3.517390298
2.992732287
3.560499326
3.774331218
3.520646247
3.329529343
3.990950479
3.789052559
4.040811703
3.276329318
3.371798527
4.0440503839
4.069843336
3.208542887
3.388457311
3.668350581
3.71496972
3.156575228
3.622669535
2.9736563949
3.619097789
4.585307438
3.803915846
3.583768576
3.3841980149
3.726103028
3.1278994161
3.801035111
4.103187198
4.125255867
4.254425109
2.92522065
3.189449182
3.778822115
3.049204572
3.643009586
3.740819695
3.683227643
4.052647951
4.104565955
2.934075223
3.302224785
3.399320623
3.281257573
3.619765513
3.226793154
3.932436461
3.743036964
3.202782415
3.0200959106
3.076105317
4.252733858
2.942207023
3.381135566
3.659535187
3.437931853
3.375328019
3.212135694
3.146127883
2.855006683
3.001247433
3.298630575
3.500198247
3.695697213
3.5642026401
3.056838932
3.955338695
2.991296453
3.13920849
3.093287689
3.0117486197
4.134856223
3.847463333
3.326040937
3.601613624
3.543842503
3.201437543
3.732582443
4.0559302648
3.501999527
3.0065304183
3.228097725
3.2691374251
3.4716718817
3.728773673
3.566962139
3.807733096
3.9003177
3.774281979
3.2799281553
3.414038593
4.303425613
4.2052817028
3.106555333
4.233466265
3.747811045
3.195496587
4.442526013
3.818569504
3.351179924
3.600524763
3.5645398451
3.356880613
2.698564251
3.950852207
3.748593089
3.380873317
3.3080470955
3.637680776
3.0102091091
3.50267037
3.584827124
3.3881763356
3.3055493373
3.69333921
3.613075075
3.572579126
3.2724086303
3.420613893
3.142006329
3.906023033
3.887098043
3.068886604
4.034757842
3.47150464236
3.672512533
3.5692915786
2.634808973
3.768035303
3.174272039
3.1532801791
3.7821168
3.476581403
3.374996895
4.437394992
3.615358311
4.02968701
3.325039627
3.2341676042
4.113277608
2.878536916
2.846159227
3.54257682
2.864519978
3.0136024
3.12970355567
3.508791787
3.72413241
2.924056867
3.433953683
2.764696855
2.888601709
3.48352288
3.126994659
3.11255645
2.93839247
3.661231316
3.812204119
3.154250937
2.98918601
3.226512772
4.0737528354
3.295380035
3.405917484
3.196910728
2.9969086146
3.42912246
3.14553772
2.802712727
3.31187728
2.62986452
3.1408644
3.911194025
3.82382897
3.303001005
3.0427914068
3.4930585
3.245269836
3.237421877
3.9430121808
3.88079254
3.51067011
3.132367662
3.441885143
3.560572028
3.186802843
3.03718903
3.400726173
3.393885145
3.0900256
3.322824476
3.5784875842
3.94618615
3.327029173
3.31937249
3.527097286
3.333218735
3.565628077
3.227542445
3.141601835
3.73501435
3.410138555
2.9887614
3.438989763
3.77583664
3.736795842
3.4127824
3.591225225
3.125027937
3.25959073
2.715718201
3.20329426
3.730229992
3.50969817
3.502129093
3.19012764
2.694169981
3.0887221706
2.920392222
3.330086333
3.489834259
3.083939434
3.33321691
3.3547502
3.76392737
2.823114631
2.9471885
2.68183098
3.282768031
3.0619873517
3.631523558
3.303091377
3.561298494
3.049000496
3.38844925
3.588262833
3.2830675
3.798497963
3.7797749882
3.621357326
3.632991133
2.754658692
3.509692598
3.798182737
3.4359095356
4.069550073
4.103076472
3.882038
3.52042632
3.59049771903
3.671277873
3.557950908
3.2295622939
3.887202219
3.40902611
3.6086212393
3.329556719
3.6135027963
3.659174472
3.194275788
3.316978687
3.96711181600001
3.536151289
4.156679805
3.92869242
3.601744912
3.416917792
3.192186492
3.551217878
2.94045995
4.0198255962
3.64977341
3.574810452
4.788272446
3.6024301
3.2012496743
3.331976111
4.293885811
3.874775832
2.865015117
3.361041621
4.216697481
3.132106257
3.3685621416
3.469969682
3.90880813
3.3927624274
2.542474036
3.8966571726
3.904422424
3.592419678
3.123925865
3.495551502
3.81372168
4.17418726
3.96348709
3.9426703637
3.2613921211
3.595406581
3.4202244611
4.509663578
3.500575231
3.259039772
3.483934322
3.69905828
3.233359599
3.482870458
3.72688027
3.091121701
2.9670188625
3.928906771
3.282347469
2.407613012
3.520077126
3.245146577
3.301998415
3.751555328
3.430508948
3.338719371
3.54607904216
3.772571089
3.1904459016
4.06808119
3.4281965402
4.170072208
3.346878188
2.988498067
3.40221833
3.037267755
2.958294437
3.459029129
3.531733076
3.957176142
3.964484409
3.26210898
3.984641519
3.842445235
3.922385303
3.343506831
3.394226857
3.817848197
3.3686747633
3.749276305
3.97266481
3.169310716
3.987494721
3.442273569
3.6577592676
3.53897009
2.966427034
4.2620693166
3.043871631
3.408091154
3.78959501
2.7146995754
2.799996356
4.3818112175
3.29882707
2.937832332
3.268147518
3.43763587
3.3862582808
3.2937353528
3.684395868
3.294998516
3.3491079665
3.86907078
4.203019595
3.2692463263
2.966565584
3.405412191
3.737318733
3.7723516658
3.804534549
3.2673880243
3.4712550296
2.851453599
3.462346618
3.230852867
3.652057332
3.301686752
3.336624164
3.296774672
2.91052378644
2.742967758
3.676767032
3.423563691
3.4174817058
4.0541800855
3.6007047164877
3.520443003
2.895746057
3.54669313
3.566543254
3.596970851
3.057119398
4.0330109038
3.290077873
3.045248537
3.12700951829
3.18913879
3.030482619
3.002564908
4.148263265
3.113149125
4.004161314
3.4650906784
3.400984641
3.0763966072
3.6062817793
3.726789277
4.012692106
3.400766711
3.166147934
3.3472281008
3.802394201
3.716906421
4.068252141
3.489207866
3.808014922
3.323966254
3.3494812141
3.357918078
3.800299463
3.3935222253
2.902949805
3.077895786
2.970792802
4.1242827398
4.147435524
3.64876150465
4.425113845
3.263068429
3.4972891988
3.383899741
4.597061855
3.469208952
3.2372433858
3.737064454
2.8296280154
3.215532541
3.746208783
4.2687827809
3.424486653
3.593874876
2.950407454
3.8961200261
3.531814351
4.632612673
3.564282129
4.073898439
3.288923913
3.502667873
3.559317168
3.971172428
3.776199953
4.148336195
3.595563893
3.468106266
3.938049099
3.738076393
3.738103733
4.291434632
3.645902855
4.100398425
4.153800035
3.101157339
4.380660903
4.136382993
4.22726490599999
3.388028652
4.001790709
4.20379249
3.541358163
4.196365923
4.244984203
4.254948175
3.450188953
3.445122692
3.955404032
3.572981492
3.3374544881
3.629952043
3.817653042
3.7494606269
3.384804021
3.424148383
3.898719231
3.397251493
3.0306443088
3.664222803
3.563517993
3.651937863
4.004969444
3.2938413352
3.449810911
3.490041154
3.069318288
3.352808973
4.284623934
3.391939063
3.665502382
3.380655919
3.588615663
3.657617462
4.1870637348
3.689896169
4.277725689
3.609460423
3.458120905
3.498317145
3.7718155687
4.2977974316
3.53436673
3.957144999
4.136460173
3.257301793
3.926683476
3.168121044
3.6718537563
3.489868567
3.537365413
3.554750311
4.168854279
3.389918744
3.421229491
3.3859306702
4.034628113
3.316673967
3.221551953
3.335612703
4.027424792
3.426750683
3.349378263
3.871455453
3.894893633
4.169878478
4.197579368
4.190004673
3.7278034663
3.438475943
4.050255285
3.375574682864
3.602316503
3.297339429
3.7648939278
4.5392796808
3.5393145105
3.760249545
3.3242650579
4.231314657
4.183435645
3.3637312571
3.3786800428
3.582601318
3.189072096
3.8723706833
4.010777269
4.604744231
4.278415835
4.233951815
4.103766815
3.842079365
3.686189135
3.758664085
4.244523078
4.3094727813
3.356445189
3.861226653
4.3833531829
4.124605342
3.421750994
3.786877246
3.788020901
4.265387923
3.307472609
4.560948523
3.220246905
4.223607286
3.93951261
3.605584125
4.166365335
4.087750902
3.528200101
3.612190113
4.056665448
4.415424255
4.617233034
3.5599987346
3.9412555616
3.458488885
4.0252400883
4.18747745
3.855683478
3.98959767
4.354634273
3.704772763
3.6947462184
3.1175728904
4.199102767
3.920763687
4.105883752
3.802018598
3.601607659
4.2428175695
3.648882336
3.763814715
4.159586308
4.214463526
2.906306303
3.262702941
3.511124944
3.589473027
4.060132651
4.701125115
4.137612944
3.804701794
4.256327526
3.752921297
3.737182215
3.779273853
3.880659061
3.556863717
4.035056333
3.639754634
3.96868317
4.211471021
3.810495444
3.325712493
4.0928778463
3.9414837
3.446134047
4.115180311
3.382674175
3.844185565
4.218994138
3.961387807
3.632758363
3.9423341099
4.029566865
3.557819054
3.8098451922
3.0486222828
3.60189313
3.025232999
3.20713824154
3.657983131
3.79441188972
4.3332596858
3.395438973
2.974700875
4.060098852
3.596599194
4.274274379
3.221740863
3.3170980982
3.913358007
3.576156828
3.665757831
3.920993269
4.324718721
4.043589046
3.394967917
3.286871791
2.9371573997
3.331564945
3.258902387
2.64676660226
3.122991414
3.62600521
3.7495994089
3.999252937
3.701126988
3.91171258
3.188277287
3.544695705
3.6940516066
3.300133402
3.572139878
3.136634156
3.152799146
3.215510613
3.587511706
3.3805340681
3.352909158
3.815573614
3.9086205875
3.9290436602
3.860885843
3.6940275622
3.369519564
4.164127637
3.5002590531
3.2914604663
3.595842907
3.8635103059
3.896091911
3.427365478
3.7097619209
3.381712503
3.662397122
3.511795011
3.426929561
3.0995366092
3.608297653
3.260821293
3.825990269
3.276229947
3.71571471917
3.686411094
3.646365131
4.174005808
3.478977796
3.733332156
3.702372259
3.572248072
3.459203651
3.72853124
3.274392719
3.380664986
3.2622885116
2.9474834194
3.497678882
3.15219018
4.441247116
3.435355898
2.936989641
3.2820642025
3.697836505
3.427371949
4.131785602
3.4567588504
3.26450861247
3.5514745523
3.35549258
3.079718984
3.080838511
3.18065293
3.272868636
3.4373140735
3.37111877338
3.177546261
2.573273053
3.501591036
2.947107343
3.468358513
3.081947541
2.979566038
3.026445557
3.117576995
3.320820821
2.316464483
3.360678081
3.59781208
3.501772182
3.054126399
2.870521299
3.660190623
2.731651591
2.867664705
2.913069129
2.494868385
2.999030297
2.81288803
3.10506694
3.010253857
3.4007191291
2.983733121
3.071902429
3.416320191
3.273791407
3.173982013
3.242361238
3.104950821
4.063301941
3.2807308
2.791588817
3.176241149
2.760048982
3.196294213
2.703277457
2.9601117601
3.610573797
3.322745202
3.08857563
2.93678667118
3.432668083
3.349162348
3.463664727
2.4824212602
3.415847658
3.568585539
3.358344007
3.169196965
2.762396137
2.894211878
3.128816121
3.057467707
2.795615307
3.5541825243
2.8603260172
2.893926474
3.003902071
2.987105621
3.3444053847
3.552975497
3.302806511
3.573816261
3.870275222
3.199766268
2.745951831
3.548152646
3.233695684
3.4303238852
2.746688793
3.136555752
2.864983941
3.498344118
3.344550551
3.201117016
3.273132651
2.789018851
2.643112662
3.284217451
3.329007981
3.52974817
3.133918239
3.356357481
3.061055581
3.414409169
3.041068399
2.584093401
3.035041576
3.226364498
3.406602537
3.435335346
3.366189235
3.3497243572
3.143703958
3.226976602
3.282879822
3.076909825
3.607944625
3.075551319
3.271098658
2.6034299305
4.045466097
3.326150359
4.0004263207
3.096252531
3.245382491
3.7907184221
4.076641909
3.338160901
3.413884258
3.975046878
3.287561535
3.828473482
2.736620267
3.590816264
3.287776441
3.269725424
4.492779258
2.8119357141
3.425542128
3.59850233233
3.470540701
3.628898645
3.5882784847
3.775472179
2.746940958
3.113164214
3.504507634
3.2187598
3.564127155
3.306422747
3.883156301
3.076734217
3.72871806
2.8601207221
3.28006245
3.652539055
3.3447946485
3.373518919
3.774034244
3.422639494
3.546923586
3.577319282
3.669043638
3.461958447
3.503895224
3.473042739
3.951384554
3.3199939681
3.744202652
3.103677836
2.9540247319
3.278002031
3.838077284
3.5147315348
3.534141591
3.314890565
3.466935316
3.429309253
3.834897659
3.295706284
3.61750348111
3.350822975
3.584937925
3.220354709
2.28612837
3.40353610646
2.8941981687
3.4558841929
2.9067931045
3.204577704
3.681044789
3.88503942
4.3050477835
3.3726682809
3.7519407191
3.478637123
3.290653521
3.423351533
2.900217535
3.293131835
3.6774640361
3.526262568
3.9696287503
3.300291587
3.109583222
3.24713675
3.778737488
3.3675089455
3.130877902
2.357748796
3.741414196
2.943373065
3.171198515
3.32658066468
4.527015843
3.5974674818
3.452023791
4.198559011
3.6143597253
3.970669317
3.5969641387
3.572946319
4.1367270893
3.803837151
4.2716127761
3.275268667
3.820452571
3.4251696548
3.437296075
3.54781172
3.474929105
3.7870372531
3.136587781
3.806443301
3.392166619
3.7318227866
3.484267195
3.676645021
3.616047321
3.523438271
2.921372766
3.74534357
3.3512468067
3.681120092
3.5087929882
3.64906971
4.070433356
3.6405977014
3.764837501
3.517697473
3.912480578
3.359148111
3.653724677
3.792532879
3.668407302
3.1603122116
3.519343061
3.339235992
3.938170939
3.959810804
4.29046554
3.51751965
3.622470275
3.470331103
3.378352595
3.310904622
3.495937031
3.852257507
3.954790251
3.500804831
3.642242111
3.660715801
4.4076174092
3.486730502
3.5687290605
3.560704061
4.169908061
3.736439514
3.564338181
3.471802091
3.631630941
3.055513423
3.469399124
3.8584080941
3.2072951496
4.106506323
4.311587016
3.401518987
3.4433949075
3.7267297
3.437383331
3.6520052807
3.738174271
3.656231093
2.61350082063
3.825602619
3.99292152
3.761474594
3.9739438025
3.249459506
3.807350941
4.168276351
3.367033974
3.950579491
3.345627966
3.269094718
3.569380021
4.875352836
3.648748607
3.697951112
4.056583291
4.091013218
3.476918681
3.458348187
3.966592685
3.3984076
3.915529179
3.47105879
3.162122701
3.96232345
2.70786919
3.909784547
2.988738027
3.513384444
2.75856777
3.142034989
2.85966083
3.58143215
3.71541767
3.67964055
3.491775899
3.725434192
4.26240056
3.26588043
3.746972708
3.17077411
3.081558075
2.82882129
2.99426333
3.23170865
3.767835768
3.40631205
3.070761026147
3.866199998
3.777203695
3.1911685
4.20919535
3.0959522443
3.156170524
3.34623635
3.89123683
3.52093452
3.155579154
3.09211228
3.377925639
3.525604153
3.39893488
3.477840356
3.520530174
2.8727523
3.67002255
3.085837007
3.709764744
2.59140512
3.5647020471
4.04551098
2.75981373
3.31095278
3.30525695665
3.371316642
3.74589257
3.58865439
2.71996358
3.272808074
3.17758187
3.020616182
3.083100833
3.4868511097
3.67779915
3.634642366
3.393395821
3.16569096
3.28747942
3.73367947
3.7673004118
4.00070473
3.665019013
3.10044927
3.41901331
3.431554572
3.370552298
3.282758187
3.305151861
3.204925382
3.50137481
3.457028857
3.296425906
4.19362947888
3.73840043
3.634983351
3.696352362
3.267423845
4.2459170147
4.15276892
3.795313633
2.886789686
3.724746572
4.02270067
3.52678875
2.7127822
3.935025684
3.58734064
3.628116781
3.459591518
3.5572004204
4.1775005366
3.3267219794
3.0368441516
4.3896259656
3.7445652766
3.4582658076
3.2580847716
3.7997526766
3.4271140156
3.6564319756
4.0273902456
3.8478062666
3.6468821346
4.0961313006
3.8615722486
3.1010139016
3.3229485356
2.8833323916
2.9330732976
3.3731443326
3.6513183366
3.4521664004
3.6087574646
3.5199900416
3.6003606724
3.7314653734
3.4751367674
3.4690813034
3.4618493411
3.3457281464
3.2819671634
4.1185986746
3.2035352266
3.0361309356
3.7382077634
4.0201009424
3.4791852154
3.8940632206
3.2662224856
3.8839813456
3.3390682134
3.4610090806
3.3685446576
2.8010738564
3.4531057166
3.8635118234
3.8508579606
4.8770172136
4.1611541074
3.1956930446
3.9060553366
3.3710019706
3.9403614926
4.3374224233
3.7654125034
3.0901201734
3.2122131734
3.8424698244
4.2891162126
3.5079911666
3.3623516034
3.2520385346
3.3966378564
2.9138549047
3.4681771106
3.5607547406
3.3843250276
3.7998858006
4.3014758386
3.63638988
3.8110493384
3.8587452384
3.1263429576
3.2099028276
3.5826301136
3.2455736966
3.4681545454
4.1389042776
4.1246665506
3.7923658256
3.2451563266
3.4372955566
3.6635485766
3.9873723156
3.8800611076
3.4608623986
4.0260377644
3.8984222866
3.2184449986
3.6659941606
3.2987052634
3.6692927424
3.0869713886
3.6163985614
3.538336593
3.1437040166
3.6577020296
3.3237591666
3.7772149388
3.288901282
3.07507969
2.828911722
3.540722425
3.659999624
3.25593848
3.395935825
2.7103049747
3.32902731
4.1258308054
3.265195536
3.266727707
4.064111405
3.603044206
3.450950057
3.347436464
3.60370905023
3.644508757
2.547275003
2.9892407499
2.787353007
3.101316199
3.0891877378
4.113896809
3.505239481
3.235209422
3.212161671
3.018869915
3.248797289
2.948312346
3.733502063
3.3158113013
2.730388304
3.080185378
3.114333482
3.710617986
3.7503248446
3.555816191
2.9658983327
3.830519279
3.292306329
3.62659204
3.26980126
3.1399173255
3.78002773
3.804803411
3.359217926
3.831645631
2.615297405
3.1404867397
3.2357930863
3.397317352
3.117223795
3.508182134
3.330635857
3.560998997
3.069156607
4.00847079
3.203585892
3.1979509445
3.462441297
2.869138218
3.285118207
3.2977458488
2.813070899
3.19667371
3.304262344
3.179019627
3.1114808275
2.770227974
3.366542152
2.9558965855
3.039825208
3.21895059
3.067385662
3.652630394
3.3473715491
3.045107878
3.0929037682
3.509175393
3.028449625
3.5929787854
2.534994729
3.768194017
3.1413743145
3.414989089
3.5501591155
3.7986785587
3.5406365129
3.279253955
3.142570484
3.6819167579
3.274340899
3.304800487
3.5329005969
3.166902506
3.03080913
3.466732575
2.799668057
3.4086044983
3.646016169
3.51714964
3.840004223
3.7172875037
3.323081137
2.97450659
3.89521651
3.45415694
3.7813156029
3.036793631
4.065605473
3.798766748
3.374923855
3.3984288205
3.861009621
2.95952923
3.588665946
3.018769864
2.615252658
3.400900475
4.185237156
3.5568072961
3.73432003
3.55820541
3.797706966
3.261021159
3.2840269
3.59519223
3.803682969
3.6377054956
3.29907621
3.4566281817001
4.06018356
3.947390012
3.816042909
3.498476513
3.809755138
3.743867077
3.4765857382
3.5596525
3.2701086422
4.00153908
3.1398127
3.692050524
3.23791017774
3.675729115
3.006403828
3.057991158
3.649132198
2.899270796
3.416234087
2.65465305
3.81510688
3.0517186
3.46237949
3.604929277
3.172614322
3.6683725693
3.966419343
3.636423129
4.36834976
3.40339911
3.99179675
4.091491011
3.031086798
4.28451815
4.045304306
3.62060504
4.112452468
3.866140988
3.17624028
3.52600515
3.543985505
3.88274918
3.614315792
3.372644329
3.2494784382
3.73883885
3.46624814
3.82691703
3.64259050999999
3.81698558
3.528035283
4.12765285
2.912676366
3.612029816
3.75736142
3.3444819036
3.5076820889
3.88975358
3.25903729
3.44040556
3.242802423
4.049291893
3.80679256
3.06500579
3.952474314
3.335380653
3.50088822
3.656758657
4.487843595
3.84113198
3.25403165
3.417658714
3.767505274
2.74719596
4.176432268
4.227686206
3.581495211
3.631947648
3.330019096
3.54803408
3.954927903
3.124606729
3.523634199
3.892946668
3.515822732
3.04596313
3.26872429
3.771021097
3.758749597
3.608486669
3.273421675
3.947969458
3.63467869
3.609564275
3.5014009
3.883399051
3.885699068
2.85444607
2.876231006
3.817467782
3.383400303
3.7972664
3.462829345
3.20593413
3.292875424
3.93377836
3.47139291
3.471894793
4.38466263
2.885036891
3.952230324
3.62979697
3.744413526
3.372594611
4.109461372
3.01397254
4.0144256396
3.058236635
3.027018791
3.176635074
3.659967291
3.086383306
3.356164034
3.58767115
3.36933352
3.05002859
3.80791241
3.345914251
3.162669523
3.178884724
2.86641298
3.227804659
3.323713086
3.5850339
4.01133148
3.45920474173
3.752163346
3.822981383
3.578456685
3.072943008
4.142341975
3.94058958
3.731526513
3.552040063
4.153532465
3.392808698
4.094067224
3.589856133
3.511089948
3.19410278
3.311825605
3.615959895
3.25492897
3.12351565
3.22448309
3.484678444
3.543679481
3.77964024
3.75271843
3.4600247214
3.94109953
4.03244309
4.468185766
2.9114808474
3.503921437
3.77488073433
3.245565218
3.327463288
2.8089913748
3.56259801
3.55896519
3.34427885
3.294851741
3.701881833
3.333237281
3.347485602
3.19778531
3.39915769
3.064708432
2.686526919
3.4312973684
3.4126794343
3.37278903
3.13500102
2.960793875
3.14922509
3.67437383366
2.65441176
3.036412146
3.47792106
3.35657303
4.05675918
3.70074341
2.75463446
2.9094377
3.71763366
2.89727534
3.261730481
3.967911171
3.497577083
3.28101181
3.254582984
3.412197502
3.4554388575
2.550842514
3.30082691
3.328393247
2.845196484
2.997922943
3.17161204
3.33366698
3.33385712
3.61549744
2.96086734
3.06286577
3.3383007
3.002753013
3.224235929
2.71792579
3.36761304
2.754802663
3.223567062
2.69641439
2.95945714
3.307446898
2.733379614
3.54406582
3.374256466
2.96822799
3.51741212
3.89424405
3.047506384
3.38548014
2.65273472
2.994206657
2.97540093
2.6620934
3.594934168
3.072353254
3.34239505
3.00446477
3.76050878
2.709344387
3.14117524
3.47324399
3.67898919
4.308414668
3.6044832234
2.90497257
3.4319176694
3.55259339
3.49542582
3.16792016
3.38804707
2.91338401
3.4018469888
3.35861651
3.426088308
2.89091393
3.46557592
3.21578434
3.93516467
3.036949037
2.19550183
2.841278013
3.5698650311
2.618350299
3.07817617
3.360375469
3.488870401
3.91721116
2.672615272
3.31599908
3.5420708027
2.8996553679
2.831929495
2.689558089
3.4516087576
3.419957771
3.619750296
2.871598109
4.0276229131
3.15214857785
3.727721111
3.4898247013
3.901737763
3.95513006
3.525126686
3.2348878726
3.612816456
3.14951051
3.280894464
3.356837755
2.94147925
3.4152429344
3.837390025
3.686053398
3.5600572258
3.354392185
3.57767602
3.120722891
3.056912182
3.14962845
3.167585299
3.29061544
2.84176515
3.0162323694
3.664882143
3.77303313
3.4005472204
3.523474388
2.92902077
2.8436399782
3.486837329
3.032217274
3.65108408
4.02325066
3.2341129743
2.913311348
3.611796485
3.504498497
3.387538786
3.782648021
3.1246441923
3.884089188
3.339896565
3.27493634
2.9707808294
3.38963212
3.375036011
2.807750818
3.47833684
3.5459584068
3.247119801
3.649226285
3.9236791626
3.56907889
3.60257204
3.22831217
4.232372241
3.50100615
4.142069472
3.766979165
3.200776431
3.3126736753
3.1390996524
3.928411522
3.19388615
3.279007448
3.079243474
3.074547941
3.33334016
3.949146363
3.14470679
3.20295748
3.412119939
3.361491726
3.5331296228
3.6217305018
3.333767492
2.7555503624
3.295608265
3.900600025
3.35291264
3.340567697
3.532562262
3.819644113
3.5316607434
3.3813466702
3.0894897218
2.7354698362
3.4045723188
3.1808298512
2.23270843667
2.4108002252
3.0063151172
3.2555854068
3.0325274992
3.4109064812
2.7571889502
3.5389224052
2.3774593552
2.8470191822
2.7410958662
2.9942003592
2.6356700077
3.0119966442
3.0756433272
4.0600769092
3.5703808602
3.2798026378
3.0920420228
2.5768362452
3.4274876432
3.3955438808
3.5945032012
3.528832067542
2.7033183692
3.5363498942
3.0245086708
2.5738172006
3.0056368208
3.3105614228
2.6787409152
3.4527935369
3.8268207838
3.8662931588
3.6804433742
2.7812405462
2.8974545402
1.9686117118
3.7103208147
3.5924214538
2.9509390732
2.7422169512
3.0562135122
3.1007417912
2.9743451488
3.3903203722
2.9718985522
3.3720851612
3.0960852571
2.7074237881
2.7764129982
2.7916968398
3.8070904308
2.4451980802
2.9780210448
3.7606662672
2.3406848402
2.8501007352
3.1706105078
2.9770274912
2.8958575732
2.97734811927
3.4728875922
3.2476265592
2.6192725522
2.4983532542
3.6885883162
2.7171771512
3.0736727676
2.2184511382
3.4818394633
3.3060191062
3.5119908542
2.7919935012
2.8404557512
2.9140937952
3.5608134948
3.1385251318
3.2433780042
2.7877564132
2.2878491132
3.1031290482
3.5232577092
3.4121486246
2.9149475568
3.2839268182
2.7081204918
3.4487210188
2.8580237867
2.9584328288
2.9203852972
3.1698105992
3.1914626562
3.0412847802
3.0677019662
4.3160792539
3.6308626259
3.8519177041
4.2909068391
3.2797263201
2.9799917419
3.2646895251
3.8680998659
3.2950955121
4.3579912441
4.4859044761
3.2800942469
3.7140972789
3.8587872411
3.8055582489
3.3271171601
3.4318931211
4.0921151132
3.7157774121
3.4238945909
3.8600984301
4.0518073759
4.3617616621
4.3546511171
4.6034009581
3.8086013479
3.5415202979
3.5567658531
4.2625981479
4.2574383921
3.8615060279
3.7152700871
3.2406317399
3.7264146481
4.0012324329
3.2059915721
4.3325934294
4.4454699191
3.7052657559
4.7938330659
3.5791317529
3.6358234549
3.5034209859
3.3871241521
4.5776384769
3.5886203663
3.6700698809
3.5506114659
3.6071306649
3.5407446131
4.0197533539
3.7651180909
4.0344885729
3.7813228079
3.6326861721
4.0021690589
3.6209122064
4.4221484221
4.3918497061
3.8320305931
3.8559970509
3.7050177341
4.0624248521
3.3474662389
3.8238347959
3.1862025541
3.6327136241
3.5798719169
4.4293318019
2.9700929351
3.8483014291
3.6896891061
3.4735449491
3.7041040429
3.7561352801
3.5671415779
3.7559894029
3.5037392743
3.6752613809
3.6321194989
3.3550707941
3.8458109162
3.2789771621
3.5945837779
3.9256343379
3.6955431261
3.1981913191
3.5317482751
3.6965713541
3.4826726606
3.8455164321
3.2984096861
4.2181443779
3.5715317928
3.9991038191
4.0944362249
3.2352955541
4.1597641179
3.7633777621
4.4352558739
2.95513087
3.439375523
3.21394169
3.270171089
3.285073082
3.28622861
2.83514914
2.5794999002
3.211530917
3.196468423
2.8889138
3.18225459
2.882378318
3.357454513
3.48509511
3.111296204
3.11553983
3.237714474
3.7858405357
3.333439053
3.5071948
2.809162855
3.750095093
3.48603474
3.01724598
2.430148761
3.301571788
3.704395482
3.535332704
3.52660416
3.0513799102
3.1908060266
3.39825516
2.84871836
2.941289965
3.348905738
3.163315981
3.471428003
3.4114968086
2.887140259
3.008246861
3.111745773
2.843690475
2.807236732
2.943585212
4.11324674
2.968734769
3.529460347
3.146827726
3.152777636
3.55570976
4.008753589
2.972117924
2.769524956
3.537661976
3.572383669
2.90752516
3.6253123343
2.63722011
3.3729773401
3.08955868
3.320177926
3.697197581
3.357009307
3.30917414
2.979135728
2.898842893
3.258088928
3.576310645
3.673331373
3.381232076
3.24964809
3.185787163
3.5507108182
3.601254487
3.595809467
2.96929941
3.643448176
3.38697771
3.367589544
3.563275696
3.127291489
3.19343915
3.423685737
3.136561707
3.191264285
3.364950687
2.673027182
3.74997096
3.054644615
2.9238424
3.2588203101
3.51703397
2.94530234
2.7556184076
3.94594095
3.14785068
3.0010565205
3.49197756
2.810212816
3.7793435932
2.9063059762
4.4347692702
3.2799397042
3.3942508598
3.4964858838
3.5115763032
3.4053315528
3.6818809322
3.5419763262
3.3457215538
3.5721316902
4.2482835082
3.6205916618
4.1613931472
4.2491398562
3.7690855732
3.0640824698
3.5798563518
4.0735394922
4.2122819512
3.7229136272
2.8363403662
2.9999204782
3.6187346038
3.0553664162
3.6472698762
3.6590921482
3.250903614
3.8466318588
3.4395308702
3.2806354012
3.9517048442
3.7401175662
3.2030124102
3.7082018842
4.2001131382
3.5388271822
3.7130584342
3.5131175852
2.9549735982
3.5949061328
4.0053677228
2.8374604998
3.0654768932
3.7335126778
3.7274435272
3.1220886322
3.5210079992
3.4822900982
2.8418223938
3.3548093682
3.5676930524
3.2313152042
3.1465614602
2.6870279258
2.9943112988
3.7448145602
3.8086225562
3.4440126098
3.5222184502
2.8399394848
3.1795091282
3.75516560020001
3.2211166758
3.4507474992
3.4580752538
3.0939664252
3.9717932312
3.2826107552
3.5711208682
3.8293574802
2.8729920682
2.9731859774
3.2664140212
4.4373030528
3.2653819002
2.9662569082
4.4272284398
3.2897438882
3.0489917042
3.7600670102
3.8782328152
3.2680879698
3.5307135918
2.6454789628
3.3377120982
3.0473149522
2.8728553298
3.2157647972
4.2164818808
3.800427411
4.0055376002
3.7594487962
3.6186760982
3.2434796057
2.9685745732
3.1802850308
3.3673348299
3.7288127312
3.917377527
3.79506211
3.464567921
3.274302981
3.817751035
3.342186235
3.236460545
3.4536879304
3.317635508
3.844090113
4.0113288495
4.4501929266
3.962551129
4.321728221
3.393501595
2.943798627
3.210280767
3.625686952
3.295808853
4.400796296
3.751462638
3.348260802
3.851328612
3.656250478
3.794671512
3.853194584
3.481787438
3.489110871
3.944725703
4.2610424249
3.277268411
4.315633139
3.861926334
3.942698638
3.478660281
3.423400044
2.833273167
4.143480593
4.117120217
3.5483657802
3.271624802
3.535176244
3.237301505
3.042051617
3.736649243
3.343407824
4.188982611
3.8866573742
3.546701086
3.2607356106
4.788676611
3.186594116
3.4247335806
3.609009024
4.136663364
3.72071398
3.337621909
3.660782954
3.83489536
4.019900936
4.215753939
3.553676378
3.439308005
3.61066889
3.464105441
3.308387737
4.075881134
3.8479197
3.453579853
3.623263829
3.52365553
2.862111023
3.630928517
3.524270292
3.470959723
3.862976794
3.061974013
3.239273557
3.37003397
3.852231066
3.680037176
3.386243977
2.987704363
3.871713363
3.943602873
3.93947562
4.455290901
3.730635927
3.711740334
2.725779223
3.699562417
3.339087104
4.08934576
4.061913597
3.74701702
3.866576841
3.771396823
3.643679605
3.7344978256
3.914239395
3.507079575
4.02350602
3.499246109
3.35501264
3.7662305
3.61575064
3.59616536
3.902211564
2.817850242
3.52686815
3.12103356
3.195790517
3.35119814
2.779849094
4.007070543
3.237303041
3.926220662
3.87049033
3.346308423
2.992827646
3.4855935
3.52344319
3.04267373
3.47923918
3.441885323
3.18114276
3.31309208
2.98585178
3.608116039
3.0906926294
4.17566643
3.98458793
3.177928207
4.19142794
3.21956362
3.07481346
3.12341652
3.237697779
3.36962491
2.67506926
2.817796927
3.28485508
3.89128862
3.4811371
2.75684012
3.22188767
3.0929402
3.282698356
3.669894899
3.62406467
2.94956284
3.90650274
3.133604767
3.14416037
3.00651913
3.53785259
3.3684211
3.40436755
3.697356565
3.50498205
3.388301516
4.006831049
4.60206178
2.752822106
3.61415052
3.01949539
3.3780799
3.444936999
2.274946896
2.885641177
3.511431
4.005602132
3.42969181
3.692772503
3.49729944
3.668168373
3.595635815
3.02672983
3.31600235
3.18888105
3.83878659
3.378281597
3.35573201
3.20327752
3.330778758
3.168530094
3.57841468
3.65665786
2.70416023
2.967621382
3.26818953
4.23056912
2.63056188
3.68014587
3.45854672
3.756660165
3.190297766
2.741883194
3.042304807
4.100871731
3.1609614123
3.174200494
3.223780296
3.662868821
3.158908749
3.795865241344
4.0790892381
3.2017348899
3.484819942
3.322590694
3.114156731
3.9602240226
3.612847523
3.1378389075
3.430901166
3.633162056
3.222400916
4.1094880648
3.163741474
3.343638408
3.412366842
3.313579762
3.727204013
3.502791071
3.335105028
3.2376624997
3.206746307
3.2033153665
3.3261824426
3.649421843
3.30818995675
3.261374374
3.340501953
3.135620799
4.204753487
3.490464801
3.020179772
3.6976374925
3.43261344
3.290228054
3.803771957
3.435464894
3.932826212
2.922731282
3.107810663
3.55929583
3.332462678
3.414929156
3.236685857
3.03467614
3.085594708
3.80419736
3.776786437
3.277697504
3.239192451
3.9167137093
3.53375958
3.5604488
3.7544830671
4.200651144
4.250972637
3.349767986
3.498185682
3.7380791709
3.93199635
4.082297005
3.880485143
2.943161275
3.805697782
2.8273203096
3.809143454
3.967099066
3.77350099
3.47321507872
4.2341240329
2.509766707
3.48509585
3.788007567
2.8751297302
3.304200454
3.223824473
3.607019806
3.393239359
4.211835375
3.151353337
3.833344252
3.698653087
3.271491643
3.236367118
3.605337122
3.99096086
3.618690654
3.891961229
3.1447971
3.276145777
3.394894366
4.3167689329
2.88298022594
3.995247596
3.492330736
4.5170777447
3.254446284
4.328778993
4.201769206
4.319105275
3.874574302
3.465148009
4.212435759
4.45237727
3.840131272
3.0752439519
3.380429182
3.515910427
3.812313795
3.931467387
4.034478914
4.613282023
4.042311215
4.202908375
3.639324051
4.760919362
3.729680633
3.408168955
3.8541147077
2.908468122
3.461806193
3.569768958
3.981329257
3.321639823
3.253437506
3.971444393
3.273845687
3.4751538784
3.3501809372
4.266254688
4.146970718
3.556838291
4.469726901
3.885079644
3.6468012141
3.278849672
3.6503656761
2.8429750165
3.616492546
4.586263847
4.5209309895
3.903281775
4.598330492
3.915471563
4.3306812031
4.577798904
3.870424025
3.778451997
3.654450988
3.679320681
4.240869599
4.194487221
4.291245592
3.439784871
3.1527997043
3.768289458
4.242225822
4.99039377
4.048809832
3.859244167
3.21754823
3.209003237
3.648352703
3.260953657
2.759376695
4.212513855
3.642587516
4.103205102
4.04839483
3.845191156
4.028459319
3.4223683536
3.659662764
3.905274723
3.524324154
3.608413857
2.903351883
4.388269578
3.309329633
3.8643865897
4.493403381
4.399070897
4.315782887
3.727625665
3.254731925
4.283308227
3.1200850228
3.960455451
3.830460988
3.046974848
3.658166862
4.4404622535
2.915126087
4.172135775
4.103196035
3.1988806487
3.8022977207
3.7663510187
3.4369802577
3.9231002807
3.2956630955
3.7929106333
3.7928632937
3.7933557027
3.9426729509
3.7684896155
3.4021020477
4.0400074877
2.9540607097
3.1228818887
4.2403001257
3.8391959957
3.9354864817
4.0860559287
3.4187438967
3.8537886887
3.6098975987
3.4241786761
3.9389407027
3.5692725227
4.1275720526
4.1202626577
3.6888865717
3.1770637527
3.3015386193
3.7305278397
3.7627705947
3.2030290897
3.9380432557
3.9055274737
3.0204989189
2.3481093533
3.8675890607
3.6136359627
3.0566927337
3.5514818887
4.0013294587
4.0536653847
4.0917887087
4.2501692387
2.8608509667
3.9171683327
3.2352562587
4.0398373249
3.9917496157
3.9053017387
3.4209345358
3.2132351197
3.6551961633
3.2410848712
3.5256929747
3.3083665037
3.6269272705
2.9533820707
3.5786616897
3.8276173503
4.0035797137
3.6693022087
3.4800860188
3.3975712392
3.6128632227
3.9060829577
3.3161217193
3.52467487847
4.0169172137
3.1822700117
3.9188833837
3.9523447804
3.4745997823
2.7999340987
3.4907757207
4.3678780197
4.2526732068
3.5350801487
3.1461333487
3.5987673067
3.2345664242
3.3676736017
3.7083032137
3.7994961787
2.5864401587
3.4006710697
3.8950885182
3.5515876797
3.7022541367
3.4513472807
3.6801349067
3.9975319137
2.7231074353
3.2889875338
3.8420998307
3.3346668537
3.7365441097
3.2778874087
3.6927141767
3.8880886405
3.412067508
4.60985668
4.2841860678
3.2073144601
3.774619009
3.412014817
3.764910983
4.08086558
3.538792296
3.39858412
3.886184351
3.58807216
3.409254512
4.3248149312
3.7284406245
3.55915211
3.63039508
3.168401428
3.610552331
2.743223993
3.778778801
2.893381825
3.281365085
3.713017475
3.888837569
3.4633946045
3.692495895
4.356284907
3.324547161
3.471090377
3.990221945
3.843644083
3.50454608
4.1944031976
3.2712148456
4.122012804
3.920800388
5.2819345296
3.092057637
3.849857148
4.1540680821
3.934654413
3.6258594835
3.58660132
3.85246783
3.829755347
3.633151249
3.995883174
3.333428194
3.2639417297
3.310223238
4.35550509
4.471982596
3.758210895
3.539540292
3.7122736592
3.7983974525
3.137341868
3.338240419
3.756283481
3.63910694
3.8032587935
3.7557151808
3.593597165
4.25456418
3.278119665
3.891363145
3.982189869
3.389127172
4.14191869
4.0507354781
3.806489702
3.179667293
3.297818253
3.832358556
3.6373417005
3.496304033
3.86010908689
3.44853282
3.70379493
3.8266728883
4.259080367
4.50239785
4.175982555
3.522024362
4.036771106
3.426721553
4.170515139
4.32994516
3.65515285
4.808064249
4.132465496
3.799779085
4.547219683
3.430550121
3.79831392
3.681827133
3.797513301
3.726770189
3.4601612201
3.9294615999
3.3703574851
4.5153347589
4.1023821819
4.3442924889
3.6006963589
4.4556551001
3.9819287231
3.3503509442
3.7044062661
3.9434440791
3.7236921659
3.4641424219
4.39534066
4.0291458231
3.5443115809
4.0426637131
3.4063920561
4.5638793181
3.8218681651
3.6520738392
3.3755566191
3.6177818001
3.5126145791
3.5531035301
3.9035487001
3.67084231814
4.2871739801
3.4036248281
3.4875795809
3.4895393321
3.2436564491
4.1406649391
4.2743592691
3.6037544949
3.9356828579
3.6546133101
2.8491955531
3.9855003956
4.4274495821
3.3962799119
2.6849304299
3.48454537305
3.8559443468
3.4595719659
3.5932592851
3.9872881571
3.8192194941
4.0575508628
3.7166719731
3.8448807541
3.0904066505
3.4605207541
4.2045372221
4.4596565699
3.4405472315
3.7791055994
3.3572648399
3.8485663559
3.4389426101
3.9192743601
3.5592368311
3.0245028171
3.2735540979
3.76230993426
3.8320737933
3.3872268007
4.0440242731
3.7378383901
3.8302703621
3.8601342689
4.1702357277
3.6562573849
3.1920886559
3.6144042093
3.7696568561
3.7525762981
3.4574573751
3.6335601219
3.6782860839
3.9897293871
4.4519789431
3.5778815116
4.9938009021
3.7246826389
3.6507143279
3.5096486085
3.7277255051
3.21023188666
3.8586503589
3.7326097231
3.2682261989
4.3074773231
3.9316363669
3.8319829161
4.2094380162
3.2197920721
3.9901220119
3.9148022111
3.3549970916
3.7921745606
3.3165584748
3.55593447994
3.3628297688
3.1563909894
3.6263470648
4.0571178524
3.5328326234
4.0951292426
3.4873982188
3.9275128746
3.8463784186
3.6935517256
3.6980083345
3.3417970946
3.6830033616
3.9534185148
3.2521519008
4.3304482233
4.1004957588
3.7057856304
4.5111260304
3.5877156146
3.5069690366
3.6769913976
3.5111502816
3.6025270578
3.6900718188
4.2020106009
3.8153080268
3.0636281906
3.4845712077
3.2578506436
3.5505259105
4.0030303965
3.7785065823
3.0692359196
3.5579421076
3.8365870098
3.7597689648
3.5521616688
3.5097731738
3.2956223252
3.8400432458
3.4896172796
4.0333597016
3.4253433564
4.5085476674
4.0965135228
3.2278387634
3.5492932805
4.4078098736
4.2463589666
3.8111934004
4.3152860478
3.6928315144
3.5512961224
3.3039334394
3.4132634916
3.4962797034
3.870530293
3.6265971976
3.4496309114
3.466324715
3.2308556354
4.0797054958
3.3980224984
4.2869903218
3.2327628288
4.2529599336
3.4550040526
3.9249923206
3.7636409444
3.0675055864
3.8291459364
3.7736058356
4.6173576709
3.9363857836
3.95565232289
3.6757826367
3.9806683494
3.5663158256
4.1368966886
3.3857866906
4.1035556122
3.7659212448
3.5292623496
3.2418705446
3.8396872296
4.1120725028
4.3871054138
3.7384279594
3.129673076
3.7493790578
3.2721938376
4.5034741094
4.0729713759
4.0633050396
3.5304198814
3.693587429
4.196146796
3.023079877
3.35904379
3.704803336
3.324955826
3.497892406
3.279258429
3.260639254
3.484474796
2.84669338
3.634479776
3.816570145
3.324811158
3.674689591
3.328434506
3.928932156
3.218508056
3.4539441352
3.323804766
3.344988696
3.321044902
3.749579684
2.774989496
3.664950843
3.224598294
3.712270279
3.074277356
3.233902089
3.421439061
4.4512760168
3.978068085
3.980857717
4.171563117
3.211133966
2.962802644
4.115651395
4.029172198
3.819595682
3.277467498
3.046551985
3.766637794
3.581816626
3.680883715
4.151109215
3.872865573
3.8483387609
4.179693187
3.710300378
2.704407164
3.928208284
3.262531876
3.082716169
3.056178596
3.369423396
3.820969704
4.103387246
3.757433344
3.393932168
3.556956102
3.903685184
3.26218414
3.9849597634
3.309971122
2.588947156
3.755767544
3.589113003
3.91943883
3.430554529
2.927295537
4.204921726
3.130823757
3.558140057
3.127983694
2.729858406
3.204680444
3.893469778
3.610801606
3.094576166
3.963325544
3.646513038
3.720109345
3.924663788
3.3220084157
3.703863993
3.5780694256
3.567348171
3.276816146
3.610810556
4.099234426
3.2232745571
4.224386627
4.0379347959
3.8318783502
3.855720799
3.217815089
3.37020699
3.541297266
3.566951656
3.882835217
3.44922183
4.0364250951
4.068613397
3.851977511
4.390144393
4.016481511
3.872073226
3.6450802705
3.936654137
3.74946731
3.915391666
4.855798239
3.066849895
3.360955486
3.50677931
4.540605768
3.1233590012
3.520287319
3.387348474
4.589188909
3.868137771
3.29131337
4.738203311
3.639760404
3.530657835
3.638326719
2.8724538355
2.885942819
3.982643965
4.798243146
2.750084322
4.1492554803
3.78338804854
4.53735481
3.9442114169
4.314259367
3.934030798
4.1963416623
3.3632249608
3.6114173233
3.308997848
4.0678639763
3.582412354
3.889522485
3.2575859752
3.69009481855
3.43401909564
4.3430003643
3.418463635
3.394062007
4.059071054
3.26078954385
3.9958286806
3.501892314
3.475928183
2.858273164
3.441647467
3.312657502
3.708531528
3.7001878299
3.099264861
3.9107869807
3.691032077
3.514886867
3.539592754
3.730590227
3.425042326
3.5110054531
3.5592376461
3.900779515
3.9300402095
3.417134681
3.269562897
4.241561923
3.5555710397
3.620921111
3.320376039
3.6408763111
3.646786934
3.6132867547
3.919742849
2.9281936645
3.439656091
3.447820919
3.928321159
3.933398075
3.493783144
4.012555354
3.601244658
3.287264538
3.5314685102
3.421590151
3.775094936
3.463413297
4.100164329
3.606267137
3.112339872
3.368769226
4.27951715
4.261277095
4.135717289
3.656091825
3.214265799
3.31290246
3.714967862
4.046472875
3.155133912
4.17918322
3.43693239
4.669796825
3.8222607384
2.985644475
3.474871548
3.427680945
3.455912775
3.976779218
4.031943525
3.722791005
4.33213739
4.634402442
3.839823958
4.02302461
4.712450278
4.034861379
3.851771019
4.048417723
3.581416583
4.296474251
3.75978671
4.129441405
3.523130431
3.066204607
4.006143265
3.6490988781
3.460739295
4.093351391
3.821040665
4.423591885
3.745620405
3.418991412
4.005264051
4.4492744378
3.092030387
4.331783025
3.520121407
3.745414942
3.644293685
3.500975969
3.492559345
3.943847191
3.475263035
2.83576741
3.366506124
3.309720334
3.743557338
3.401289963
3.565505325
3.114934429
3.703577739
3.19710544
4.086067777
3.688882305
4.187074955
3.106512965
3.500486655
3.330321053
4.036397214
3.657246255
3.703034691
4.5178566292
3.434724696
3.819233868
3.875210264
3.975982685
4.083399201
3.656080804
3.310375018
2.95412201
3.306639611
3.237094609
3.672515988
4.801789706
4.730730555
3.77096354513
3.869026174
3.881124927
3.5547133
4.703851495
4.112673558
3.7430324385
3.86969504
3.814080997
3.545771284
4.209336749
3.352110661
3.554508635
4.084482383
3.211170245
3.9750995557
3.891985185
3.381283442
4.439911387
3.6388143808
3.603014275
3.807170892
3.545848155
3.558094546
3.43270339448
3.452216929
3.67357625
3.283710752
3.310155409
3.538137224
4.092149891
3.337421086
4.549350952
4.390452891
3.732909873
3.369308561
2.873631831
3.925908738
3.387819038
3.422157855
4.171219643
3.888034338
3.723429195
3.3873477329
4.11151357
3.376857805
3.8725924128
3.402923776
2.893781688
3.93362527511
3.777133977
3.279147708
3.571592483
4.001751183
4.32647296
3.758417816
3.34521324
3.151171164
3.068285327
3.4784115
3.988982427
4.543861007
3.2562751819
3.948106841
3.2769676328
4.162420751
3.057560657
3.179297583
3.065331505
3.508454415
3.696496827
3.378040384
3.8243772053
3.568397887
3.8047926625
4.115562489
4.335370529
3.69215412
3.409661387
3.684949558
3.707379585
3.471532988
3.95158151
3.508566147
3.57289758
3.20601514
3.691884765
3.421964097
3.8665903366
3.039541906
3.254024012
3.3613282605
3.668875518
3.51346229
3.316730518
3.848431993
3.653206355
3.870555964
3.337802827
3.619533061
3.427269463
3.545454857
2.631912417
3.609517015
4.1849805624
3.998228287
3.494175892
3.33494644
3.762997402
4.413110498
3.258694447
3.186971983
4.389317335
3.462828133
3.1981055864
3.891321445
2.6004836697
3.72997403934
3.2120970124
3.3492469694
3.3623175424
3.6626301714
3.1358431516
3.9267632263
2.8570900704
3.3607120854
3.0974188324
4.0976038804
2.5162682384
3.7423637136
3.7412129274
3.0597811174
3.5063916474
4.2217382336
3.3758136483
3.5755898456
2.8494991454
3.4916523464
3.4598247846
3.35813209
3.2108170386
2.6936354556
3.0901233714
3.3703582194
3.3266597414
3.6311542186
3.5808330186
3.8687802014
3.1821153566
3.5399793694
3.7514540165
3.3388626456
3.0349659255
3.7518101588
3.6288316156
3.6937531484
3.0812633576
2.8603854035
2.9357289216
3.0242397096
4.0270989916
2.8383355686
2.6270199346
3.1185205462
3.3971677676
2.9883251446
3.1311931234
3.0857977084
4.0199302016
3.4604681544
3.0932259326
2.6882374224
3.3202490346
3.0682545724
3.7010751814
3.0449385344
2.9746927794
3.7210047744
3.5239410424
3.02114387981
2.5576225086
2.8159787944
2.7120931016
3.3426958086
2.7639988225
3.4744706336
3.1344697486
3.5601609574
3.5860918586
3.0517408394
2.8280483034
3.4716456006
3.1543111996
3.5485603514
3.3745591914
3.3207103334
3.1634357484
2.7783276486
2.9767018706
3.1469403914
3.5948759744
2.9840437886
3.4065671704
3.7868479286
3.21729350075
3.6912592766
3.5827402734
3.8687238614
3.8195001502
3.2690069176
3.4495058123
3.2026809296
3.2654323676
3.98305101543
2.8513717174
2.8182709064
3.5863138314
3.4933769471
3.2799507609
3.4174682039
3.0874062621
3.3967302209
3.2033271301
3.5327494039
2.7497356339
3.7661195949
3.3568154791
3.3551863929
2.98195237046
2.8442859109
3.4430835309
2.7246850731
2.8858401439
3.2622923079
3.3022535176
3.1211688789
2.7626829399
3.3609842291
3.0232262645
2.8441652709
2.7164526559
3.1722442609
3.0856677199
3.0268322579
2.6078789225
3.1863555889
3.2769873931
3.7400837479
3.7827999719
3.0907254513
3.1320403031
4.0586809309
3.2920955499
3.6466558049
3.5518482139
3.1790967001
3.3793083219
3.6079835169
3.1649090229
3.3999293279
2.9435027779
2.8148787411
3.3970275827
2.6540694001
3.6460106089
3.2809670439
3.5350668699
3.8391629319
3.9345140239
2.7762711979
2.9888160409
3.1634983281
2.9210955229
3.0462898791
2.9896469689
3.2196265739
3.4435415551
2.9461392191
2.9479316299
3.2079868062
3.4336984199
3.3805964209
3.1236672259
3.7642564829
2.5961924371
2.7757295961
3.5097788741
3.6033154931
3.0584216881
3.0092222339
2.8157096109
2.8773955419
2.9520394131
3.5765121309
3.5732882311
3.2145652928
2.7845530489
3.2166602631
3.5049732323
3.1795565038
3.2488012619
3.2941432209
3.9487167509
3.2542376679
3.3069343939
3.0388131513
3.4338691031
3.2666182491
3.4983731899
3.5026044391
3.0812160109
3.5921537911
3.1956244092
2.6836955939
2.3478743169
2.9880420689
2.9636603909
3.9880301651
3.801930212
4.086706558
3.364713431
3.8549975075
2.5949887876
4.269208701
3.95735795
3.638407904
4.317294458
4.380047441
2.9901173859
3.285333282
3.592536448
3.440467014
3.04483586
3.443026607
4.176082673
4.073300543
3.94715141
3.59176561714
3.71840715
3.952042248
3.290645991
3.547244173
3.373322411
3.516126448
3.774638259
4.3242352861
3.026911776
3.8477274659
3.513240369
3.511469867
4.347850095
3.358839044
4.09799198165
3.301134091
4.203706937
3.623364864
3.4143568675
4.1046010206
3.595335204
3.812105675
3.731197077
3.5924566888
3.271097669
3.133853796
3.58494882
3.214817175
4.156899995
4.171374848
3.2612368971
3.457145411
3.873499595
3.666879492
3.703534492
4.116235592
3.337528403
3.151619907
3.068152078
3.779140635
3.710077892
3.343733843
3.796467145
4.00550793
4.721248542
3.283477568
3.679580567
4.751613887
3.6964216603
3.900297462
4.1428878447
4.064669802
4.112269081
3.439626427
4.329361919
3.29212927
3.593220317
3.382150893
3.601661018
3.622711665
3.921846806
3.9300966559
3.789345251
3.902244541
3.875208195
3.936751609
3.4336873254
3.968347999
4.0398403344
3.476523546
4.073461842
3.629687175
3.7340629608
2.75439707
3.159705996
3.431742521
3.631772334
3.401581038
3.7734462753
2.790812174
3.448221779
3.775822451
3.638711489
2.982388635
3.81608045
3.657512881
4.282504895
3.620530961
3.287728718
3.246800068
3.33074069
3.824941463
3.396312798
3.2538752646
3.038155436
3.453881115
4.365957501
3.040903576
3.342628145
3.346606918
3.263380385
2.788469985
2.838498982
3.611709205
3.698806162
3.581162892
3.39492859
2.789924863
4.13775096
3.7591023056
3.802908157
3.707214077
3.296562243
2.968660423
3.484990083
4.017052989
2.938622249
3.137515465
3.846978405
3.341422723
3.438775173
3.615724045
3.0599188891
3.334114795
3.450791562
2.980834915
3.117595405
3.934487035
3.769453205
2.947485335
3.182236475
3.615543158
3.415723235
3.6911421
3.220063745
3.035656995
3.576028165
3.443247506
3.553168936
3.323383355
3.678107581
3.00470606
3.56399403
3.643372905
3.494529336
3.32441478
3.27257565
2.774419171
3.703976824
3.747295352
3.287966925
3.319523573
3.625186325
3.661873418
2.965707885
3.230521412
3.441664782
3.534165573
3.330733573
3.477099065
3.508955846
3.766386288
3.008420045
3.261231629
3.499972357
3.594713361
3.737690133
3.726899974
2.54809104
3.248847444
3.39820214
3.274846365
3.617111315
3.143003968
3.430109178
3.48886877
3.045501944
3.061452215
3.259515908
3.2899859838
3.911662606
3.148801065
3.084128646
3.329112263
3.304296365
3.377349395
3.189184705
3.23663448
3.626216765
3.608977285
2.96736589
3.563552628
3.541465777
4.092794855
3.513802179
3.040050733
3.179894463
3.419035399
3.115895813
3.4867671928
3.481080275
3.458888707
3.706394888
4.032346
3.127053914
3.843500733
3.907716125
2.739766828
3.122177566
3.342823177
3.322473033
3.237382457
3.430018606
3.559861296
3.5523587316
3.95687804752
2.650624446
3.251241105
2.952623155
3.183728399
3.613342475
3.0836584
3.651871715
3.228534817
3.439442584
3.162204995
3.564230023
4.048921494
3.271828458
2.947010713
3.2075273552
3.552799476
4.3392025601
3.5271680199
3.424198165
3.395899065
3.0628132894
3.433679305
3.111684987
3.754757411
3.756275345
3.224348457
3.2846666158
3.438720135
4.3064269307
2.627221514
3.407421503
3.647688253
2.722257139
3.8289133065
4.137129925
3.4904230778
3.088786035
3.061126255
3.5807762937
3.54438275
3.676285894
3.531232235
3.8428234626
2.917707042
3.4727004127
3.064908825
3.956465586
3.168887785
3.804327375469
2.796567361
3.659178781
3.121360155
3.463777536
2.795088106
3.480034326
3.290236323
2.977080951
3.477069565
3.3371558146
3.3759034362
3.637838306
3.874184411
3.184647966
3.007974231
3.9298248211
3.6588150929
3.717964936
3.360734303
3.7086872263
3.6206199494
3.721311308
3.687546338
4.338407686
2.9924148332
3.470837996
3.773116486
3.986868306
3.945093644
3.362052375
3.60182193016
4.523079044
3.603299677
3.449571783
3.966158149
3.68861269
3.711542192
3.992765841
3.772954326
4.229641714
3.6362261116
4.136877413
3.50005935526
3.7303262036
4.117166932
3.5109895015
2.8873388866
3.850164992
3.854824234
4.1069183585
2.856228581
4.1532689723
3.432882657
3.560212183
3.988709592
3.987833985
3.3141534553
4.458849704
2.1790255
3.435576512
2.659112888
3.8531734354
3.019930297
4.048620713
3.5238345752
4.155884222
3.315954132
4.198117206
4.075797729
3.41895313282
3.088957192
4.041328109
3.702142773
3.644371634
4.1179323677
3.61504045
3.626397456
4.1072421024
3.087106761
3.26791456841
3.310554214
2.694166318
3.926950434
4.475307574
3.606992322
2.895874065
3.7229392196
3.959380545
3.205783966
3.86037974457
3.819811344
3.204875798
3.6834388447
3.768810684
3.848476397
3.013651174
3.8274526059
3.735601653
3.925997357
4.0839638323
3.256298964
4.0312256435
3.733886565
3.5904169232
3.926482429
3.5697100484
3.995006008
3.279518392
2.993362184
3.680491268
3.477892844
2.9801699708
3.922066915
3.877173917
3.081689584
3.05664826
3.276063982
3.056203304
3.6948077613
2.96226599
3.062208054
3.3063980148
3.317137735
3.09792922
2.509177267
3.411539069
3.699174491
3.345499784
3.487887968
3.1449559056
3.456154309
3.606975031
3.155940384
3.502150568
3.68236781
3.240838735
3.952187684
3.389443076
2.90489936
3.2936751116
4.090578656
3.181089338
3.127490361
3.417044383
3.229567609
3.784292988
3.069897991
3.638099796
3.811210507
3.221351346
3.3093603989
3.3055877516
3.477720739
2.803615463
2.8620992086
2.8426418157
3.636506737
3.204065964
3.459236029
3.19335175
2.544076849
3.264386934
3.557484691
3.438114861
3.021026701
3.332842144
4.021653752
3.3159818081
3.427141874
3.887925861
2.801080796
2.801631065
3.626346086
3.777306131
3.1600229687
3.201076466
3.071818759
2.844368421
3.749253365
3.997872559
3.564007825
3.3699038153
2.6560200454
3.268942236
3.0015018847
3.669364795
3.437139309
3.518727496
2.905392525
2.951423007
3.528486635
3.159474575
3.7275690954
3.406709132
3.401754119
3.3816461274
3.447030918
3.527745838
2.952525363
3.139300673
3.46160943
3.221429461
3.60512306
3.130980794
3.540625695
2.431154283
3.630724764
2.868028942
3.092096407
3.670544915
2.83437213851
3.154265579
3.072105712
2.927523408
3.4205306994
3.4514100777
3.083740415
3.4287959287
3.4649544363
3.3667969933
2.8565743897
3.2388011497
3.3855325237
3.2873521577
3.6187102367
3.3911703763
2.6388892117
3.0369925338
4.2758629162
2.7508919987
3.2763012247
4.1364470217
3.6394668723
2.5450138507
3.4632076607
3.5016057257
3.4723371437
2.7950605167
3.7238746397
3.5028796697
3.3952343852
3.6506859027
3.4924244773
3.27280679
3.3847928513
3.5803307527
3.5985094413
3.4149075093
3.6104044867
3.6114727811
3.0701016093
3.7281055877
2.9427046162
3.3613660007
4.0484048717
3.6777542164
3.2211270217
2.7911289227
3.2575373413
3.5398138917
3.4670296207
3.6498682517
3.1401073367
3.7799085247
3.0848888737
3.3883095647
3.7800336927
3.8679435743
3.1479891857
3.4468675193
3.1468936377
3.2917400455
3.1028722997
3.0250564223
3.6310421037
3.4210092647
3.2722569817
3.4493018037
3.9701986163
3.6166311997
3.5584831153
3.2052616073
3.9838766402
3.6147669877
3.5624436413
3.0081005527
3.3236237426
2.7137982867
3.7109395959
3.6933855507
2.6231346673
3.1170991303
3.3808892107
3.0284239437
3.6503866827
3.0662994347
3.1494756757
3.8283576377
3.9085565428
3.4859245413
3.5002874387
2.7153862923
3.3884795563
3.6163511017
2.9052866177
3.5481600707
4.1964820667
3.7166789757
3.3964952324
3.0923038707
3.4762890057
2.7538390857
3.493544626
3.3879338793
3.359425678
3.676922404
3.5798011423
3.167083726
2.958772931
2.980910362
4.005695414
3.912169372
3.28862191223
3.79437092
3.039097438
3.392991857
3.586739625
3.572788276
2.918956566
3.284224071
2.88251926
3.9522584082
3.027328364
3.0514857642
3.803412073
2.80537118
3.380446986
3.2435323569
3.190611321
3.622505578
2.925878354
2.994245284
2.859879976
3.4861066316
2.556230316
3.1395688678
3.068834873
3.227080216
3.073199876
3.369065066
3.660448269
3.036398133
3.257620146
3.743039281
4.212155268
3.542767344
2.830428732
3.349210136
3.499207837
3.191507802
2.773078262
3.33627115
2.314661823
2.955488926
2.43812697
3.074212769
3.949571956
3.684307424
3.249496493
3.550786314
3.730027399
3.306313402
3.082629102
3.356044706
3.304153176
3.0909043964
2.807509546
3.326223476
3.4568429121
3.883568896
3.107170126
3.760276145
3.537168502
3.1375002172
3.704231889
3.1804442
3.023601022
3.605926487
4.271609458
3.3951016211
3.9718638842
3.72271264
2.816674135
3.942602454
2.920047919
3.922953965
3.0553072876
3.141827794
2.369497121
3.500101164
3.483111024
3.967083905
3.391139985
3.268267208
3.155765514
3.041008943
3.232374996
4.0506260461
3.148640692
3.469027471
3.87396593
3.766213186
3.547945746
3.418534866
3.573955139
4.175747682
4.048476652
3.988514935
3.361574104
3.958325783
3.49389253
3.763198802
4.496685353
3.669064938
3.751405592
4.015615172
3.986570432
4.068791487
4.049202356
3.768838529
4.459898407
4.623972835
4.1809317122
4.05795148241
3.607740542
4.041108253
4.6172570312
4.050727838
4.937348554
3.017598532
3.4599551622
4.02360268
4.889341941
3.83072993
3.430032918
4.041405825
3.978169401
3.557415428
3.992774892
3.754004944
4.159369987
3.475160274
4.006363702
3.617576418
3.28470521
3.7439140067
4.197884816
4.460930668
3.926804892
4.384286217
3.4314561318
3.206211678
3.80730431
4.103663908
3.606193575
4.400731222
4.4845604168
4.327912545
3.96590267079
4.2385762109
4.244822829
3.846920977
4.096043371
3.051741152
3.749748753
3.8340182711
3.718829002
3.978153012
4.049615851
3.781767597
3.836372204
3.872485948
3.735287369
3.985588809
3.952540872
4.3277134593
3.730542609
3.414040088
3.453883271
4.0637629734
4.031056931
3.632659163
4.270432434
3.523473566
3.199447666
3.615973782
3.87968712
4.4312877767
3.7642137023
3.0436940745
4.411793065
4.284362108
4.724484278
3.720061631
4.268932919
3.21627267571
3.551664834
4.71154604
4.435698184
4.028272551
4.248159474
3.345963442
3.906800597
4.4100719638
3.530269323
2.399986749
3.091250936
3.211340336
3.092558581
3.389638277
2.82182805
3.267343291
2.9157398802
2.602340363
3.053271281
3.572668221
2.936487763
2.766371399
3.495177499
3.242908338
2.8447801385
3.132572574
3.594346296
3.3480218158
3.047499885
3.090489497
2.708179694
2.913431284
2.822937221
3.155293771
2.9712545016
3.200262028
3.200014098
3.518491361
2.7800273703
3.026492222
3.09587978878
3.43989933558
3.40433066979
3.395241354
2.733212489
2.601888634
3.13876031
3.112546106
3.032530689
2.8966775237
3.205338828
2.808022017
2.851002859
3.1003657283
3.209277658
3.306852777
3.0461808487
3.363228809
3.256635513
2.7107503516
3.3710582103
2.682521806
4.163236395
3.008594517
3.1008176392
3.519591308
3.2833117358
2.987343132
3.155581516
2.339184559
2.925509982
3.070774581
2.909864681
3.078988701
2.940358331
2.554286683
2.750676437
2.707801974
2.743251011
2.9734920243
3.02162048113
3.4505352686
2.969242116
3.1857023156
3.4622365742
2.88349411
3.099004943
2.983963656
2.5960504877
2.366154473
2.3854334152
3.2692301963
3.531785616
3.411353855
3.073087274
2.890360318
2.680535341
3.336765558
2.725934851
2.826329721
2.834012438
3.36427493
2.867614997
3.356751811
3.050717678
2.9885554198
3.448243596
3.764571288
2.8043482622
3.2327880817
3.4074259207
3.4297348578
3.7738143028
3.4165019757
4.3135396667
3.9728118527
3.4177877937
3.3263193937
3.2613114237
3.0573360567
2.8417948717
3.4602073707
3.2086294412
3.4849716007
2.7687855407
3.4753131027
3.5461131027
3.4706683037
3.6692133167
3.3000803842
3.6695670547
3.5137118177
3.7441162396
3.0563999537
4.3969879817
3.262405376
3.5495948987
3.6969916267
3.3295807935
3.4478163873
3.6690973327
4.2519774727
3.2170571298
3.5099817527
3.5487432577
3.6099962187
3.0119743377
3.7963425327
3.8853328957
3.9305402657
3.2450472767
4.2009804577
3.0929738667
3.4977655857
2.3718049417
3.2485879617
2.7463102157
3.001664255
3.9309290677
3.6290832697
3.1543249157
3.0600780097
3.13985269407
3.0516152247
3.1129137597
3.1636232294
3.1050389807
3.4211392683
3.7308446877
3.70482455172
4.0169764622
3.0986866447
2.8970847607
3.0907426707
3.9534892007
3.2833522707
3.8521927077
3.3453345637
3.7955628427
3.3557854007
3.3991485227
3.4336807387
3.7711532807
3.3522984477
3.6303024523
3.2360190777
3.1718573946
3.3657988317
4.4320162447
3.7332521337
3.97111534814
3.2861236897
3.9508753107
3.3490400246
2.9816023827
3.5642790537
3.5406928207
3.2788712057
3.3099752407
2.8406812797
3.0500869027
3.4371356557
3.5566194657
3.8973350727
2.9030512307
3.4112074907
4.0246230818
3.2252948967
3.052046651
3.012366321
2.693295626
2.677993855
3.1536991872
3.319887147
3.029466938
2.906904042
3.22988507
3.367922332
3.55924132
3.138160884
2.934867189
2.723208664
3.71438056
3.075042456
2.70754402
4.03610216
3.512210228
3.120100866
3.24249921
3.2608899978
3.099868557
3.5702075313
3.036946469
3.80217107
2.784201036
2.720998881
2.849665961
3.665605618
3.013865065
3.7476739479
2.6208475
3.074578324
3.721137285
3.2096387438
3.687829853
3.404831193
3.5320880925
2.7950652918
3.540994434
3.210871425
3.431977974
3.282967987
3.42210802
3.496442092
3.442573731
3.8260505615
2.67814875
3.1412276746
2.9966420644
3.012811124
3.111508753
3.466935135
3.361901844
2.73369432199999
2.917950958
3.160940904
3.128306344
3.136671874
2.89965556
3.103582409
3.74181159
3.610826839
3.660376959
3.069171548
3.198873677
3.285013709
4.01929427
3.709003256
3.101221242
3.3596315
3.345174698
3.316090788
3.122440321
3.4505944914
3.35970789
3.620161738
3.4445192723
3.3873264637
3.759199568
3.438546737
2.96615958
3.52841926
3.282884239
3.263236951
3.493518952
3.663473381
3.35984957
3.549884383
3.027498505
2.95562919
3.33348236
3.243015017
3.4053467
2.82104458
3.450466237
3.04050839
2.573473574
3.095479532
3.787346431
3.007722389
3.254876048
3.442237039
3.620268404
3.676203361
3.724733292864
4.065628547
3.437454029
3.323777847
2.785660444
3.419455148
2.73045372
3.921476523
3.527061332
3.684299304
3.8945746
3.696264613
2.738113705
2.64872134
3.99952685
2.950227273
3.22861092
3.166256332
3.303961779
2.700027268
3.2540887718
3.732626338
3.398423182
3.6781498
4.242167268
3.177864575
3.57437091
3.176984415
3.331647704
3.405703667
3.0562777294
3.5765076
3.93954499
3.600698761
3.737668126
4.441511131
3.85154783
3.422265802
3.108043762
3.473528236
3.804980854
3.264316564
3.240513675
3.194025498
2.57637853
3.943499619
3.134865726
4.372192001
3.207714765
3.380760313
3.900639496
2.977007803
3.42533073
3.827520454
3.877982338
3.673907422
3.52780605
3.909825468
3.009368138
4.103153789
2.88665329099999
3.264625872
3.372950956
4.06131771
3.604309273
2.939762804
3.5942350153
2.913907916
3.392321835
3.00245777
2.994358944
3.815867119
3.82413962
3.2421554722
3.738155361
3.666200525
3.78964758
3.638283606
3.526978857
3.719594148
3.0714144
3.52617095
3.540318156
2.89578948
3.019320983
3.557058598
3.259794318
3.518940649
2.920868106
4.079072713
3.65282018
2.9432978
3.3631982
3.9044416113
3.0533564892
3.47334507
3.3615351572
3.6913453792
2.8564242092
3.6685167342
3.0482226552
3.2899599072
3.2676671408
3.7960584902
3.6511709042
3.3170476022
3.5267532502
3.04950680263
3.1979960012
2.6187666548
3.3612257462
3.6995728549
2.6839749752
3.7519360712
3.1573457163
3.5562213712
3.4351714032
3.7558253172
3.2848218752
3.38337075254
3.1703880982
2.76662834502
3.0701650142
3.9336261717
3.4167665388
3.4018857922
3.0447145732
3.1129807262
3.2766614005
3.0968968062
3.6182124102
3.5974344178
2.9999883452
3.2446179022
2.8060771662
3.4952841232
3.1043523287
3.7322007988
3.0652493786
3.3656439622
3.5080853032
3.4714167082
3.3763366508
3.3704880852
3.1548397902
3.4808752392
3.8319609532
4.2303265562
2.9113461212
2.6445740478
3.3782605334
2.9892600962
3.5874925162
3.9502640092
3.6429249202
3.7605827592
3.2521572468
3.9872298692
3.7037150008
3.0368513822
2.7229393177
3.1799025522
3.2056842978
3.3802883892
3.2163171332
3.5915357742
3.3329097412
3.208810347572
3.4472670082
3.0711002482
2.8899004002
3.6511466452
3.7104904644
3.5319776042
3.5112547142
2.6940961632
3.2860223962
3.5059592412
2.9785599303
3.4581950422
2.8183689352
3.2438131792
3.6341898662
3.327156564
4.0589118882
3.1690225608
3.6906743882
3.4598540432
2.957641041
2.9845425272
2.8690394998
3.5022597432
3.3494894532
3.7231889882
3.360332362
3.0079813
3.5884920173
2.8898879601
3.020169631
3.01846224572
2.784416841
2.883344694
3.344319557
3.764175084
3.470484094
3.2350383602
2.897868718
3.3051247895
3.043720076
3.171987933
3.53415195
3.209025161
3.222783224
3.439424503
3.404512998
3.302971107
3.2265874373
3.511140192
3.1703700679
2.895673143
3.407431617
4.1572144605
3.1720866955
3.6964904194
3.61090465
3.015104055
3.26623025758
2.74569985
3.945360587
2.69798458
2.991351247
3.2484991533
3.347299396
2.891641618
2.845217572
3.195635157
2.673014077
2.624897681
3.466803741
3.001408535
3.0324675851
3.306429727
3.140337443
3.104732589
2.94474137114
3.577543635
3.429761286
3.983628073
2.934665355
3.396262204
3.364588908
3.092167935
3.047416236
2.426710917
4.126746947
3.340898327
3.042335767
3.248279067
3.197871627
2.796866307
3.577482689
3.380524687
3.619188303
3.562418398
3.338138016
3.060664294
3.601120477
3.7150932788
2.723453732
3.1805660421
3.985461848
3.480410666
3.285976917
4.696529823
3.378411555
3.724017271
3.501285553
3.560210042
2.786687358
3.159311977
3.806753105
3.113710177
3.677987707
2.897008858
3.4241432162
3.066973502
3.205094993
3.386297696
2.9109876064
3.185312447
3.3288833409
3.50534482
3.412221382
3.22136856
4.6833460207
4.5695371507
3.5308490607
3.2742488407
3.7534944607
3.9393695037
3.5792691577
3.9388365767
4.1608376088
3.6342613337
3.8041798327
4.0387205567
4.2146082717
3.5699752733
3.5239842277
3.7023730542
3.7054503473
3.4486488307
3.5756270533
3.6925622467
3.4679271624
3.6044476252
4.1057687693
4.1764048897
3.8469183693
3.607418383
4.1456333993
3.6547661287
4.3720268297
3.6510200613
3.7823464777
3.5212203983
3.6374141907
4.7997992107
3.7761511937
4.11866684
3.7538271393
4.2078215607
3.5010790333
3.3442757417
4.0358860553
3.8941597077
3.9980148849
4.2813611723
3.9739076778
3.9577794363
3.8378692712
4.3781023593
4.4787096093
4.0730332347
3.6503898413
3.8904229173
2.6871443957
3.6982060746
4.0332074803
3.0142883853
3.5084239233
4.3045650277
4.2535824357
3.4891918467
4.3311619143
4.1145847479
3.5916264593
4.0821881497
3.4752306863
3.8735369989
4.3682405787
3.2148494887
3.4378899707
3.9447788473
3.5548203807
3.7996441273
3.7244273103
3.6106961177
3.5223544997
3.9807460913
4.0426144593
4.3807416907
3.1762950193
3.5090172877
3.1139558373
4.0988792063
3.3468844697
3.8886576763
4.0748516187
3.9008986203
4.0224631224
4.0667596483
3.7567616513
3.1422009715
4.0218259823
3.7510317957
3.9978849307
3.2392455533
3.8434890917
3.6124560403
3.8451468097
4.0900563123
4.1003477423
4.6943026782
3.7020231776
4.01227394
4.117347378
3.871472322
3.643065592
4.051760575
4.062916527
4.327978242
3.98423034
3.410897575
3.8133623099
3.556168422
4.438603725
3.2118823253
3.880421942
3.273671561
4.076511798
3.963100797
3.67622703
3.448663494
4.198960978
3.933287625
3.312905832
3.8752962632
4.115525858
4.1351944148
3.622936785
4.1844360701
3.340256712
3.70205429
3.89737886974
3.652308795
4.094249837
4.022005393
4.73230583
3.874782859
4.01964252
4.301066045
3.996361623
3.986572011
3.710725822
3.82134834
4.078497365
3.549462926
3.536088995
4.82979618
3.987229981
3.82367822
3.992108564
4.2752351222
4.225422008
3.890317168
3.9126867972
4.11315045
4.16016332
3.578349127
4.22993813
3.86801891
4.35246983
4.513074923
4.02470719
4.155679263
3.46392543
3.48530253
3.3290522
4.26794832
3.9754264877
3.55084041
4.4390060624
3.752899627
3.335638574
4.207503744
3.986757868
4.066608854
3.96842969
5.00099411
4.529966211
3.80440309
4.42276113
3.293868308
4.533533797
3.98645656
3.711261538
3.212291476
3.647452267
4.618640323
4.469520717
4.028535483
3.978130667
3.845098422
3.3431474463
4.571973303
4.492827023
4.463905818
4.068926168
3.97435165
4.18610244
3.8039614089
4.34937145
4.395284973
2.708694051
3.39110345693
3.13769236
3.172586604
2.685106939
2.77552144
3.266811054
3.373946339
1.938843112
3.102666525
3.553878738
2.813207307
2.626397471
3.0717656321
3.191133875
3.027413164
3.08921917
3.56671746
2.84871807
3.45781406
3.071878931
3.348801675
2.816085737
3.320170937
2.88291498
3.02712271
3.208809977
3.056739141
3.0258414148
3.4551181118
2.734378967
3.229517087
3.32345362
3.07447679
3.2263662796
2.99009539
2.426896768
3.311402401
2.930846908
3.239848534
2.92691707101
2.5814733038
3.44443033
2.620379081
3.189967289
2.819910089
2.527596271
2.61888592
2.9344872511
3.059536827
2.888612751
3.40727809
3.561891757
3.83582375
3.077342809
2.83421741
3.1616673594
2.41427408
3.284962585
3.355834129
3.12288588
2.976206537
2.9247367414
2.95023677
2.7427183
2.94684772
2.983948143
3.368721476
3.62065746
2.575077619
2.752398358
3.0748965005
3.078844737
3.490281275
3.00384318
2.64375175228
2.903523361
2.68952671
3.395331533
3.367272826
2.781225689
3.39704727
2.66638027
3.034612771
3.467078948
2.88844847
2.992203814
3.304788749
2.867100173
3.154408923
2.82586866
3.29610574
2.46325081
3.175589324
2.847491
2.646333455
2.6383440616
2.91031185
3.16138625
3.0396889
3.3520995317
3.2245311087
3.1252024603
3.0064299517
3.3966087227
3.2145858163
3.2045352387
2.5880264947
3.2260109127
3.0814528027
2.8893557733
2.3162610827
2.9052612366
3.0233225137
3.0032981497
2.7703608273
2.6090946637
2.8373062047
2.4270844327
2.7519118497
3.2897445053
3.6743442403
2.7484489727
2.7937941227
2.2839693703
2.8881652807
3.1968883857
3.5826920126
2.5634077013
3.6167025427
3.4389502273
3.2454885327
3.0575795427
3.1197728807
3.3096704097
3.2999320017
2.9970638147
3.4197233877
2.7124386727
3.5636228093
3.3207736007
3.6579483327
2.6086950187
2.8154197027
3.4213985967
3.1922290727
2.8310843997
2.6791252648
2.7458792173
3.0941082077
2.9619966307
3.3028730733
2.6763983107
3.3450509997
2.8534041527
2.6353018177
3.5359240637
3.2041961973
2.8724506587
2.4884162397
3.0050680417
3.7036510657
3.2438739387
2.6235893233
3.0795088267
2.7011620567
2.8150462217
2.9216053556
3.2217932343
3.0270878025
3.1247964927
3.4748430877
3.4534308617
3.0188669877
3.2050452193
3.2994419197
3.5475100627
2.6645924873
3.1210969557
3.2235361127
3.1576511087
3.7120212417
3.2383565537
2.6006105153
3.2961619177
3.0879170837
3.2490642253
2.5001641678
3.0650538556
3.0942921727
3.0297717753
2.4591083767
3.2069197902
2.8023119223
3.3750784027
2.6536748327
3.8208293327
2.7154714387
3.2460413427
2.6309095927
3.992417537
3.11100598
3.577786398
4.18092642
3.202886015
3.28497726
4.079187257
3.38618201
3.280671342
4.390456117
3.51693207
4.172601015
4.11436352
3.42385914
4.345042012
4.340133709
3.25034203
4.190438945
3.549983928
3.833267589
3.370403102
3.59737861
4.038200777
4.20662795
4.0761756241
3.6954116248
4.168357848
3.9529205424
4.191194522
3.637044916
3.46725378
2.95017716
2.845416595
3.5848639646
3.974180242
4.255198627
4.138127465
3.446401757
3.626815599
3.852409973
3.778355224
3.761268657
3.85787512
3.1811131678
3.431434424
3.488992528
3.11995604
3.641917574
3.659074313
2.842101501
3.48617042
4.063164488
3.4390164891
4.00592864715
2.951212132
3.73245223
4.119095652
3.640079623
3.011806185
3.3761822267
3.9036715647
3.95684924039
3.251618104
4.345954077
3.89539927
3.741371306
3.31655157499999
4.223925981
3.46627289
2.7654541
4.195138107
4.16596073
4.312661005
3.463305572
3.17730463
3.363062521
3.52090692
3.213464542658
4.16627843146
3.703707125
3.23341179
2.965054555
4.047013317
3.316277445
4.846082704
3.7277465568
4.3258294395
4.44657178
3.2119916156
3.834850425
4.209275164
4.154862001
3.534079663
3.793469868
3.90338459
3.44788804
4.1362497559
4.226321806
3.99859901
3.365113339
4.3116866326
3.311955849
3.30147111
4.06471964
3.760382608
3.737707261
3.20281073
4.027762365
3.625376087
4.094275741
3.298442996
3.79184453
4.100355388
2.929302612
3.917234719
3.9936290044
4.22229853
3.37083405
3.524294019
4.14450032
4.227601538
3.380694152
3.954064106
3.05801525029
3.79382235
3.71463843
4.665625277
3.036991771
3.090103499
3.400444629
3.501261716
2.93112101
3.656079677
4.286808854
4.0150767095
3.38861558
4.010642824
4.310808439
3.73257831
3.097937438
3.676309678
3.452119979
3.562606132
3.47645154619
3.131019033
3.686332159
3.526391549
3.20641389
4.46446232
3.36922104
3.2587451949
3.23610032
3.69702024
4.253500511
3.452243653
4.347260318
3.493845107
3.758563168
3.47733518
3.994019639
3.34711843
3.380055188
3.494493458
3.55300561
3.159445481
4.473678563
3.828192373
4.49399614
3.458984007
3.106288936
4.424521841
3.65721414
3.445113401
3.32415785
3.47875436
4.131977195
3.389235249
3.842751668
3.589963834
3.462271234
3.651990102
3.502214795
3.14868069
3.44113251
3.88589149
3.237679675
4.004548517
3.36499318
3.905358263
3.198732941
3.58504122
3.246343914
3.456751362
3.70033104
3.505523523
3.232785094
3.85519712
3.094727446
3.16988471079
3.807871148
3.944557503
3.2408443005
3.2729676844
3.954168808
4.327336981
3.858509071
3.849194374
3.728047221
3.978583273
3.698740927
3.175293666
4.074678093
3.295708678
3.353444921
3.613563114
3.056525011
3.075213291
3.156758223
3.431335581
3.673530655
3.7548517949
3.712122327
3.140314631
3.665099104
3.454067103
3.239432952
3.409059371
3.320814964
3.270354344
2.875130241
3.478353773
3.113867492
3.388005121
4.148925105
2.99073745
3.1134891881
3.176652489
3.58608629
4.011973787
3.626783733
3.371259632
3.646085568
2.5349906628
3.393536623
3.405930321
4.104485125
3.462037781
3.60067053
3.74350169
3.604492962
4.113517756
3.4161910009
3.6153846139
3.956273848
3.399977211
3.986246082
3.461442412
3.749186575
3.110604927
3.636594986
4.127079847
3.736119641
4.399718168
4.1221746
2.734677723
3.3692405234
4.1135078392
3.770158553
3.872043021
4.810100403
3.910915957
3.439543529
3.14249413
3.466883503
3.592227367
3.573194058
4.122036324
3.7010644212
3.234676412
2.999188392
4.110310642
3.109173194
3.402625239
3.688128923
3.868563774
2.718685632
3.103371888
3.15055162
3.385421387
3.221674825
3.771180836
3.883004776
3.975463924
3.484748143
3.496053661
4.281641701
3.527266111
3.4672096342
3.7932854082
3.552453116
3.447701127
3.5795311091
4.214034568
3.906207825
4.33783139
3.826081612
3.934679393
3.98521799
3.58952226
4.42813618
4.34138375
4.01333701
3.764805141
2.799008242
4.34597703
3.9167199
4.141614137
3.5183527
3.92776741
3.831306985
4.087561308
5.053583606
3.92373761
4.3458908
3.612021571
4.16023399
4.7324733892
4.20158251
4.403893613
4.306590181
3.82722501
3.60522464
4.33990636
4.204755604
3.85177065
4.191532163
3.61827183
3.65159472
4.199843678
4.577661806
4.105784372
3.931266822
3.828259266
4.37973327
3.483071979
3.80262717
3.53749684
4.10456947
3.787204616
3.81564137
3.722223476
3.043064575
4.319677879
3.63930466
3.778721587
3.942958505
4.707156841
3.968161939
3.963281376
4.104506842
4.00798294
3.652748337
4.214486267
3.971006943
4.23473224
3.6771143305
4.192369358
3.59606077
3.423074507
4.0587517
3.84420248
3.611511175
4.116187173
3.702106918
3.64137549
4.213162328
4.050630208
4.085453398
4.513631965
4.431719301
3.609221762
3.78326043
4.01537508
3.57490783
3.863654
3.419715804
4.189959368
4.07659754
3.491888842
3.493921965
4.146929659
4.602192722
3.25022249
4.99782448
4.43825449
3.93813219
3.446677219
4.2266066155
4.0527263384
3.8609837546
3.56430571
3.67620266
3.7531906955
4.702733215
3.194976824
3.958717449
3.372347649
4.002006901
4.07959157
3.66940129
3.40454724
3.95163951
3.62791828
3.4384848148
3.302970799
3.80139885
3.877638688
3.93834196
3.17577928
3.41922526
3.86317985
3.403930308
3.936891208
4.173710951
4.05917588700001
3.01795437
3.59656259
3.900973083
3.40377668
3.715252524
4.401948432
3.77418454
3.98552338
3.95455885
3.570471023
3.39925145
3.52332284
3.301777617
4.48865639
3.4208691039
3.3184594873
3.744297924
3.631036525
3.090883493
3.19439217
2.8265396446
3.619517068
3.855980082
3.376018094
3.713495434
3.72714827
4.192200029
3.154030575
3.33928535
3.84897489999999
3.400137123
3.6447789221
3.60381127
4.73554322
3.762318554
3.79593595
4.42196274
3.984934128
3.544158
4.109694042
3.840623425
4.37256151
3.436882843
3.880444526
3.484676739
3.839399633
3.050318188
3.77101153
3.903934081
3.043368362
3.59083037
4.061180582
3.8351885146
3.305927447
4.094329705
4.4673216656
4.03896529
3.642049423
3.1296836
3.5143689117
4.0134147403
3.72377793
3.91710891
3.13730218
3.6814086
2.730628531
2.90302875
3.96610435
3.629866503
3.36552282
3.63172817
3.872931546
3.16073995
2.9188393631
3.571198312
3.251700462
4.0091145273
3.746830024
3.778481174
2.826675044
3.8459883247
3.561676124
4.427749748
3.4563482345
4.4842397759
3.6874479869
4.090243988
2.830595883
3.2361721803
3.86714058
3.794446961
3.3676599591
3.244024016
3.418429587
3.7872217217
3.876630257
3.394417513
4.086113874
3.404026109
3.3285955405
3.447026735
3.38582215
3.3139528224
3.3574012639
2.815359806
4.051163826
3.278031326
3.295182893
3.3705304293
3.925570541
3.680206091
3.6982642
3.7680963085
4.153602907
3.710548846
3.3390527625
3.327568679
3.588764917
3.26998193
3.9751510859
3.220412014
3.586444033
3.78895537317
3.3659183717
3.260983772
3.14560486
3.053562791
3.2640135
3.6088518617
2.863743446
3.656410045
3.833352896
3.339646533
3.47759777879
3.32986397
3.538487169
3.651714333
3.380605105
3.41078766672
3.362231179
3.846693074
3.269907523
3.4396842208
2.84817861
4.005200681
3.0810399537
3.519626422
3.6540200243
3.765718955449
3.271287151
3.0374671669
3.406588042
3.561249033
3.5756203912
3.957070819
3.6037290573
3.726527812
4.0359808598
3.757504242
3.805868941
2.647667313
2.816357337
4.311807654
3.394201205
3.108980034
3.188721243
3.649767744
3.296077762
4.065157054
3.2007539464
3.399827892
3.172653589
4.090708258
3.504562432
3.592975082
4.0646509366
4.4014614996
3.9678864016
3.3996163506
3.5551546424
4.7051981006
4.3366448706
3.6388591824
3.2018203616
4.0314571426
3.3938123376
3.2937236196
3.9114791806
4.0652706036
4.0957632496
4.2867367826
4.9638421706
3.7415131676
3.4272388406
4.0018656464
3.4820462224
3.6674862829
4.3738368405
4.3506339516
3.3852252596
4.0924705086
4.3756294156
4.4738808766
3.7907495106
3.7503535336
4.0903944616
3.8470672806
3.9012050296
4.3950498746
4.1008518496
3.5894388636
4.8334777864
3.9105598296
3.7987042376
5.0294562326
4.1258389956
3.4560383546
3.9877336046
3.4647021166
4.329748975
3.5735928366
3.5379939645
4.3078315366
3.5402635796
4.3115299266
3.5115555096
4.3656510116
3.6757209576
3.8010098196
3.8194105864
4.0520370586
4.4425116979
3.7172859696
3.8421151126
3.8022257776
3.7887593736
3.5022146104
3.8267792086
3.9695466826
3.9219473046
4.1239514216
4.6955386416
4.6958868877
4.1586775336
3.8189849056
3.8553912946
4.0556301706
3.3416079466
3.9594033216
3.5159048522
4.2877416364
4.4541991396
4.9163144668
3.6930200436
4.1691796996
3.9771690406
3.3937281616
3.4450053586
3.0826952866
3.6227398266
3.3193650553
3.432753239641
3.6722566924
3.7165393066
3.4529024816
4.2136842176
3.8399071714
4.6172824354
3.8478619316
3.7337138696
4.3925137826
3.5249116276
3.2556601336
3.8186637004
3.4045054886
3.712988414
3.858408089
4.446661731
4.80467111
4.133283681
4.4427551802
3.926452545
4.663358774
3.629490237
4.489723456
4.013957899
4.10385656
3.47111174
3.463513429
3.474961119
3.310985411
4.562191771
3.979495788
4.0598157179
3.98652167
4.619434999
3.718916358
5.274211895
4.061839952
3.92622338
4.196676709
3.921958834
3.577149466
3.814375145
4.484702988
4.232351896
4.06903681
3.92185296
4.1327085395
3.9124848022
4.42479429
3.6951611
4.47860975
3.520615822
4.046841908
3.48330982
3.660794406
4.239378633
3.703317311
3.87072288110001
4.3199619513
3.837319615
3.5777268294
3.670194753
3.791929083
4.018800953
4.743399852
4.121970256
4.118869338
4.23015663
3.886774137
3.8245151253
4.25541717
4.5178414287
3.909432019
3.690588095
3.4190846192
3.828408564
3.5455888779
3.9626863453
4.20301170962
4.512818007
4.074700417
3.758764624
4.4718820959
4.123422053
3.837323799
4.089289296
4.343769473
4.052750811
3.31743772
4.090693405
4.2198493109
4.115880351
3.721637391
3.6674723366
4.522865496
3.9930933382
3.673965468
3.749643897
3.886928907
3.8280832876
3.928727445
4.381721393
3.830910971
4.73663087
3.80132429999999
4.068887349
3.661329152
3.7285175285
3.884159347
3.9130208115
3.664334854
4.19797111
5.0417197104
3.513010502
3.458425996
3.6354620164
3.6597009822
4.0159710994
3.605779182
4.009193419
3.78082502
3.740427231
4.082997124
4.077608196
3.334235656
3.568535848
4.170192531
4.156330365
3.3385565584
3.4516559802
4.155467034
3.554895921
3.278393949761
4.499905956
3.454628474
3.6600519357
3.71376647
3.896279414
4.250035243
3.996390365
3.647860983
3.790453833
3.364259706
4.171071444
3.930193369
3.74158509
3.8248920188
3.931786456
3.164180598
3.820846134
3.82192466
3.406685244
3.608186007
3.578965187
2.48194914654
3.609951663
3.3649741548
3.78798798
3.50124067
3.829708892
4.086037757
4.16464078
3.549881685
4.21595238
3.338809744
3.87372306
3.190427163
4.1285404552
4.164964104
3.6929303279
4.137346185
3.3517487426
3.878057776
4.217380583
4.21350564
3.193695093
4.156052375
3.048447306
3.706999366
3.7886066911
3.35957625
3.151724298
3.92286134
3.5619798354
4.2248776417
3.544012073
4.33362158
3.8088402096
3.984108338
3.293929337
3.8626225022
3.858135367
3.834299561
4.692296168
4.57569350516
4.004933531
3.730680664
3.770001374
4.125727724
3.800641233
3.733602246
4.018824192
3.96500208
3.05491695
3.981257449
4.1991333313
4.042214678
3.5202477974
3.636668206
4.02524497700001
4.2880961688
4.506800423
4.5802976154
4.033282977
4.05665703
4.3622552
4.82800161400001
3.593705073
3.841910555
3.874130252
4.528059898
4.061008609
4.147319199
3.65729451
3.610690268
3.70191694
3.3554426
3.631617952
3.802392085
3.912812733
4.136093514
3.524037811
3.57807439
3.62256907
3.674407977
3.224760871
3.90995792
3.90753301
3.096864444
3.568173386
3.6044467028
3.653374055
4.103081855
3.182826584
3.6791884359
3.9471866888
4.065027507
4.641081961
3.807137606
3.41220604
4.340327687
3.985226791
4.229428715
4.0623480717
4.4160126571
4.230272085
4.562247198
4.14961599
2.99804313
3.987275271
4.6626335405
4.186058755
3.84128682
3.74021861
3.100176003
4.071145783
3.1053358964
4.871467961
3.87384973
4.1102562
4.3563800482
4.5185754072
4.07050326
3.921360215
3.69138989
4.30301147
4.74504973
3.830162565
3.439934636
4.1534221662
4.042729574
3.9514303753
3.70137454
3.7892222
3.877820677
3.7562295927
4.2207527019
4.175435822
3.505663695
4.36373423
3.7908063366
3.042282738
4.354494404
3.97786828
3.7427607722
3.729805112
3.56205969
3.21169888
4.5101065
4.889000908
4.238066901
3.759601529
3.890670413
4.0541631094
3.913040691
4.150913343
3.608039144
3.446236199
3.786646104
3.265344659
4.317528532
3.86484804
4.00285555
4.342326991
4.660826881
3.748611447
3.936049784
3.734869274
3.324704593
4.079091182
4.030088976
3.784402284
3.878730113
4.1761042
3.617477251
3.432342636
4.407356229
3.819515622
4.221362185
4.205637328
3.766072499
3.073921846
3.619426526
3.372681112
3.3605549718
3.972187724
3.247371405
3.617470494
3.956669194
3.92024636
4.0750849895
4.142706954
3.75134553
3.658423544
4.178127786
3.446370504
3.614825695
3.279429752
3.8867867911
3.796821974
3.772124344
3.8436878627
2.998289426
3.625496581
3.792372326
3.783610774
3.398874058
3.410631372
4.003021211
4.209423089
3.584033598
3.597367829
3.812519387
2.969185702
2.680370449
3.238233444
3.301737716
4.3159523772
3.9354911515
3.614777964
3.401350151
3.006018489
2.693441321
2.727957935
3.712556374
3.706537047
3.405865963
3.119706129
3.701447692
3.4563273424
3.540273434
3.249839179
4.069641044
3.923684973
2.949035378
2.97114533
3.57852754
3.504398484
3.5871424921
3.487059634
3.731138635
3.547709664
3.605914023
3.8824309944
3.858231326
4.101676886
3.912493529
3.427780796
3.5735465295
3.335846868
2.94316045
3.6974803744
3.596000866
3.162702846
4.141872502
3.375402671
4.0014141283
3.55992618
3.4078020069
3.696770923
3.04507549806
3.64772182699999
3.334763932
3.195748008
3.300435033
3.730747062
3.737290094
4.066209017
3.424153712
3.651036032
3.967436879
3.287266762
3.927095542
3.966096164
3.334451942
3.450634041
3.548270406
3.589444146
3.75244475
3.7030552299
3.411124832
2.969539274
3.440137892
3.152996658
4.439914744
3.3494603
4.432465342
3.908095983
3.2835671503
3.42965811937
3.418177982
3.292339546
3.943174669
3.2294755
3.548244327
2.950713398
3.380449059
3.514795039
3.8671952811
3.410820812
3.681444892
3.42290465
4.007499307
4.406618556
3.751985567
3.651444605
3.397307701
3.373696216
2.824989173
3.328011032
3.590332976
3.697659732
3.148052508
3.962482202
3.261983861
3.470998142
3.640913632
3.602482355
2.811795589
3.4056101682
3.394874702
3.1349446832
3.55061093
3.27337841
3.04037995
3.81843508
4.136983119
3.889829078
3.354932569
3.5163153
3.637170799
3.103768671
3.77741145
3.0885428031
2.965922009
2.926368582
3.408551596
3.449756494
3.8207978169
3.236338067
3.354542521
3.382043708
2.612086353
3.935167422
3.575097678
3.454439102
2.693602978
3.614878706
3.448516303
3.625195102
3.214309141
4.022613406
3.324218228
4.264528066
3.449098594
3.525617263
3.158621272
3.197194932
3.3891226
3.388801308
3.132245688
3.951243286
3.802145571
3.103850091
4.0870076339
2.977425304
4.281147016
4.549334509
3.335927066
4.4402790341
3.812374816
3.75542679
3.434604788
3.906704774
4.05213350614
3.852506879
4.399667865
3.3951785696
3.390949406
3.508440111
3.318624127
3.3437888625
3.328117779
3.79826572
3.917520422
3.940396712
2.95709233
4.300379917
3.914663376
4.8044769645
4.0574519
4.299082057
4.56382025
3.366113378
3.992746097
4.014786481
3.3608992458
3.938655252
3.533371794
3.502513435
3.866885342
4.183016276
4.607561737
3.796859854
3.84054423
4.214800121
3.901529342
3.966985934
3.46880214700001
3.030649884
3.566660532
3.81418696
4.059026614
3.9219764944
4.182403291
3.9380081547
3.963464587
3.966871748
3.066857886
3.927307375
3.823005156
3.744873678
3.7923813024
3.928725909
3.496755504
3.6284805739
3.7938837
3.781622989
3.743132727
3.640794629
4.3912390688
3.922630337
4.4684789923
4.194073158
4.227600981
4.502123898
4.346395314
3.7101620357
4.04494539139999
4.172660136
3.495780553
3.996103056
3.809837889
4.0307300654
4.00292414
3.965862534
4.637619921
3.7706390383
2.899154592
3.786600439
3.82533803753
3.747366943
3.9153459424
3.802750708
3.805119754
3.338043249
4.9277400885
4.002447824
3.379888692
3.691052793
2.95097113
3.097568252
3.644650294
2.8397068973
2.5484513428
3.53017826841
3.1284294572
3.7693884142
3.8987593568
3.3464379542
3.3261040292
3.1204942452
4.8922695794
3.4102434332
3.7402524472
3.0563036052
3.3723065692
3.3479835031
3.4247042082
3.3256235862
3.6454926978
3.3286794452
3.0397899892
4.2577243463
3.8029843722
3.7099376822
3.5405689792
3.7619678912
4.5071176952
3.7914705022
3.2489613942
3.8713005402
2.7631886138
3.5472350218
3.9008613108
3.0222849472
3.5456309848
2.9992000402
3.6807689732
3.7827343592
4.1666398532
3.0622368148
3.6075946782
4.0465955182
4.4219908352
3.6092634392
3.6335355112
3.7043384652
2.9349731041
4.3036931892
2.7273049232
3.8499873792
3.4039831665
3.7559617162
3.3827679815
3.7531809582
2.8453733902
3.0111077132
3.3502327008
3.7664963952
3.4825618772
3.6212717698
3.4599241008
2.8640630792
2.6997107492
3.4881105752
2.9224546885
3.9961495659
3.7645073252
4.0742958812
3.0896928022
3.9193599262
3.5211023012
3.8059662752
3.7706734456
2.9867583492
3.0898010252
3.0043448922
3.5730649357
3.5370336792
4.0656884329
3.4689901078
3.8383036652
3.7586252708
3.4826626748
4.1649931748
3.4715322852
3.3565539576
3.9993429648
3.8341403242
3.6800091092
3.0071126992
3.5015892152
3.7014234177
3.8281745223
3.0191329802
3.0479881608
2.7469112922
3.5023602492
3.2147011052
3.9687092742
2.9602551592
3.1474003692
3.926119172
3.6404767
3.256742692
4.39702541
3.895863122
3.899041945
3.74206671
3.481692567
4.141475349
3.817853999
3.918469137
3.6272032043
3.207210265
4.299870762
3.56396956
3.506464365
3.77129883
3.47868716
3.6027662915
3.4422521876
3.278999689
3.9367705946
4.055584149
4.3022248199
3.654586973
3.525994708
3.380016579
3.208077799
3.96826075295
4.26837555
3.326797383
3.644241332
3.650261056
3.524025586
2.508423273
3.8794863517
3.262986533
4.166103596
3.766371727
4.292980299
3.372416358
3.90484741859
3.7549081517
3.7966343881
4.02175171
4.17610036
3.866370603
3.8472399413
4.073511268
3.3100390476
4.52170493
3.778186397
4.73631075
4.080330074
3.339369086
4.224734482
3.591267534
4.05049336
3.462143042
4.400113298
4.120386241
4.411768906
4.018423058
3.558087882
3.27900246
3.619000982
3.409781091
3.760322873
4.174861156
3.24720099
3.9505059464
3.6343890295
3.61613318
4.829652657
3.450051525
3.514731539
4.460382634
3.72794529
3.954533136
3.808490339
4.18134569
4.359930133
3.78710396
4.291258118
3.509126411
4.103141332
4.219602476
3.73794777
4.379918813
3.544706276
4.074154943
4.322898377
4.57334685
4.033491535
3.9688347636
3.805896439
3.592582536
3.1560525336
3.5773168658
4.204044518
3.871915726
4.022448497
4.0628174896
4.618511434
4.500519422
3.658544091
3.9181648808
4.580005016
3.524582074
4.3202900823
3.8352347233
3.700083761
3.552347824
3.717938107
3.6950567549
4.0365849388
4.350511132
3.411184744
3.704641796
4.076761942
4.252752226
4.3852124465
3.802564676
3.5573301002
4.121442011
3.694478174
4.156277112
3.174851276
3.879015654
3.795326485
4.659579909
3.170711502
4.751528064
3.453218686
4.322100778
4.5294549191
3.821089092
3.961998574
3.91955611176
5.506463693
4.160212803
4.55019576
4.252537319
4.8308072746
4.504411542
3.543909763
3.469826366
3.548242113
3.849628917
3.321702585
4.433921516
4.030640539
4.0622650408
3.86015306
4.186490874
3.977626638
3.7973688549
3.711984474
4.038732574
4.480029139
4.7354916435
4.540065284
4.346361723
4.231321976
4.33506387
4.271965122
3.55847256
3.951694918
4.155905364
3.954980274
3.264187736
3.775592798
4.444058648
4.591791218
3.43619854
3.737093736
3.864493021
4.501951963
3.785321038
3.73166296048
3.927441755
3.569061836
3.421324692
3.873797353
3.520443453
3.349433614
4.477107794
4.676934816
3.695994495
4.003444351
3.497640603
4.727807253
3.430958914
3.651830806
3.8851331246
3.943123464
4.034985259
3.633801379
4.802753708
4.226058139
4.139609662
3.206002779
3.320884241
3.549040016
3.2789003567
3.7836132748
3.54441841367
3.8141473759
4.090606718
3.694460908
3.9060935495
4.246454293
3.819856967
4.583726698
3.477935177
2.9112398502
4.498572485
4.037912156
3.679472735
3.819576208
3.327291027
3.474788391
4.014266255
3.40434921868
3.779419599
4.234138699
4.261265432
3.626817396
3.379677123
3.6228827891
3.7071641429
3.287975091
4.322785476
3.27937772
4.061532851
3.552869437
3.970275429
3.9105689831
3.481947054
3.5866310402
3.899851048
3.906747614
3.748221955
3.588307633
3.658189559
3.722547504
4.3260414535
3.63467351
3.551363248
4.009398776
4.312458296
3.95199546
3.801680204
3.527314996
4.479835276
3.709935552
4.0262229554
4.015140411
3.54304545
3.483439526
3.491993998
4.3269558788
3.989743858
4.303444193
3.02083899
4.226159114
3.8626055646
3.973767557
3.400317091
3.9828164135
3.243606604
3.6472651665
3.457205363
3.280192203
3.6570524096
4.2665535033
3.59757057
3.616570468
3.9081781926
3.519558136
4.041448445
3.62287293
3.913661439
4.172435517
3.3883959834
3.640753168
3.37494428102
3.692273187
4.413239259
3.806512201
3.798321135
4.24697034
3.504197944
3.817090805
3.64210474
3.16488135
3.7217506822
4.355493175
3.7005297074
3.8109579622
2.8424918386
3.681381242
3.972139456
3.501290109
3.351998435
3.881757575
3.778162469
3.385753486
3.619223461
4.055555707
3.402183858
4.109583892
3.820360322
3.868641881
3.869801299
2.79749863259
3.357590882
2.986252948
3.854674646
4.670425214
4.127908814
3.627608228
3.1183459319
3.366101529
3.5260179944
3.183036347
3.4274995188
3.078692042
3.960287106
3.242344514
3.853320722
3.327828081
3.855088142
3.539452869
3.625979248
4.116863945
3.0747769447
4.052861459
2.981997217
4.157977488
3.540050523
2.696021725
3.574169576
3.4654059926
3.143385445
3.663641652
3.4737603168
3.741754187
3.06875634
3.500864496
3.078933316
2.829821754
3.525066757
4.02650515
3.2024480167
4.014097097
3.40475397
3.107310023
3.896067832
3.3540919669
3.550273567
3.50815942
2.647657813
3.345313715
3.363838975
3.266199788
3.809118636
3.970080704
2.788674835
4.3735561816
3.890701822
3.906524462
4.282046724
3.309695481
3.443903487
3.053370819
3.361021864
3.488953608
2.8824877136
3.605303607
3.305584247
3.496390642
3.38600285
3.681495226
3.208961184
3.710033338
3.43851998456
3.180269842
3.393478272
3.411962538
3.3783760555
2.490371387
4.2110610561
3.20241359
3.227589126
4.09911844
3.48424039
3.715190362
3.398187983
3.34169036
4.09396117
4.072290563
3.87862067
3.957559825
3.811375378
3.788301702
3.726936051
3.865648436
3.624700896
3.7863189816
4.19373607
4.066874179
4.32867908
3.546225125
3.5772501487
4.140884561
3.929690336
3.88666509019
4.151770968
3.8289701629
4.138091814
4.07492214
4.04360985055
4.3676348868
3.367138051
3.83806511915
3.53592225
4.178534476
3.850400391
4.023387638
3.683407613
3.4587980725
4.704840781
4.349208982
3.797680885
4.455599179
3.1897413793
4.151077483
3.644853352
3.902149485
4.427256228
3.96389422853
3.913474017
4.18650437442
3.868185832
4.3848075716
4.682843831
3.606460034
4.0169605097
3.877411655
3.806977158
4.247218322
3.570221582
4.430622475
4.127134653
3.905909303
4.207334158
3.562809623
4.214284255
4.140789968
3.772339016
3.84045169
4.003728164
4.368001651
3.732495595
4.689923645
4.005972372
4.303006985
3.451204306
3.550528075
3.691744197
3.74152652900001
4.578709608
3.213517068
3.835459512
4.334101512
4.171081691
4.217304736
3.626560564
3.211773588
4.17095425
3.620168316
3.473784018
3.702230126
3.207959242
4.116572558
3.820967491
4.393512005
3.4578467814
3.6634705033
4.213503324
3.329887467
3.951758784
3.874592091
3.102474623
3.704457286
4.351555569
3.712127916
4.388563967
3.452022945
2.91140037
3.161796396
3.30412553
3.586759395
3.1586569487
3.30288299
3.18032277
4.140433056
3.847484551
3.025621993
3.491397864
3.16374302
3.0921910725
3.794443725
3.463906618
3.42624028
3.832142325
3.8378566756
3.67458085
3.23054744
3.443044593
3.660823478
2.983457063
3.459098061
3.146168249
3.2895106
3.584624763
3.011573569
3.1083128599
3.359554807
2.853733312
3.41210106
2.946406115
2.933122925
2.3972389444
2.674444062
4.003054611
3.93284237
2.7232039467
3.469127444
3.344632535
3.1117279
3.8560218598
3.63350345
3.652284134
2.73258484
3.40136321
3.506050892
3.266066159
3.43195703
3.289262513
3.351429143
3.306228826
2.990355588
2.99801981
2.735894015
3.379613277
3.676142546
3.432024414
3.749618623
3.414980429
3.32735814
3.3907044583
2.937278813
3.038145288
3.506616379
3.13171639
4.038835027
3.508861268
3.32979788
3.709742766
3.58057811
3.21139468
2.939242168
2.272161282
3.077654605
2.94284338
3.575709422
3.361373176
2.439799179
3.13329185
2.953065755
3.349729153
3.727410438
3.15554736
3.4229776208
2.91910423
3.674644638
3.684200669
2.539377185
3.11343858
3.027542436
3.448879093
3.646429681
2.833244101
3.084071443
3.28159229
2.703750312
3.618074176
3.93373834
3.767297683
3.719743033
4.051909152
3.686134363
3.765983943
3.86323218
4.083073168
3.865383314
3.342122135
4.191492897
4.132350176
4.023670735
4.143501012
3.48869947
3.986431704
4.1464404453
4.120065762
3.7284014449
3.566995914
3.627030153
3.355948663
3.402831014
3.851220913
3.57156697
3.536599364
4.167163302
4.283759865
4.41249703569
3.793059703
3.457643833
3.158519901
4.135857909
3.77204894
3.390505503
3.77474438240001
3.514563297
3.929099976
4.049066827
3.7996343991
3.8834729047
3.796570283
3.22048869
3.871734626
3.081065427
3.862553334
3.749560639
3.521611868
3.934577793
3.7267930119
3.668750538
4.004778528
3.429717981
4.09239895
3.853010349
4.031602156
3.826358472
3.7848751146
3.753909574
3.3714896589
4.223759735
4.263224296
2.992132257
3.858497769
4.105108237
3.65642296
3.375203644
3.808128601
3.513751023
4.007930433
3.455825943
3.960463084
3.0260459063
3.689771376
3.6083230346
3.876562103
3.852288486
3.880927863
3.593974513
3.72948310222
3.529502643
3.522173939
4.22298534
3.457236334
3.780633808
3.547034549
3.925891506
3.618961033
3.307237703
3.98049495
3.635538203
3.382109884
4.035059951
4.0801943458
3.946686149
4.043885464
3.690487119
3.750104441
2.975380213
3.855571366
3.513388743
3.49846421
3.680003636
4.341449084
3.908624226
3.668445848
5.000687581
4.4732325291
4.591725314
4.437298766
4.162620234
4.284364695
3.856935594
4.432541519
4.177141444
4.577614144
3.656492545
3.8608313373
3.289450347
4.280575877
3.465669615
3.69121981
4.376666004
4.470889756
3.6224384775
3.402920234
3.981260384
4.178419383
3.578890043
4.711515044
3.848710494
3.859051741
4.441247276
3.555413074
4.325497624
3.519472606
3.384165444
4.074202003
3.4809521621
3.996691408
3.78973648
4.045743284
4.0223613285
4.537557029
3.885599109
3.942018879
3.586271142
4.089793726
3.649232075
3.567227271
4.655770621
4.432474602
3.568356066
4.237487219512
4.107941866
3.438193691
3.73166
4.400651613
4.300740894
3.962287433
4.067559276
3.250164274
4.173575574
3.455360576
3.7343042995
3.3361998412
4.243446694
3.741403684
4.348476243
3.755783744
3.670516814
3.736776658
3.979464964
3.9480848093
4.014917858
3.719365271
4.237872244
3.474209914
4.938611892
4.225801824
4.129514621
4.191934339
3.372450514
4.440686914
4.548711099
3.605951631
5.265449351
3.748254484
4.05651765
3.7429186065
3.533155594
4.194372309
3.826773704
3.830844564
4.346967527
4.40213632
4.065373051
3.759505001
4.479283485
4.513093154
4.064125243
4.155263243
3.891738591
3.998728001
4.0145245115
4.0019280565
3.43367969399999
3.37140400046
4.522914994
3.336977168
3.597999591
3.971940949
4.027008449
4.284715181
3.392089468
3.503640673
4.226069341
3.4260211
3.6271035044
4.255963477
4.61204677
3.4954609475
4.406689932
4.23494708
3.783585535
4.290571454
3.54441425
4.60572595
3.816768204
4.52560484
4.169499648
3.849361586
3.672718908
4.060135716
4.255454587
4.028002948
4.118111754
3.629350172
3.875954176
3.9028868925
3.925438535
3.804291206
3.564540672
3.782579603
3.67160795
3.9194992635
3.110071975
3.6826410032
3.8692382055
3.897314692
3.993089678
3.983879047
3.540182723
4.318845078
4.0091720097
3.5639424305
3.227346048
3.926699985
3.323636584
3.370452625
3.924376438
3.577735154
3.175477254
3.536770408
3.622527759
3.660465017
4.1570417898
3.851937089
4.021562182
3.305472306
4.321668649
3.464384413
3.841720933
3.15462706
4.0607633005
4.680142222
3.881292329
3.869379659
3.90569543
3.865730366
3.695932898
3.616321048
4.14839027932
3.535028061
4.3025807
3.315386187
4.641925842
4.389178968
3.834364905
4.431699349
3.742733188
4.2631245992
4.201365439
4.051084671
3.7575856435
3.67216238719
4.174696773
4.015447141
4.223796007
4.0229930948
4.471654223
4.372533383
4.096360463
3.173023925
4.3635328069
4.260120167
4.290114227
3.963946562
3.057255024
4.0098291217
4.041314732
3.4474179311
3.794070088
3.99042054
3.632002722
3.698576247
5.099835354
4.064698969
4.476926845
4.240025648
3.8409435704
4.185946178
4.064563089
3.486685845
4.161340697
4.1220817361
3.6083068426
4.83236936
3.404578227
4.000007401
4.967256276
3.427649208
4.18101434
3.714847756
3.704246318
3.8404354525
4.0421396625
3.433234498
4.365333388
4.138246477
4.384698123
3.956514737
3.816279922
4.360286167
4.049935337
4.148079081
3.2061893654
3.297207941
4.227169827
3.2472519223
4.7482963364
3.503262758
3.4231485354
3.666983725
4.022713819
3.816422451
3.532570974
4.0787811536
5.0059608864
3.934145455
4.498580571
4.167961518
4.0456970005
4.010755414
3.740696483
4.237432181
3.998620534
3.807317438
4.0490874385
4.237389649
3.4208521935
3.947941949
3.309865458
3.738766626
4.571283349
3.641146355
3.4009744266
4.081927684
3.5277246285
3.72550811
3.48061822
3.9349298972
4.223787091
3.328599689
4.2407262945
4.056311446
3.781818703
4.233702338
4.4919716387
3.3046805285
4.507193959
3.5769781351
4.4025851905
4.016495945
2.623953547
3.167852037
3.9821488696
3.7181336821
3.441528253
3.652256145
4.029403975
4.174395951
3.066572889
3.346060301
4.010410007
3.542426491
4.638736091
3.413182304
3.7873701456
4.148317306
4.599718758
3.18659759
4.122811451
4.150882931
3.239867096
4.056210207
3.4611383936
3.719558144
3.1471107203
3.899700751
4.520566327
3.461980396
3.880903007
4.011491146
3.827193381
4.51973096
3.626623266
4.298874108
3.773975869
3.968963061
3.619413186
3.720554521
3.727398183
3.884667428
3.48625627
3.681722989
4.821854917
3.541568381
4.033927351
4.285315791
4.027386482
3.344954295
3.612506201
4.111520701
4.448786691
3.878016415
3.780826861
3.580888929
3.735345371
3.429842981
4.075547217
3.660970042
4.519811172
4.053274974
3.204397875
4.7752253848
3.762645271
3.800420641
4.218299088
3.1774331602
4.13691353
4.098450876
3.716311979
3.124560674
3.453685633
4.311174385
4.0796285209
4.065667795
3.835241501
3.84685663
4.201856146
4.820212004
3.511203009
4.103188961
3.675524599
3.7857322193
4.293095681
3.1944280123
3.337285199
3.7675075379
4.115377901
3.679485481
4.525916406
3.477225439
4.044901851
3.777201771
3.4640726667
3.625320281
3.751193949
3.752603847
3.892391447
3.838595403
4.028412957
4.299459721
3.729053676
2.856233771
3.732644001
3.845847589
3.810835931
3.750685227
3.611580741
3.540362063
3.928411653
3.258281256
3.11383523
3.51648819
3.182060442
4.266716822
3.386278928
4.0188524332
3.305162964
3.232766886
3.694433189
3.388836561
3.583899372
3.9954005275
3.783273877
3.764355445
3.732758208
3.2342054629
3.914382428
3.6426209108
3.6774585175
4.4491295637
3.255144491
3.483104011
4.016899121
3.536815903
3.801426454
3.7413436339
3.821750253
4.421144401
3.619811803
3.028551342
3.876437964
3.893799614
3.22379111
4.1003376422
3.800708306
3.59667775
3.709367387
3.0677572455
3.973361664
3.409874942
3.124234456
3.58768534
4.192713514
3.2441701289
4.201224745
4.2995230573
3.724332026
4.049211689
2.943763191
3.640093018
4.610166613
4.071529224
4.411886079
3.6575788881
3.9469181803
3.1982406852
3.704459542
3.49850428
3.809647505
3.0360400955
3.632468267
3.640869544
2.960910586
4.229700727
3.0519048378
4.686494424
3.2781609068
3.443431251
3.5900856763
3.025575905
3.903138424
3.269223397
3.729419576
3.04230902
3.8908441387
3.23524886
3.656456942
3.592036745
3.996534734
3.144302057
3.624457112
2.799349856
3.010241592
3.806673774
3.786266185
3.882551379
4.078290447
3.620629744
3.148933026
3.1882856131
3.317878625
3.209524833
3.893267229
3.508518708
4.107181089
3.437486977
3.854065798
3.2046076723
3.6055999252
3.6263300162
3.8985117308
3.5798562732
3.8449899408
3.6598633108
3.2990387368
3.7986444482
3.4323577902
3.1419336992
3.1270366542
4.1068903052
3.5497656969
4.3889344912
3.6186403582
3.9303164412
3.8995000782
3.509535923
3.6760853802
3.3666409352
4.1061531302
4.0333977508
4.1032855748
3.1525544869
3.7282040022
3.6482507942
2.9492124471
3.7871314408
3.3479473868
3.9703770288
3.1795091932
3.514399651
4.1509281102
3.7064853438
3.1834780252
4.1141126318
3.6578383908
3.8860404988
3.5549445182
3.6098638358
2.9050955648
3.6631329552
3.4506146002
3.9290053658
3.6716808212
3.5791461112
3.5295900912
3.0736692802
3.9873560116
3.5696257489
3.2484442322
2.7400296468
3.9352636362
3.3049434562
3.4595376172
3.7384860688
3.7995871648
3.59056048887
3.8379340902
2.8637328608
3.6136617308
3.4919668092
3.1624698982
3.765036995
3.6169025992
3.3298980982
4.0817806479
3.3453301502
3.3998004838
3.7789658552
2.5686433138
2.3382598452
3.3687757692
3.4587643922
4.1209518752
4.1740648052
3.2438908682
3.9754281202
3.9648961662
3.5750011268
3.2949962002
3.6162418202
4.0011875908
4.6717818182
2.9365234412
2.9469459412
3.4186822048
3.6540489258
3.8478565722
3.5491058502
3.3095738058
2.8518965268
3.4201563046
3.6025405262
3.3737099479
2.7644321068
2.9258754218
3.7386180098
3.3641530682
4.3539435535
3.8647588195
3.381580814
3.1273349245
4.4497863085
3.1688360965
3.5554133055
3.5274978855
3.7925319241
3.6160694732
3.7474697615
3.1032090831
3.9872330735
3.8003149026
4.0799562205
3.8678461585
3.1534725553
3.7206114795
3.3148160212
4.0181237965
4.3102115945
3.5287328775
3.9125072715
3.8456635295
3.4525630395
4.028224967
3.605679227
3.7152889418
3.9587335675
3.7605346765
3.3049800125
3.4853134865
3.3543855885
4.3077724715
3.4386547705
3.5544243091
3.6302539565
4.1316997015
4.4017025955
3.6635298005
3.8852972045
3.8214879625
3.5212607165
3.4401713225
3.5005166525
3.9544266465
4.1639446675
4.0210562445
3.6606616007
2.9805390015
3.9336093622
3.6201889035
4.6371179345
4.4199917944
4.0065321545
3.8939129975
3.8326051865
2.9554177115
4.0089550725
3.8241564145
3.8005234945
3.6291555005
3.0843980175
4.0117618805
3.7794296095
3.9231338985
4.6104263065
3.6374369519
4.3183635765
3.8837457815
3.3912149285
3.7577022265
3.755358487423
4.168319294
3.6139984795
4.2000518055
4.5026939785
4.224457235
4.2986821685
3.832470454
3.6743967325
3.6619982995
3.4695060705
3.755935622
4.5693077935
4.4549047445
4.4024954475
4.2381875975
3.8837528145
3.6289893695
3.9304678335
4.2212413515
3.0505911265
3.5692907635
3.3810565065
3.4371311442
4.0587351335
2.9148629415
3.7900579265
3.5751089011
3.0227788821
3.075259521
3.7035098265
3.623565493
4.037268985
3.229720351
4.065799631
3.99986912
3.65677083
4.246052139
3.248618016
3.861662586
3.297263148
3.592547313191
3.564913455
4.204580347
4.110899393
3.5031484562
3.598201136
4.1432193353
3.307842106
3.212062417
3.721123398
3.822244078
3.317401479
3.2852248838
4.249681146
3.852756047
4.266150939
3.135909602
4.136517047
3.9779528409
4.048750949
3.4017340595
4.098766624
4.216482655
4.29291067
3.705080382
3.802122142
4.2934565595
3.815157752
3.191820221
3.322684686
3.1770101741
4.620628449
3.639172005
3.880278769
3.630658793
4.060338531
3.238457843
3.630702564
4.063543477
4.1996189359
3.66762308015
4.1111345005
3.634904261
3.512983201
3.813030566
3.637418911
3.6928262646
3.413542683
4.4014520731
3.225382218
3.436713972
3.593166341
3.476232123
3.999080671
4.0133503687
4.182660819
3.786916981
3.590599566
4.957630581
3.72827151
3.942773466
2.992302632
4.195463906
3.212851665
3.495844201
3.699449291
3.688411564
4.147921554
3.781975727
3.81361407
3.758460948
3.933493391
4.103145971
3.6950067622
3.8328483868
4.1459087994
4.089300823
2.854776411
3.569075978
4.560847254
3.7824847318
3.47242097762
4.714069751
4.018458075
3.984744196
4.058152217
3.810766784
3.778668777
4.342780928
3.9725908277
3.757840581
3.030630143
3.520657784
3.104680373
3.422715007
3.6000782849
3.975891021
3.583781808
3.060527684
3.471053259
3.246681756
3.5225248863
2.490220103
3.938993043
3.936857794
3.914234446
3.789961009
3.186566023
4.178592951
3.6079699647
3.140749004
3.586455665
3.941698437
4.101903196
3.591359697
3.835060999
3.353284097
3.800823247
3.423743001
4.389001881
3.2101487191
3.7318531707
3.924075825
3.732958701
3.685284091
3.9636263316
3.538120866
2.8441989725
3.85685248
3.865796701
4.1641215312
4.408019853
3.297379715
3.630466264
4.394740421
4.138690526
3.795707087
4.673044823
3.275280273
4.4333988924
3.593017046
3.827256459
3.676219518
4.332740763
3.468500499
3.862144525
3.341818546
3.4991330396
3.512696424
3.250051439
2.948316881
2.979337011
3.307576433
3.344340206
4.0813271565
3.720121278
3.449556447
3.2420273423
3.792454989
3.578228513
3.984705073
3.743495697
3.05874283
3.962371452
3.612838439
3.2864325124
4.305180541
3.3813836823
3.235425315
3.039214004
3.1543155459
3.538419358
3.768953691
3.791820553
3.069377286
2.902509832
4.015315472
3.110304764
3.730032389
3.635943116
3.274909244
3.7814755348
3.463971063
4.104079492
3.078176199
3.6070118272
3.416837545
3.996597488
3.661245986
3.698904243
3.288739871
3.139309501
3.295806011
4.19270322
3.684322951
3.595297722
3.664606746
3.999790398
3.700944188
3.893002333
3.670257656
3.6954774398
3.550565748
3.525923123
3.525646074
2.910772705
3.627308202
3.282785679
3.808977763
3.368772527
3.925286187
3.245182387
3.781036553
3.305814034
2.75208193
3.439187971
3.943553678
3.294954398
2.93968466
3.234743156
3.381306608
4.353676742
3.817437031
3.426713076
3.787212988
3.977659628
4.016336583
3.379916092
4.432821759
3.7427106596
3.950764187
4.187113358
3.051770515
3.365188416
3.6456083321
4.230379168
3.861979596
3.923712258
4.185741238
3.530762071
3.631158026
3.477578068
3.978480448
3.908933248
3.470493673
3.7888696312
4.101648548
3.0053668483
3.456517921
3.682889097
3.715916348
3.7601132452
3.816031423
3.112543218
3.952617145
3.236834616
3.669727418
4.237684111
3.936546814
4.261050834
4.028182053
3.249514262
4.088638106
3.836041341
3.11518673
4.16986139
3.3617160593
3.033106453
3.166274032
3.867259518
3.660329548
3.959416703
3.195330718
3.353707128
3.593404178
3.990838208
3.457128362
3.443696513
3.378633038
3.960930126
3.997311472
3.422429033
3.323824018
3.895557517
4.484889073
3.391012455
3.422169734
3.4209655068
3.518129378477
4.5614252978
4.4078768256
4.2266336288
4.9994885468
4.3168037318
5.5960422388
3.9569738298
4.9230658408
3.7335647484
3.3858663268
4.4129482276
5.0347343686
4.0962122139
4.6466419376
3.6412211148
4.3703418668
4.4015060066
4.1516748988
4.3070086929
3.6003895666
4.207801377
4.1971760278
4.9021212058
4.5546886638
4.2943938408
3.8441770634
3.9377803158
4.9973878268
4.3123705368
3.5650505288
3.5233507868
3.6125410028
4.2259263226
3.9648959008
3.7188907549
3.7335276838
4.064694404
4.7770235116
3.2152882928
4.3437945358
3.4512719146
3.6544197436
5.1895873528
4.5257343956
3.7799867446
4.5256428668
4.2110373988
3.7182837191
4.0403012156
3.7668181498
4.4539734668
4.5635955938
4.7105308758
4.4678448998
4.4033843693
4.1167605258
3.9499604338
3.8068374968
4.1848093166
4.1092669322
4.0699854528
4.4232264338
3.6002429158
4.2152924688
3.4662228961
4.3777053867
5.1589512458
4.2892168658
4.2942065818
4.2146678384
4.8761532186
4.6000241588
4.2457778038
4.8959407798
4.1120592868
5.0189247729
4.7589869254
3.9386128138
3.9225354258
4.2311522792
4.0252979398
4.6524310878
4.4243605516
3.7512625398
4.15745575359
4.5445549178
4.3057580518
4.6480434588
4.2998629658
3.3512070828
4.4219779408
4.7135381298
3.8950937498
3.9283150508
3.7264739238
3.6090460428
4.2822827327
3.4678196588
4.249837671
4.205298986
3.592647191
4.089227612
3.796276444
3.126225922
3.744153176
3.983767107
3.57410401
3.372783693
3.873706596
4.317806697
3.284018397
3.471192423
4.344683043
3.763553576
3.948316011
3.420946606
3.5283294731
3.567684097
3.291995893
3.455531357
3.600139283
3.760530197
3.868349706
3.414927397
4.1864973501
3.146716611
3.395289477
3.768613591
3.7697001955
3.608508147
3.264249272
3.825614647
3.6617979222
4.159301617
4.1101572958
3.946987923
3.418501248
2.9301681348
3.230689012
3.123649977
2.981025572
3.714639904
3.85234584
3.336616674
3.082679075
2.822947357
3.342333603
4.042971421
3.650040677
4.485529759
3.654679837
3.136248744
4.135527269
3.611158736
3.6180839633
3.704820949
3.48003605
3.2071052273
3.868219997
4.111665752
3.628951545
3.583515907
2.536807687
2.852019244
3.491306234
2.9129022996
2.441781217
3.664726807
3.214956921
4.055037437
3.575379816
3.53443223
3.162579097
3.762933799
3.545902163
3.288339987
3.442060766
3.55715653
3.797760189
3.5154494
3.836520532
3.733965275
3.52562203789
3.419839334
3.269106464
3.308253172
3.784260392
3.413962884
3.576221996
3.300580407
3.52211929399999
3.7384581257
3.481392656
3.973573647
3.0108740626
3.591440774
3.218552617
4.14953199
4.311181685
3.871731021
3.678290625
4.765863147
3.314068491
3.7631521456
4.495463987
3.569642952
4.517324914
3.29130971
3.813026708
3.693983498
3.673594049
3.837915
3.754371643
4.243649456
4.168525657
4.044806384
4.448698554
3.744042233
3.974852653
4.361660175
3.7490573346
3.187561659
3.8768369875
4.352762956
3.9047691755
3.403638928
3.83052518
2.8116781392
4.217914917
3.274565218
3.547375548
3.940697667
3.723441309
4.359120034
3.589708324
4.118678375
3.729615031
4.659947173
4.046653434
3.847252097
3.064254992
3.790979453
3.35088453
4.470619828
3.936012407
3.709349841
3.466739761
3.010322175
3.984171433
3.979654042
4.33850523
3.879000257
4.123042575
3.7360889618
3.807864866
3.875946787
3.447293575
3.853065817
3.922674409
3.630830927
4.9349963688
4.265541697
3.798271205
3.7190464987
3.240705747
3.2572575457
3.633921418
4.573879978
3.905744011
3.780063617
4.161239945
3.969821355
4.496036242
3.721693214
3.766889869
4.169301303
3.82487011658
3.5572714762
3.238337842
3.913605053
4.518626917
4.252400893
4.318254863
3.2156928331
4.296617017
3.319913969
3.217136504
3.682146217
4.590655474
3.769428641
3.890221847
3.091702811
3.8773248315
4.168072143
3.277877953
3.78851652
2.937891167
4.065661836
3.2677371765
3.7217436805
3.6752483445
3.1831515845
2.9084815465
3.6954254595
3.4191654955
3.6744747445
3.7529056275
3.3819015455
3.896194517
3.6483417295
3.5643202985
3.6234460021
3.0585768535
4.0555420805
3.7039237305
3.9133646571
4.3090693685
3.3698499735
4.2153992465
4.2357953115
3.5860087545
3.7762753295
3.3790986565
3.5715457445
3.5825998635
3.8666840555
3.7328963745
3.2463186255
3.8444971145
3.9343085925
4.1524137345
3.1038089125
3.2556436911
3.8894438245
3.5849044325
3.6534117725
3.5175342323
3.4909164765
3.9929005565
4.3301306885
4.1121029575
3.7219823035
3.4310316605
3.0332205175
3.2358695585
3.2760466695
3.3950854815
3.9624730545
3.0332675415
3.8388022385
3.5901976525
3.2733644365
3.7580134366
3.7354083185
3.6383516845
3.5860348995
3.7781118225
3.2020532565
2.9334861195
4.0091257345
3.7135077345
2.9913861585
3.7519203405
3.5365796435
3.8639009095
3.4776620045
3.4994600385
4.4226819152
3.4316199105
3.7487635525
3.8837893445
4.0535294495
4.2029387675
3.6183446645
3.0632595295
3.6424682455
3.2009347135
4.2342223045
3.8820117676
3.0416176235
3.0008196095
3.6151537775
3.73046625277
4.2248741215
4.1529315693
4.9721869765
4.0854232655
3.2697914495
3.7349104695
3.4898336325
3.5143991285
3.6904608225
3.5471696055
3.0996298035
3.4267207145
3.0790822185
3.5226330105
3.9536926025
3.7110906282
3.8365601638
3.1275031862
3.6375308382
3.1041047382
3.1412956142
2.9613423902
2.7677068312
2.9184130472
3.4157235982
3.5281078052
3.9618766922
3.5765766362
3.1941732398
3.1699605922
3.8897504977
3.5598859812
3.4664876778
3.0284754622
3.3415256168
2.6189132252
3.6836761878
3.2042308762
3.1110630772
3.3089198622
3.2547227262
2.8601192402
4.2170237872
3.7416865298
3.6925045202
2.9733951408
3.4436178252
2.9060603798
2.8993474502
2.8448731138
2.898739345
3.4484072626
2.9202959773
3.7839380508
3.5321832022
3.2714162163
3.6302116908
3.7349645862
3.1964635792
3.6433376082
3.2779703832
3.5260817782
3.3377460401
2.6521618468
2.8432413682
4.637715529
2.5159737468
2.9887851492
3.2007700588
4.384590556
3.2448887342
3.3521818552
2.8736736682
3.3029541702
3.6730964382
3.2421376292
3.2598901412
2.8273842512
3.1009654522
3.3822465152
3.6146400572
3.8468314126
3.1288654582
4.0206715338
3.0766360582
2.7174984038
2.7933832942
3.7782142892
4.0899779782
3.3067276288
3.6807590692
3.5780523662
3.6238422882
3.4207272812
3.0717080192
2.8340907812
3.2510950848
3.1958527702
3.3736401152
3.3260913212
3.2457476082
3.0129569232
3.5914032002
3.6581715213
2.8501617768
3.6828155012
2.8379974238
3.5569148912
3.1763157688
3.6746893542
2.6220475322
3.00141560406
3.194592783
3.7366129172
3.5867994342
4.07526677
3.18594289
3.090336425
3.052130932
3.619749451
4.24826891
3.379869827
3.357470238
3.60970312
3.31361114
3.88364696
3.20747132
3.773771434
3.138945038
3.77697251
3.43876333
4.3406953556
3.469049928
2.72744628
3.3649881998
3.580537365
3.44069539
3.881192898
3.54866577
3.49313947
3.499534279
3.555588109
3.586937511
3.65362992
3.63407427
3.39579361
3.45175941
3.245383704
4.116208516
4.293847853
2.622577365
3.197327664
3.272779729
3.49358625761
3.59713019
3.58879159
3.67493436
3.718243317
3.890636879
3.23917081
3.68696721
3.838446316
3.75310618
3.804648963
3.394764633
2.89986246
2.791622532
3.13557102
3.217570104
4.330389196
3.695890007
3.53052168
3.829699123
4.081356963
3.820671459
3.562869749
4.105168484
3.983960208
3.857421331
3.06067329
3.7619114
3.460063517
3.129656756
3.777122566
3.94918672
3.8865499732
3.67550443
3.2505049588
4.49196903
4.10712891
4.296843687
4.022240998
3.5404542208
3.80043867
3.860017141
3.47526765
3.30386616
4.166985512
3.58344343
3.89764075
3.93463451
3.14481815
3.84642221
3.5900151733
3.96497155
3.51787741
3.33316584
3.62492433
3.274875044
3.907657064
3.701778411
3.83612909
3.503787418
3.334414382
3.740292312
3.8963910982
3.5024466642
3.1202824402
3.4179519078
2.8028649168
3.5134498262
3.4858078872
3.5481733112
3.8030075522
3.3496503182
3.2440337992
3.1430908682
3.0688197602
3.3093224992
3.8293347762
3.7998977022
3.1041359332
3.5595696692
3.3895677568
3.5423097042
3.5200009242
3.4511912952
3.9030916012
3.4369182962
4.2122482512
4.1048587128
3.1279476622
3.4861726262
2.5401755103
3.5304997281
3.5655376722
3.6113057292
3.1995061042
3.0311090472
3.2476465678
3.6545372922
3.7444827332
3.6967589942
3.1179883003
3.4533953252
3.8586617922
3.6070309722
3.8271058272
3.7433443162
3.6103639618
3.4105146192
3.16851385652
3.1279501522
4.2117491837
3.5720866762
3.4046282213
4.0645408632
3.1873646659
3.4967578522
3.7448824982
3.8626014152
3.9076252712
3.6378728826
3.2713217212
4.4073508012
3.6802881553
3.7627520422
3.3420900608
3.4544607082
3.1543819542
3.6341692205
3.7834237622
3.4126695012
2.9178893382
3.8785046218
3.150018211
3.5631452762
3.1536763138
2.6818326182
2.8530625752
3.7064458898
3.8670113442
3.1751245877
3.3503764622
3.2539686372
3.6523955568
3.1749647598
3.2910184323
3.3544201542
3.2413278962
3.5210817522
3.2169473142
3.6842288832
3.3090509432
3.7569625602
3.1426813652
3.4787638242
3.5244637382
3.0090664888
4.0139089081
3.8907395722
4.4957408292
3.2617686722
3.5020831952
4.0512765412
3.7283215451
3.4219594829
3.2413020001
3.6029314476
3.3270885389
3.1848165021
3.9350568401
3.2055458069
3.7243918711
3.74475529759
3.1388538342
3.2795845011
3.3526928201
4.0802232561
3.0450585431
3.2138213721
3.5925788121
3.0421624639
3.0804382021
3.6910813939
3.4813287911
3.3676563932
3.6570997896
3.4826609769
3.0454800891
2.9492721882
3.4332726101
3.0572351581
3.5936156111
3.7530167901
2.7145190821
2.6420490991
3.0247791009
3.1913066229
3.5304575421
3.1631680449
2.9827801151
4.3221155371
3.3022979111
3.7961118121
3.4392329681
3.7370697651
3.5834259611
2.6705619239
2.9555286721
3.6733344479
3.6172389349
3.4485513021
3.0973457571
4.0006752021
3.7409530561
3.0069992311
4.3579377879
3.7651636981
3.8371023571
3.4883849091
3.4466779109
3.3630689471
3.2711242539
3.7454493321
3.7809943474
3.5268827051
3.5197009621
3.3434144411
3.7292772891
3.0772219021
3.3214384149
3.1924426621
4.4118018609
3.3727981861
3.7230927421
3.4616853839
3.6666169539
3.9565777311
3.2499585101
3.0204911929
3.7446100859
4.0902407841
3.4098682674
3.8124775519
3.3307319423
3.5061254293
4.0688028421
3.8819125429
3.0820056681
3.4086285501
3.4941792941
3.3739546439
3.5918593801
3.3666473071
3.2843711637
3.5249260566
3.0150533449
3.1832706199
3.6658178251
3.2325180141
3.0721896411
3.2632127389
3.3512049226
3.9225619269
3.701293225
3.287157213
3.841299159
3.862916181
3.902390982
3.403414147
3.294506365
3.172010028
3.251311129
3.100565485
3.606576783
3.663620554
3.260403312
4.229665173
3.840792878
3.791668581
3.905272693
3.4909282802
3.490355477
3.370979359
3.71344412
3.637918992
3.532337266
3.921718866
3.413197393
3.280628455
3.312682758
4.212376042
3.270740103
3.376355381
3.252353218
3.574082005
3.791164069
3.2860623137
3.759826121
3.847104404
3.590507389
3.775531268
3.5524781617
2.780127116
3.324196774
3.134080127
3.646609853
3.8752413244
3.762318829
3.1787370197
2.7578317446
3.516152076
3.9408666722
3.3233973128
3.330637974
3.267565857
3.51159034
3.083443499
3.566241961
3.513566904
3.214268996
2.792230397
3.857267379
3.7928746981
3.562559947
3.720412705
3.8579201229
3.563672877
4.003931707
3.925513322
3.832595035
3.519392671
3.9441788311
3.199314529
3.811707471
3.386354356
4.002118185
3.3673638907
3.411471837
3.307320991
3.497729814
4.002363948
3.599806408
3.3065400033
3.621332673
3.6850046
3.243533459
2.882296014
3.411785453
3.42763108619999
3.085527256
3.884386286
3.075192154
3.2679126508
3.655161299
4.417477501
3.011442762
4.1390719794
3.285481488
3.6993616686
2.990283743
3.53427974
3.385342526
3.806719386
3.180456278
2.646647113
3.207886348
3.37940146
3.215138247
3.802648568
3.389031169
3.46756751
3.712841863
3.709594895
3.55642655
3.089883846
3.612456378
2.926738483
3.293624934
3.452285485
3.208761232
3.807811093
3.16087915
3.3810845
3.6985286494
3.729350633
3.073439718
3.168807937
3.6281277
3.528453475
3.246278877
3.09861065676
3.37786936
3.171773868
3.21514398
3.020073101
3.204374088
3.2722070219
3.20963
3.269060678
3.822348728
3.177405382
3.255942247
3.154853305
3.833425227
3.342299002
2.504792358
3.69365818
3.454502398
3.000877437
3.593391695
3.237651726
2.864158673
2.98407893
3.516374763
3.298634867
3.478932051
3.447171092
3.615257906
2.686546212
3.160352785
3.6639922093
3.521826668
3.480029568
3.405352746
3.331997353
3.608881225
3.555346478
3.86796455729999
3.4295363813
3.368970104
3.181131275
3.42923502
2.811936987
3.035311362
3.179608985
3.77487929202
3.008968013
3.320176228
3.337145066
3.454965794
3.69549594
3.526784605
3.319705435
3.375430258
3.407215288
2.966773746
2.93471276
3.401134555
3.154193947
3.056045559
3.257035558
3.6264352422
3.64749977
3.011733861
3.468475752
3.744562359
3.4750722774
2.55815969
3.06493325
3.176686414
3.39543291
2.767948143
4.07191512
4.07293823
3.9630189098
3.95387446
3.995346779
3.733454167
3.380575839
4.008496081
3.919989917
3.883399452
4.01774092
3.566131679
4.465184281
3.8109993703
3.60739665
3.821371981
4.506525884
3.446306068
3.856057587
4.068615483
4.0952749848
3.620104643
3.609710541
4.242762379
3.24425479944
3.20980676
3.161814006
3.86226101
4.345400927
3.713580845
4.307763715
3.9996515204
4.336878444
3.430695148
3.816516148
4.0759030088
4.3498498806
4.0455707793
4.01277636
4.064288782
3.8001631941
4.0995590673
3.667141072
3.401669403
3.96186755
3.940857551
3.698291893
4.0498914718
4.488522006
3.2724009626
3.9256566293
3.639238764
3.5883906657
4.079859068
3.4933226372
3.2537399236
4.291733572
3.64288056
4.024163911
4.0239413
3.704897553
4.257223603
3.453652166
3.41610857
3.772323126
3.684518431
3.78137116
3.763651514
4.112052035
3.869772644
3.74291824
3.302841015
4.232341204
3.878847244
3.58369338
3.540031254
4.100198578
3.567233142
3.596226793
4.473995586
3.269224199
3.582884578
4.0444783912
4.08374864
4.259457592
4.176913452
3.637369378
4.487464087
3.7992579267
3.840022023
4.27395855
3.969927004
3.686002488
3.603646095
3.763945215
3.36264965
2.81263068
3.91273746
3.560511521
3.10306302
3.657108764
3.5651554446
4.278743793
3.255850988
4.086889153
3.162965653
3.756916019
3.180314237
3.453714043
3.847814785
3.984425305
3.234045086
3.915650995
3.560665212
3.454710397
4.3278828845
3.548829028
3.6694555063
3.8087548435
3.986237834
3.845352547
3.2658436388
3.686723303
3.880248943
3.713036832
4.623416647
3.5213498504
4.013031715
4.224205006
3.399868814
4.099093325
4.430881437
3.675926087
4.213718869
3.915699001
3.544881403
3.033959374
3.903681923
4.33971654
3.8512546047
4.312121553
3.872822454
3.4580700035
4.0658829638
3.7896229965
4.054150971
3.665736788
3.729513023
3.459038503
3.448582892
4.371755526
3.985114418
4.221016448
3.694997901
4.269086497
3.457798329
4.182655494
4.269255469
4.126398457
4.044125913
3.625066695
3.5944794944
3.571582207
3.912913051
3.4215172238
3.610052768
4.117600863
3.964795073
3.889580465
3.9439695372
3.1522394447
4.386973446
4.077179559
3.6657251419
3.656541736
4.215436122
4.338911601
3.6603875541
3.975363775
4.084236872
3.049507459
4.029237388
3.354001712
3.762260887
3.588276586
4.2878761093
4.011248586
3.868614978
4.6629017945
3.84981766
3.894253333
4.010691439
3.523997451
4.422639413
3.353918756
4.058936334
3.894305653
3.338545172
3.750348096
3.823719929
4.310333597
3.591446297
4.300662482
3.632163017
3.9785625
3.815459078
3.985880812
4.115194941
3.655396995
3.325217342
3.4038952277
3.891353115
3.521142484
3.862067964
4.195273913
3.543574543
3.8427135134
3.656634994
3.819549703
3.7203976388
3.847529231
3.872890556
3.5420765048
3.637367887
2.883134125
3.346561868
3.818459404
3.6998558077
3.68242103
2.711273893
3.217449715
3.5389417727
3.306003393
3.3071686397
3.731880775
3.225504802
3.756300339
4.04942908
4.693694819
2.98155737849
3.71338740236
3.164216053
3.3676436966
3.822080485
3.8375471578
3.506358371
3.776852838
3.194646063
3.1933501095
4.050662879
3.700969647
4.300349864
3.937863275
3.949274651
2.8754762023
4.384546054
3.722734328
4.386857288
3.4727500858
3.894938509
3.648849574
4.114587879
3.361569451
3.238478081
4.138581427
3.368935346
3.448480209
3.56044457933
4.568978792
3.499915152
4.40932685
3.872339543
3.1222129914
2.421767923
4.389640614
3.874835462
4.122504312
3.660425144
3.877536557
3.742307159
3.13484966
4.02589299
4.166940927
3.363131145
3.1623714986
3.4846854
3.401253132
4.244202825
3.888014552
2.925558334
4.237265074
3.7015635499
4.249365577
4.209828855
3.7715295721
3.672508502
4.3862909946
3.3084438921
3.603016482
3.616983195
3.941411465
3.1759017856
3.333640127
3.42914726
4.034837596
3.451867262
3.56817449
3.601854608
3.70411488
3.5635456265
3.462964635
3.715895631
3.49921211
4.0564365183
3.295761112
3.679237036
3.716838992
4.041479048
3.7281489916
3.324901752
3.437954204
3.438385245
3.465670453
3.714605167
3.926006344
3.681126566
3.3175826092
3.153649399
3.641174109
3.562851501
4.034049243
4.048175825
3.499826112
4.405024807
3.928050651
4.106806606
3.7188331743
3.873012279
3.637351981
4.1960144403
4.665074085
3.639259963
3.96645897
4.032635291
3.618063282
3.838612367
2.893611497
4.400493223
4.014522661
3.6056767377
3.43962627
3.7307164014
3.295183907
3.726838538
3.196112976
3.6559724845
3.481122437
3.7343847065
2.717261896
3.3197531805
3.831707543
3.951773348
4.161209317
3.894616391
4.384961453
3.308964543
4.053300433
3.805178128
3.277904142
4.323373392
3.6087861358
3.350396229
3.323184802
3.584780724
3.592609428
3.872851962
3.006967625
3.347991209
3.918975409
3.584801833
3.425804707
3.2810232
3.827274092
3.941478078
3.97484637
3.305782364
3.550825282
3.316129137
3.7859737
3.170992705
3.859065847
4.262494812
4.3594796362
3.95116272
3.922431439
3.210316593
3.515458212
4.569494426
3.285862596
4.1043782237
2.834731376
3.166540567
3.959585246
2.974914602
2.91613644
3.02406444
3.597691869
3.24171258
2.874669333
3.108612297
3.404937987
2.99622763
3.474109227
3.31218003
3.082497631
3.59704677
3.3473673
3.88495208
3.9086393616
3.65147423
3.22746721
3.57619816
3.0099217419
3.375788221
3.345502
3.24389746
2.474232636
3.10490143
3.475474883
3.533010215
3.044040905
3.346167017
3.33032772
3.442061126
3.4613965325
3.699206551
3.068532178
3.062653613
3.3165914
3.674972791
3.082629481
3.44473296
3.59941764
3.11333591077
3.16469638
3.249044121
3.226141363
3.28198317
3.393174848
3.617099473
3.495065882
2.88887625
3.641978466
3.25848233
3.16030195
2.993442511
2.64977172
2.914615738
4.150304652
3.07747789
3.386262478
4.018492223
3.31787206
2.62068626
3.136089046
2.93753113
3.701916484
3.300136925
3.088960886
3.698035062
3.300803465
2.9402826
3.248586953
2.5248788
3.208096262
3.21905819
3.49978048
2.76361571
3.513264148
4.110161003
3.714568615
3.99428088
3.34458665
2.7927834359
3.27177739
2.8784493098
3.3404592576
4.133421641
3.06759881
3.95791622
2.55408078
3.71003453
3.63428259
3.187241408
3.52200781
2.91910027
2.95257513
3.59559543
3.671337283
3.426140905
3.00399736
3.239739313
3.06581215
2.847439947
3.39679101
2.675217442
3.70104953
3.280592246
3.191125397
3.69077274
3.28531529
3.119154147
3.874774378
3.133791255
3.55664984
3.04636657
3.368663304
3.66972583
3.448474432
3.477971665
3.228586524
3.34293928
3.452822785
3.097435294
3.579922193
3.30673207
4.057038346
2.735093128
3.208294712
3.371998773
3.34140037
3.283532078
2.936373484
3.9754135287
3.02294592
4.026691803
2.81335357
3.745837578
3.45788319
3.835745306
3.301825914
3.900271379
3.556031339
3.67845291
3.57854621
2.95836657
3.330739606
3.19530765
3.464953145
3.42116965
3.505469339
3.68994321
3.221493715
3.265329738
3.250178307
3.26536136
2.884268629
3.57507546
3.594590404
3.409186823
2.537705529
2.72744047
3.63843021
3.991764446
3.208716891
3.75402694
4.149659247
4.16542249
4.176053562
3.96440449
2.679134765
3.730601543
3.991284359
3.05713537
3.635501092
3.170024318
3.590366413
3.99359377
2.728621468
2.673066617
3.14943426
2.844650313
2.93910087
3.48297946
3.310428483
3.693543094
3.55442487
3.62371997
2.65758072
2.5299265573
2.937891657
3.17142385
3.09058729
3.72262035
2.97061036
3.69527633
3.66687646
3.077708639
2.71250148
3.187495964
3.238822814
2.5150139989
3.0755697961
3.9242517409
2.6391002929
2.9956308709
2.5638608789
3.6765435191
2.4109360305
3.6848799489
2.9629959699
4.0803437409
2.9310299119
3.4332584409
3.1007066659
3.5248980591
3.3741997871
3.8095131291
2.9674897399
3.0342705011
2.4356732424
3.3050681509
3.2569843909
3.3074240641
3.0863656609
2.8098469341
3.5441795819
2.6903768909
2.5396686489
2.8024541689
3.7480068211
3.4110495304
2.9680927281
3.2637112609
3.4596756289
2.9266617719
3.1454924999
3.6538724099
3.5311462419
3.4370535751
2.4853680839
3.0023670889
3.559738176
3.2480041511
2.8044552779
3.1472745211
3.1880821559
3.6380504889
3.6511316319
3.5594546711
2.2400929389
2.9458856291
2.6596424089
3.4360138849
3.6867070609
2.8759954989
3.6522866349
3.4824663829
3.1159229891
3.4948603709
3.0827117591
4.2520143411
3.1859639291
3.3858527359
3.2614076529
3.3771620609
2.5639243249
3.3183446359
3.3912095589
3.1586473541
3.2600115179
3.2862037019
3.3648548209
3.1473627479
3.2139540689
2.9687331511
3.1066846701
2.8607422969
3.1870226709
3.2025372669
3.3941240948
2.7044509811
3.1071758111
3.2418898009
3.40867893853
2.8675163869
2.9542926311
3.5795840539
2.7130645051
3.5929687109
3.2763705199
2.9187533109
2.5563054509
2.6896163589
3.0079120749
3.0136522701
2.86811171606
3.0844590209
3.0459238661
2.5823814009
3.2923627009
3.255786409
3.996865073
2.93002325
3.603420955
3.343203364
3.915287371
3.618126506
3.173107882
3.398129277
3.261855399
2.7511182397
3.222435575
3.053135344
3.593359465
3.477704569
3.416370115
3.348059413
2.584882986
3.567973901
3.348568813
3.0353060595
3.052040276
3.188267019
3.226139828
3.5887599542
3.523744494
3.372346043
3.7509236902
2.832622934
2.962236146
3.43138023
3.207458323
3.5769793307
3.317630965
3.687551153
2.970978444
3.104464601
3.842335791
3.647249048
3.136743433
3.431093294
2.980808655
3.138436577
3.749403136
3.0109780955
3.206696268
2.758347496
3.278643298
3.078004395
2.892814532
3.248932977
3.402419565
3.20913312
3.972728035
2.859596806
3.588934554
3.610355612
3.526159263
2.810770456
3.411546395
3.205929633
3.296545715
3.557875602
2.566661312
2.969539835
2.962048285
3.247666447
3.2867362428
3.541174586
3.094180446
3.320285815
3.068653891
2.922887463
2.892057054
2.936667007
2.625849336
3.699682124
3.711353745
3.445278705
3.734056512
2.920062616
2.926624013
2.803669107
3.403247258
3.740106225
3.50548666499999
4.047070373
2.9885999657
3.151727308
3.281043709
3.555568282
3.8515766989
3.0402027054
3.563827235
3.452743925
3.165780393
3.975020095
3.345977706
3.187989027
3.335494889
3.549143651
3.59582196
3.559104337
4.582186409
3.931143803
3.8616423842
3.83705188323
4.037426144
3.60450325
4.013877255
4.07258184
3.901466624
4.358200168
4.718930382
3.6870087606
3.376291333
4.152223489
5.08608933
4.24364441
3.9430485759
3.3615566578
4.286131102
4.290898447
3.648077375
3.9428687578
4.15088509
4.158566403
4.258622153
3.918790012
3.97340244
4.231162217
4.004972705
3.6392901017
3.63353899
3.736252728
3.60513622
4.140560714
3.743275782
3.663276898
3.431074264
4.204282892
4.941730187
3.5840953697
3.708173537
4.087894566
3.591574309
4.005727432
4.535290954
3.889731568
3.97840399
4.117939548
3.550568832
3.44853003
3.789337851
3.793903697
3.691927799
4.039138794
3.577112558
4.67250875
4.502534311
4.44245478
4.211586222
4.03041323
3.742674009
3.857750448
3.73692904799999
3.32843931
3.815513045
4.194361306
4.0340297862
3.748932852
4.067106613
3.010169765
4.307088772
4.2130954376
4.538842019
4.67211589
3.7866564
4.176545965
3.934514461
3.9152278123
3.188742105
3.8096846334
4.136941107
3.7680806344
3.870196772
3.930112288
3.65875544
4.37162903
3.9981934841
3.883529185
3.835144249
3.3134051805
3.746029368
3.886089821
3.437115568
3.6998871042
4.20304828
4.47579621
4.547931892
3.4683719809
3.1573287941
3.0949650849
2.7620527141
3.1959077489
3.0372494781
2.7936989981
3.2845633391
2.8672094481
3.2755179111
2.8357467961
2.8367125511
3.3457809079
2.6637608689
3.2647768586
2.9199532831
3.3783803599
3.6448375311
3.2587212489
3.0338486039
3.8011950039
3.1926715663
2.9028093689
3.3852659989
3.1833542111
2.6364164989
3.3434538069
2.8449680149
3.8979529562
2.5243374289
2.9109836514
3.2913086691
3.3186168171
3.3803049571
2.8141189251
2.6815464211
3.2722448179
2.4692118349
3.5916337631
2.9664060711
3.3278436411
3.36033984005
2.9161956261
2.8879623342
2.8670625911
2.8581931241
3.3089538579
3.0426793289
3.3817857311
2.8742315289
2.5269677879
3.7248341461
3.0593914629
3.0540466751
3.8006673331
3.6299017011
3.1270999631
3.25560385855
3.2901189151
2.9032873051
3.1258746999
2.9044972489
3.4043934911
3.2553118689
2.8222637201
3.3686973911
2.8457116681
3.4448369215
3.7809287421
3.2866286329
2.7919236001
3.1445577721
3.2536891739
3.2793705571
3.1874583511
2.9707711919
3.4651099128
3.1819624479
3.3519128731
3.0773714489
2.9511376389
3.6238465662
2.9635130759
3.1475311511
3.1242142929
3.3385056889
3.4693246101
3.2617466811
3.0467533789
3.0586867739
3.0885366211
3.0085624899
3.4773836549
3.1380896731
3.2670907103
3.2229342511
3.3178764439
2.8179272901
3.3353416711
3.3053477279
3.540260099
3.649482174
3.405780316
3.940186127
3.862036306
3.666610246
4.148489374
3.964366574
3.520953026
3.435276112
4.126085274
3.705030301
3.438545592
3.437049621
4.110796504
3.103777004
4.454544369
3.443761534
4.079308611
3.553756571
3.366253861
3.642765316
4.267936308
3.288906325
3.615755474
3.989977825
3.851845334
3.781979076
3.016548876
3.547998096
4.229762928
3.99219543699999
3.774983324
3.773989876
4.522669217
4.021050944
4.215949318
2.887460392
3.607902233
3.271308473
3.6108797707
3.469453514
3.2194946387
3.325335083
3.758969284
3.763979234
3.415284286
3.507245994
4.159002765
3.4905659292
3.413694195
3.706140026
3.428455881
3.544665386
3.214888723
3.766367213
3.563635888
3.741653291
3.44705826
4.086410806
3.421173281
3.718361559363
3.451744153
3.429908069
3.3666960296
3.616492325
3.5623011825
4.005592915
3.356929084
3.386825226
3.715067646
3.583857254
3.948734044
3.720766203
3.306393594
3.704745096
3.362435911
3.469181518
4.166279584
3.3772426118
2.826430726
3.592642967
3.3054963805
3.988627895
3.455507491
3.913002863
3.42709706
3.326207934
3.900488052
3.748668555
4.0419062375
3.705665286
3.272501101
3.552472836
4.344044558
3.419197926
3.5987564895
3.870680209
3.755327477
3.991111648
2.6044508853
2.8385502613
3.5401924553
3.6477654147
3.7487116197
3.3197304517
3.2341436253
3.4571643237
3.8548683953
3.7129587803
3.3615876189
3.6537814863
3.9488516723
3.3700224063
3.9226441183
3.5115792887
3.7513386947
3.7251483173
3.2550847837
4.1814706777
3.5082968777
3.2160117103
3.6569554383
3.5555042883
3.4499707303
3.9982156883
3.7309882572
3.0360328723
3.3856604903
3.6962696373
3.3582077333
3.5396817433
3.8457169116
3.4735555503
4.0293035103
4.2336665953
3.3931631657
3.3374013313
3.4048441863
4.4942105703
3.0939522483
4.2398624203
3.1155301147
3.6220320047
3.4132593153
3.7022003653
3.8492330723
3.7332001295
3.7662478077
3.3578064443
3.3978846677
3.5329176337
3.7116315963
3.2982402453
3.3484651847
3.8608047103
4.0838148303
3.7018937173
3.2706143837
3.6376798938
3.4291717303
3.40310832831
3.9143678803
3.1175152993
3.5974236887
3.7669965907
3.9050664843
4.4095145963
3.6610111393
5.0243091023
3.1660124563
3.3596839343
3.9293834053
3.3157780001
3.5209947463
3.4770843937
4.0238371303
3.6766507157
3.5304059383
3.1507999067
3.2545487313
4.4069675137
3.8767378353
3.6369099648
4.0372978773
3.6479423456
4.1633697233
4.3408594713
4.2153278974
3.1517378603
3.5383781207
4.0796976087
3.4388916133
4.1779044403
3.0186799313
3.3367350902
4.3240683163
3.3315086213
3.4560281553
3.9611417223
3.29234422
4.029893325
3.802509997
3.696817239
4.094499216
3.93098424
4.176601004
4.069963024
4.13876566
4.09300309
3.748426072
3.730098369
3.91430225
4.009535308
4.616082303
3.379160333
3.4191315763
4.43964455
4.3239013
3.772171455
3.78355817
3.7074340416
3.9692552008
4.80642585
3.9438597
2.886526095
4.451756905
4.673556139
3.98185871
4.28109617
4.64588723
3.73711364
4.51322905
3.62999535
3.755803518
4.3258848113
3.4559656039
4.335193099
3.6217869
4.74891022
3.749406231
3.419539564
3.91367816
3.825616705
3.27203402
3.918178586
3.970658872
3.8166078873
4.227096128
4.63450507
3.95633341
3.805354538
3.9947842777
4.446490254
4.40960655
4.153543668
3.491050539
3.944181294
3.388201452
3.107865716
3.651604318
4.047531535
3.751530057
4.01235284
4.476441256
4.017717415
4.3323507429
4.046523187
3.984706819
4.2675804
2.777505642
3.777022106
4.749031657
4.55823224
4.20564128
3.449015749
3.40777667
3.800124447
4.29805602
4.143211648
3.49409465
3.862856526
3.57301525
4.21928141
4.0791772
4.3773427061
4.28951505
4.225845129
3.924064603
4.456075904
3.81103781
3.960924983
3.9324971825
4.65129368
4.124992002
3.638251383
4.301707867
3.636282283
3.46153589
3.339543451
3.689924272
3.650036527
2.979762773
3.292844776
3.522191231
3.441143186
3.889263537
3.706896628
3.6965277996
3.00252547682
3.404430819
3.711298161
3.522491937
3.929265667
3.0955531312
2.984630052
3.6400833477
2.8785001824
3.868431911
3.846973257
2.900695051
2.901215707
3.770141157
3.333799316
3.609551902
3.760298461
2.882928625
3.491443467
3.042937631
4.349055065
3.280352336
4.924838323
3.322336249
2.626256517
3.2608255714
3.2082468569
3.042255764
3.605729278
3.863402113
3.2820474
3.011308759
3.060704502
4.007100195
3.167960537
3.383439365
3.586925357
3.169756875
3.579726044
3.055952089
3.677961369
3.272195501
3.525009767
3.135428754
3.283289204
3.768844065
2.952687161
3.13939063
3.332576507
3.756470623
2.960680267
3.57854214
3.9784151273
3.526191385
4.274263879
3.188003796
3.089185625
3.574870403
3.236651829
3.137584999
3.106081808
3.635619552
3.339883144
3.336444143
3.7120979376
3.790672267
3.970413814
3.344213627
4.327009175
3.606521141
3.940795094
2.74461064
3.247406294
3.5035827995
3.48916557709
3.799767782
3.035451406
2.781550225
3.334006379
2.853756352
2.738085507
3.082292011
2.928059178
3.296768031
3.408066318
3.313524444
3.081066515
4.449805148
3.163629319
3.543608759
2.759003919
3.0624177825
3.859872812
3.093840978
3.568956489
3.295690755
3.340266286
3.6442065337
3.96613345
3.09498891
2.90248228
3.06258249
3.185252736
3.026544668
3.73256227
3.218158417
3.6779445308
3.896575431
3.07440534
3.53977563
2.56891682
3.121790324
3.443592906
3.8106323655
3.63570352
3.28037166
3.02435375071
3.092493682
2.688744786
3.849347617
3.811615991
3.404849287
3.611078742
3.3902693601
3.567547739
3.754367302
3.598401985
3.550774154
2.98757512
3.2237111794
3.09094601
3.531841695
3.994052161
3.62760204
3.6676344
3.518744487
3.356538951
3.212339281
3.494862436
2.8645847939
2.66887262
2.93536698
3.15398648
3.30795596
3.108504823
3.064073201
3.55961234
3.364352396
4.010949313
3.681425461
2.97614529
3.4960479
3.000173394
3.545586747
3.2446097291
2.86939501
2.968998221
3.30159065
4.012005492
3.387987019
4.313667111
3.248782307
3.85952099
3.44293858
3.777881265
3.36539864
3.3195522524
2.981411305
3.241690534
2.75357788
3.604797588
2.825045062
2.984135408
2.776826436
3.980449353
3.012706858
3.25702172
3.6558284
3.95417473
3.228738982
3.28570318
3.085461359
2.57414421
3.729302849
3.06751169474
3.23061626
3.914981033
3.707981003
2.569620455
3.532267253
3.05827484
3.483744401
3.483152331
2.970464259
3.297142879
3.448858202
3.489312592
3.090668901
3.910629363
4.124002861
3.768600669
3.982896389
4.075135384
4.011427998
3.798874959
3.405661771
3.46314953
3.080613445
3.184829899
3.629996678
3.5719537554
4.3016763
4.019339359
3.678460761
3.320059205
3.2655923771
3.429288469
3.547009216
3.66826809
3.9464050386
3.19366463134
3.496318747
3.533848862
3.678637959
3.6918403733
3.740340397
3.507942785
3.712703093
3.3282629072
3.908917862
3.75999157
3.532645615
3.358466123
4.060284779
3.322016861
3.4439281275
3.560303027
3.700440059
3.443592771
3.8097385106
3.663262376
3.460282003
3.829157144
3.3396630015
3.276504208
3.276805371
3.501219679
3.9342742702
3.200150122
2.753088282
3.7033675199
4.23598747749
3.747819394
3.593095587
3.671803195
3.848226609
3.689911566
3.831125906
2.66544591
3.273215799
3.53786149
3.840874145
3.389566757
3.539354637
3.451177316
3.436364159
4.022311419
3.958468694
3.563303049
3.0051318372
3.760183567
3.747026699
3.205654189
3.061668994
3.134277799
3.332566116
3.800938224
3.0985841514
3.612123322
2.9246652451
3.3944219544
4.1863117297
3.218643916
3.383069289
3.658800091
3.993754435
3.354205945
3.406076852
3.634849943
3.155777314
3.253142431
3.453373485
3.848970459
3.122837465
3.1825898301
3.73794479821
4.216660338
3.19091765
3.280550945
3.392051283
3.596911925
3.400406215
3.820003417
3.122471558
3.249387548
3.533941425
3.902320975
2.848154984
2.736590965
3.700068363
3.952448368
3.534248375
3.551185672
3.232681849
3.556543011
3.2150110006
3.504186355
3.208495611
3.53720681
3.504608825
3.335093871
2.764502845
3.900073278
3.153195845
3.393279115
3.184551835
4.07979171773
3.746721125
3.705263672
3.34385986
4.463173135
3.1670591137
3.488348165
2.734270577
3.73156431
3.605626179
3.365173106
3.077128129
2.949371796
3.900183659
3.5426613
3.519698029
3.278554382
3.71143337
3.719094573
3.674788684
3.02306517
2.764313928
3.2974349301
3.700211287
4.184500768
3.760771385
2.528598235
3.583613378
4.072133075
3.3243249891
3.536087875
3.4824407325
3.527793554
2.929180859
3.22041976
4.09796171
3.37217017
3.882291792
3.725155921
3.7275905723
3.592535375
4.174354615
3.514553094
4.07073782
3.915567435
2.948480792
3.376714032
2.962623223
3.499985115
2.942839777
3.216090228
3.1840801101
3.920433135
4.108811155
3.313033535
3.450297085
2.936799745
3.576610655
3.447576278
3.499470908
3.585751546
3.5997562964
2.90969329
3.003930655
3.420056215
3.203654158
3.74248287
3.597282298
3.350157851
3.199006744
3.698829383
3.55674835
3.50163366
3.49270127
3.152498233
4.11452357
3.380219188
3.481846492
3.87081515
3.864251112
3.084601235
3.30023449
3.695621957
2.951413972
3.1558978685
2.91982564
2.90664529
3.35931504
3.59030799
3.31527636
3.815356863
3.051871453
3.52885443
3.39641488
3.2547933399
3.78715405
2.5582504
3.118529065
3.315924195
3.38975038
3.25575422
3.78431179
2.94569155
3.80887967
3.489422907
3.470320439
3.11995693
3.53326696
3.392693516
3.427198596
3.82823534
3.16642433
3.59553187
3.014861559
3.31138922
3.66463664
3.64987337
2.82954512
4.07470625802
3.21909264
3.59064863
3.02551248
3.311305237
3.696624459
3.35988864
3.7679884
4.177543494
3.8003725123
3.013186744
3.920174399
3.63497136
3.034161145
3.19504837
3.11227841
3.79405775
4.22678872
3.573150177
4.466226725
4.158932665
3.155550093
3.828615717
3.1362427
3.143132045
3.211683228
3.77736887
3.31191329
3.18958462
3.526215198
2.86829947
3.54725688
3.78999659
3.57354469
3.5993017
3.135938405
3.174902255
2.8694133231
4.00665949
3.463186429
3.782983257
2.90414819
4.106221162
3.95632431
4.068160375
2.84968673
2.90490085
3.0312438443
3.682210377
3.51291453
3.5929126
3.334748581
3.073347193
3.248738671
3.76191234
3.3345246816
3.378072132
3.8901994705
3.876391942
3.38169397
2.833660432
3.515915275
3.6623319
3.387748717
3.927051022
3.348439677
3.71069851
4.45495353
3.3205899
3.393686041
3.077324459
3.387973048
3.293513454
3.220235802
3.1717719
4.26986626
4.100798402
3.1304507498
4.202555331
3.1253846599
3.284939939
3.753087634
3.3366619349
3.806785896
3.463466988
3.635734508
3.4063344
3.758980013
3.77590714
2.934958014
3.850729312
4.062140378
3.653770164
3.919898181
3.88494077
3.368370337
3.686787164
3.462546628
3.501227828
3.6403606717
4.07907278
3.5402169717
3.37811316495
3.551566341
3.79918761
3.939431862
3.731121433
3.92648203
3.151964906
3.607693114
3.9685739094
4.24170982
3.48263411
3.708248737
3.6004749146
3.5046545113
3.6184427599
3.700221528
3.642820253
3.634651477
3.1877779004
3.753758966
3.1094871
3.437160428
4.093856373
3.87188006
3.58642106451
4.4810932652
3.033756406
3.812907198
4.038759068
3.578129204
3.494471248
3.722418779
4.355338157
3.351644288
3.1169375856
3.010091569
3.52233622
4.170195748
3.5082317
4.036040495
3.254175571
3.431187723
3.552186009
3.986113778
3.76158703
4.2436758198
3.9201298608
3.6887487131
3.7401159538
3.345428563796
4.0243953248
3.3805265188
3.5057685238
4.6169051308
3.8565309098
3.5959619448
3.2260638768
3.0994974072
3.9333566868
3.8074826318
4.0605240458
3.5241429368
3.7098226268
3.0467441488
3.8300679552
3.9198128988
4.347144217
3.5273127088
4.1150846776
3.6621255288
3.9668957218
3.6012485982
3.8406989008
4.0736526492
4.1322073558
3.8509257918
4.1484569278
3.7413980732
4.2046672248
4.1121726538
3.508788095
3.4987867148
3.7449249578
3.9460597608
3.7377686308
3.8091500738
3.3151013228
2.8329534963
3.8165716758
3.7425651443
4.1559550808
3.310200361
3.9016483938
3.7820608058
3.3315011608
4.2053965674
3.3245158884
3.6000191468
3.4272058648
3.4538076748
3.8443929488
3.7459290248
3.4998757778
3.1273270338
3.6492284368
2.8855997478
3.7602578768
3.9299886948
3.7014053668
4.2099108048
3.9755675718
4.3220165718
4.4043097408
3.4540979128
4.4187151783764
3.951632017
4.0620100068
3.8929326798
3.9525276288
4.2386793758
4.0041503858
3.2552338408
3.9445726468
3.5346710788
3.67744636338
3.9497684148
3.4727375768
4.3754327228
3.2807583278
3.9838734908
4.3106764628
3.9164759578
3.9420644998
3.8574034531
4.1308721848
4.4556354138
3.8083447158
3.7641848138
3.6010384508
4.41965441643
3.6355715898
4.3696939218
3.9448280988
3.6877890888
3.9889141498
3.7250720504
3.7597222496
4.1271254384
4.3835257074
3.9938353744
3.5809828584
3.6843360786
3.58140957
3.4547871829
3.308808523
4.1759728349
3.5819498656
3.8374378904
3.7635921096
3.9031301274
3.2549582521
3.8523333896
2.906799823
3.078487315
3.3647120314
4.1841244646
3.3701103144
3.6245970724
3.0825322484
3.4785649136
4.1470253586
3.5079837676
3.0752092874
3.1006174306
2.7429496754
3.7000167926
3.6479305376
3.0875097144
3.5761921386
4.2368855445
4.0342136046
3.5166105776
3.5325215486
3.6629651794
3.1549761306
3.3926216956
3.28406750107
3.6591351766
3.7845073784
3.3942739326
3.5623974926
3.2737004144
3.0704454426
3.6000062966
3.4160786554
2.9785369394
3.4592969454
3.4917254514
3.2832730866
3.2592868586
4.0329327154
3.4839090226
4.1196561896
3.9750419046
3.294983915
3.0294988984
3.3796673524
3.8499459844
3.70704846169
3.7027685616
2.9336065346
4.0585407861
3.3774272654
3.5891874874
4.4300313654
3.7230470102
2.7699697636
3.3817765044
3.5924930446
3.1110888786
2.8695911386
3.7652744571
3.4018412724
3.1459399596
3.2749539304
3.6196946246
3.7129148736
3.9909988034
3.2808931046
3.3682226696
4.0336827554
3.7590947786
3.9014359832
3.0637168246
3.2269365086
3.14821419187
3.29865020044
3.3065608733
3.2621991036
3.1617568586
3.6774606514
3.5753878146
2.7410710396
3.8130133311
3.8431029996
4.238875395
4.00401606
3.611973126
4.432110681
3.101921302
3.51990039
3.341259832
3.362414193
3.513733741
3.67794324
3.079307608
2.981238391
4.445585463
3.6170644
3.9578654622
3.390975606
3.931578509
3.671163471
3.5479226275
3.060680471
3.912249468
4.089754529
2.840042025
3.088680891
2.812643681
3.41774748
3.9162522352
3.319461237
4.445416451
2.367465252
3.501106044
3.533706589
3.139399544
3.472291853
3.449873436
2.888556346
3.584154236
3.622066013
3.6969999666
3.616064609
3.356388301
3.734975101
3.3023549096
3.5865262066
3.711525852
3.8303373445
4.119408332
4.034675865
3.678473785
3.974480696
3.310793458
3.7474610384
3.674155521
3.74059188
3.01374953441
3.791317287
3.752594079
3.613548857
3.651259485
4.068299537
3.260525639
3.520343022
4.389466905
3.7548846219
3.447979811
3.841324357
3.4336451301
3.331911474
3.791462081
3.990881681
3.2979171257
3.764035577
3.61382123182
3.027660739
3.988499002
3.862868041
3.696613571
3.352991261
3.385119726
3.299447199
3.825939418
3.332115985
2.992218741
3.352067569
3.892754061
4.00314155
2.493820962
3.645099109
3.272701345
3.580453929
3.62404245
3.725937815
3.33718666
3.795994786
3.756592088
3.00356955
3.746495104
4.368737201
2.930192107
4.676690321
2.85369274092
3.489113844
3.942719657
3.449218461
3.599653419
3.3961667955
3.47916159
3.746977379
3.689163951
3.169432095
3.6834025766
3.345750254
3.247823113
3.587010596
3.097343264
2.8182156134
3.0441809314
3.118567639
3.869228359
3.372512343
3.031333523
3.147808362
3.792809466
3.177695982
3.799908386
3.230953921
3.90840396959999
3.687581016
3.609507341
3.1514311702
3.7062026397
3.036066011
3.539769709
3.777525927
3.487821983
3.257603743
4.055734629
3.718569721
2.91465803685
3.018836485
3.42148854
3.805138394
3.959373049
3.259320673
3.372234333
3.126255572
4.0343565089
3.787929113
3.445551184
3.889478624
2.8610334919
3.959725383
3.77589515973
3.400316367
4.341872509
3.224971628
3.622239612
4.16687903
3.885310377
3.635216603
3.917356567
3.8849666882
3.280671062
3.314064494
3.2315610153
3.107482718
3.810401273
3.401786983
3.967605817
3.155546045
3.373166538
4.225518969
3.6567071
3.272608666
3.2967774204
3.349063699
3.97604157
3.49547978753
3.119219619
3.565997991
2.920526989
4.15225232
3.659431278
4.425476508
3.432915905
3.822057955
3.612751768
3.691833251
2.518835596
3.175249761
3.935817702
3.62496891
3.842683169
4.050420527
3.233649425
3.767944101
3.438337692
3.379240201
4.097817409
3.613856148
3.852488708
3.9594221372
2.887907905
2.951267326
3.7901062077
2.588827498
3.553744356
3.946275202
3.757849835
3.5315479556
3.471512568
3.861656314
3.832812571
3.942467046
3.7562797532
3.8517976522
3.456181995
3.762096698
3.514750309
3.4382728742
3.5922448965
3.2675414736
3.556291161
4.078161622
3.2269164716
3.439435668
4.3413390007
3.524605065
3.963469999
4.473371851
3.673301316
2.709598279
3.530283212
3.609896792
2.910049225
3.264416538
3.1192013278
3.050565867
3.596632176
3.5897747698
4.644015614
3.009461269
3.205422772
3.3131608575
3.4271120375
3.855842959
3.132041331
2.937419726
3.310131771
4.53412258
3.440258544
4.084112564
3.543736111
3.78511688893
3.0766236488
4.021902818
3.860029227
3.85878036
4.2145695951
3.428982202
3.4765690481
3.954788288
3.62818335598
4.304480125
3.691777582
3.500803476
4.011062697
3.743568132
3.797555667
3.661705374
3.761070837
3.648494399
3.549563896
3.529695716
3.1762296261
3.04918263
3.8109078457
3.090072557
3.830142679
3.336825724
3.792134529
3.365753037
2.820560784
3.323208138
3.375158445
4.174179592
3.521665584
3.91186682354
3.729855125
4.0272712096
4.06120697932
3.643288367
3.606197382
3.716749041
4.313014706
3.872756325
3.386681361
3.442125843
3.400787907
3.833771146
3.746015214
2.626085654
4.231011606
3.043417771
3.339150994
3.0296434
3.072270346
3.742831387
3.2579369501
3.4356323044
3.317136231
3.595986473
3.63844646
4.487751638
3.460160724
3.116585058
3.576747634
3.2137788484
3.5219745706
3.872651624
3.657840924
3.26299193
3.641528801
2.838724534
3.6572569805
3.41726387932
3.6027403156
3.225187086
3.454580202
2.927995129
2.903678094
3.5697965773
3.696531295
3.71183661
3.6572113315
3.244567494
2.870386775
2.953787808
2.922338914
3.504384662
3.151209307
4.144094891
3.309432506
4.076326072
3.3994634666
2.950550626
3.452532284
3.33723261
3.608179283
3.797042009
2.921149898
3.456264101
3.5608138165
2.853287248
3.447625144
3.800807464
4.182801023
3.456578662
3.11632099217
3.053014205
2.973665377
4.306290454
3.561474753
3.311069971
3.908975963
3.266082632
4.021778718
3.27295195
3.482936811
3.187251662
4.238536372
3.451198214
3.973094286
3.655859071
3.827863209
3.76688152007
3.496300899
3.8529158998
3.18961663
3.770609993
3.817528564
3.49002444
4.137844089
4.518940334
2.948602694
3.537128154
3.504581971
3.651433421
3.648912054
3.058182194
3.97842181
3.3003334501
3.904574758
3.671996383
3.5519411245
3.888914664
3.554035415
3.618388079
3.25930919
3.790200828
3.602405457
3.906437656
3.205031805
2.692068256
3.0613785041
3.062209833
3.446436264
3.595650723
3.086739215
3.5872418147
3.616368586
3.2945479542
3.130731138
3.176708471
3.418585121
3.842825629
3.861922475
3.431445721
3.43378485282
3.794410274
3.5850673149
3.65248812
2.993216637
3.239483386
3.3362716067
3.23103074
3.659038325
2.917556525
3.413105515
3.204182308
3.429935635
3.143171305
3.817567035
2.984293726
3.397645384
3.32823634
3.16991651
3.83559044
3.169887481
2.9851272085
3.128997119
3.378438953
3.1630001858
3.236318459
2.858430909
3.268328958
3.498532781
2.90560824
3.601809098
2.8162713162
3.617390064
3.395205523
3.792690368
3.513405052
3.51478765
3.77976594
3.045428123
3.183865737
3.792383255
3.014526007
3.711769077
3.277536356
2.8421468215
3.5307017892
2.979295668
3.21135491
3.005407529
2.66117434165
4.20192291224
3.82202324
3.110874247
3.2627522798
2.970054896
2.7960267936
2.645165335
3.512802562
3.715133455
3.972109097
3.638067275
3.379410845
3.778834976
3.412862125
3.151148034
4.106961085
3.668988717
3.704901898
4.065806127
2.967125682
4.1077040015
3.4679706323
3.5535503337
3.837935137
3.877754923
3.140010335
3.442959938
3.674751473
3.633463299
3.510704464
3.57090419
3.775913885
4.0031418625
3.5427438365
2.9746690095
3.4570411445
3.6774419925
2.9407172181
3.9339622695
3.1771839298
3.0894719239
3.6859652875
3.4531595335
3.0556234095
3.8606784865
3.6470744385
3.3380589325
3.4011122325
3.6704565775
3.3434573725
3.343604249
3.4426514075
2.9906635525
3.1180721425
3.4122054045
3.4050186145
3.1663089805
3.4973298895
3.7522428253
3.7583803905
3.2509807225
3.6715611785
3.3248817295
2.8886904725
3.8226781385
2.8481809335
3.8763123674
3.3369792971
3.2742691125
3.2458939835
3.1107230535
3.9801037823
3.9958966745
2.9943310455
3.2934250215
3.0727370115
3.0763423605
3.0781285406
3.0815606796
3.071118985
2.7513919625
3.3626864895
3.5725091095
3.2375070865
3.4913484175
3.2061381105
3.5415756965
2.8666006675
3.1676608715
3.4760019395
2.9509966475
3.1730477525
3.1893926525
3.9249815125
3.2125661927
3.077994174
2.9440268625
3.4927376525
2.9236619625
2.1378742325
3.8866566185
3.3018572585
3.0988857435
3.1144051005
3.3208239959
3.7850618525
3.3212570425
3.6928348709
3.3131603855
3.2024013535
3.2802112755
3.7921549825
2.6256116925
2.9506625655
3.8260913025
3.7133862465
3.6318923165
3.6631612805
4.0720849705
3.3730091875
3.1432429285
3.8063041045
3.1399913655
3.6829145848
3.756878042
3.3190442675
3.3151078565
3.2769769125
3.1284726413
2.8581254975
3.7197904785
3.54007812037
3.672197107
3.140802699
3.252006991
3.616027079
3.6212562675
3.67723349
3.430264416
3.65242989
3.3083079445
3.370632128
3.11485539
3.406670309
3.97685324
3.23304468
3.751492665
3.4977055162
3.78630563
3.28167194
3.790114938
4.008342931
3.97469210374
4.23578455
2.8542802551
3.5652738495
3.84416529
3.79826317
3.976678423
3.47004999
3.82066176
4.02142199
3.40356359
3.726860392
3.10642078
3.5756734753
3.236753074
4.123377686
3.355423516
4.162337373
3.914295814
3.470819868
3.658283939
3.515801233
3.511369453
3.71359437
3.193041449
2.973541177
3.725306086
3.8375547983
3.884355894
3.49302617
3.9823111056
2.949814591
3.7374323231
3.8379294
2.776198207
3.76735798
4.736530543
3.08823525
3.443066304
3.634390284
3.59846239
4.098640464
3.883321653
3.46224666
3.37428631
3.508216004
3.525870857
3.16475845
3.332735726
2.886624941
3.184371224
3.415043616
3.857803943
3.5422598
3.214280837
3.574757501
2.696487226
4.02476219
3.476795004
3.813413578
3.384369758
2.761679585
3.27294866
3.85398679
3.122742398
3.425620024
3.662634514
3.139851909
3.347317099
3.39727917
3.3018672374
3.72808064
3.571740584
3.387854978
3.732399687
3.70364742
3.380111262
2.6663368298
3.426215022
3.926511142
3.5543840688
3.651103232
3.586938691
3.463630244
3.514067167
3.889460646
3.693665895
4.059094334
3.3643568809
4.099103255
3.3647865359
3.876519859
3.8904514443
3.63223379
3.0931237356
4.031676897776
3.82156907
3.894516969
3.82220029
4.058636083
4.310530171
3.516496576
4.183977396
3.538584535
3.5196933535
3.657769525
3.6735525813
3.544835918
2.6181779564
3.294677557
4.204379902
3.773092285
3.574282051
3.293664397
4.134915332
3.306140086
3.721891155
3.737488686
3.265382073
3.90249334
3.221698153
4.039196824
4.603595443
3.2173115522
4.0529923042
3.837797007
3.0697684231
3.22097925
3.7088373366
3.646821913
3.21135309
4.1209054038
4.135047457
3.794372755
3.659749154
3.32121333
3.714506123
3.132155191
3.1033852659
3.20682513
3.612273124
3.993308252
4.00587784759
4.1961738674
4.317881117
3.4149585088
3.203045508
4.16390957
4.485799169
3.333107129
3.677532906
4.300699031
3.352061775
3.603531429
3.932247609
3.39961891
3.693984751
3.049993075
4.191593566
4.3809269172
3.509446258
3.332309659
3.791774012
3.142752017
3.535491553
3.67957639
3.78144528
3.65515604
3.042803817
3.3486780995
3.709100608
4.07137628
3.74959309
3.898617113
3.752713338
3.514558251
3.3730894674
3.87812927
3.393833672
3.300360472
3.61778264
3.17801228
3.007910472
3.662203393
3.749697026
3.47124607
3.0894493
3.5021174
4.205444483
3.25073679
3.134685334
3.769320333
3.61832356
3.470746921
2.66377894
3.55544695
3.58840307
3.59893233
2.758877265
3.19150919
4.046190557
3.516587417
3.08315213
2.56574865
2.77957899
3.38235933
3.05326264
3.270775746
3.28320902
3.51996572
3.506649145
3.008281155
3.164847596
3.02302059
3.357654547
3.26907316
2.568513244
4.11075057
3.669123216
3.005433954
3.45654419
2.63380902
3.031503039
2.845222313
3.328167777
3.6428079544
2.97950132
3.398843984
3.349382645
3.27549845
4.11802511
3.20270039
3.143107
3.049410765
3.51785319
3.51895423
3.15038214
3.08676569
3.7701935755
3.23531693
3.3193700333
3.5814771995
3.045184889
2.57460934
3.38344694
3.85169336
3.03268922
3.464005432
2.66839603
3.69005861
3.33490324
3.790174233
3.032296302
2.97242058
3.687446769
2.96375565
3.2075926
4.10607999
2.734754167
3.647268196
3.085997721
3.035890515
3.070097434
3.161774272
3.67972942
3.10737071
3.129243971
2.954075485
3.287215855
3.43409622
3.5369747162
3.881496145
3.04251484
3.27538756
2.988725704
2.77560411
3.57018639
2.65243711
3.774613975
2.839712077
4.26159811
2.98956961
3.107359365
3.288174115
3.6661480802
3.40450568
3.812689471
3.6911922906
3.64510702
3.712625791
3.258206293
2.870216992
3.251480952
3.528962898
4.391239914
3.915938605
2.94292815
3.2631616322
3.45411644
3.338051329
4.004019322
3.62966302
4.4336104129
3.572788071
3.79184263
3.73441639
2.644191529
2.990234047
3.9620703
4.06758603
3.5033690139
3.432244011
3.804455375
3.3585326
3.835960355
3.548053515
3.415767619
3.12505371
3.563815
3.907020794
3.835367157
3.208667178
3.971509873
3.706687341
3.35623351
3.655910196
3.294586205
3.861972052
3.982375887
4.151507206
2.786745396
3.323771191
2.80855038
3.30848091
3.18530364
3.8767564254
3.2580841
3.491940035
3.46311525798
3.36742881
3.473872306
3.87705282
3.221340689
3.274446985
4.04713436
3.9644265548
3.591819495
4.33220621
3.066118709
3.042770341
3.636120896
3.836625542
3.127718895
3.57257838
2.815231937
3.704559918
4.070451271
3.40945673
3.52534967
3.83254316
3.3162331932
3.7359565474
3.433746315
4.4252655725
3.618496254
3.84987653
3.615608958
3.66168156
3.147485438
3.662868055
5.153295825
3.68700249
3.568951068
3.783135585
3.265943951
3.6899550154
3.531399339
3.93185669
2.98701079
3.944102287
3.337537999
3.3452740632
3.1246671254
3.2211981747
3.477119091
2.833795299
3.696295027
3.612544543
3.2792711882
3.655124866
3.902288501
2.673120597
3.806540016
3.376521931
3.797557222
3.302730005
4.2256474895
2.990383683
3.097256786
3.049996173
3.617082557
3.075646488
3.114358253
3.742244467
3.5233525524
3.478078619
3.466057624
4.051881971
3.052078883
3.86096343
4.001166976
3.268679513
3.20769497
3.191990601
3.417154504
3.6359400129
3.359177877
3.472628099
3.1850484179
3.4071127775
2.7377231875
3.020149623
3.392868717
3.472650664
3.24073157
3.074252332
3.857524566
3.2677233065
3.092827071
3.138062773
4.033377447
4.345743578
2.978291773
3.970577253
3.5870847454
3.911206593
3.170489352
3.577936726
2.737299922
2.9569980108
2.852152511
3.04913921012
2.912945264
4.170131593
3.870350978
3.909739184
3.308117434
3.312488603
2.992230055
3.65834677
3.991681115
2.572913104
3.384195506
3.226014263
4.380016595
3.813723386
3.856045858
2.994430906
3.20545429
2.680386687
3.328098968
3.172825522
3.399961593
3.083367417
3.261524443
3.018472517
3.78454119
3.142505136
3.338866209
3.713345743
3.075917393
3.141912827
3.129579193
3.892192323
3.171951709
3.330221118
3.379584513
2.828600256
3.264674202
3.31872011417
3.2631264862
3.77951659
3.2166179728
3.363067058
4.7142838565
2.8065508765
3.4652794949
3.4006857064
3.3560667738
3.688098867
2.795299672
3.9734453273
3.138841273
3.287199687
3.234111122
3.368551529
3.525295518
3.452171732
3.838607524
2.76083634
3.310738926
3.7226034119
3.599032875
3.405110328
4.51107817
3.568162353
3.41460399197
3.5238271824
3.001088066
4.033881296
3.373035283
3.178022679
3.4491794428
3.279773113
3.508269144
2.7565977862
3.687989009
3.498975207
4.052671424
3.6239140463
3.515270118
3.883146066
3.269866527
3.519003738
3.678987908
2.93404906
3.1690744788
3.210527343
3.9417527507
3.4009346059
3.990477183
3.33453341565
3.221063711
2.654043153
3.001682463
3.269301279
3.096285775
3.3862356
3.900793311
3.625672387
3.615975114
4.005194425
3.751410737
3.511192684
3.678272417
3.485776049
3.906053675
4.045979878
2.833238991
3.628791269
4.0803579461
3.539552994
4.0349010171
3.604905547
3.7149668009
3.4602465775
3.106114917
4.1073811875
3.235086995
3.3397579695
3.65555245594
2.897585195
3.888040977
3.523295319
3.776503652
3.2087459025
2.976082318
4.751418096
3.874313719
3.1404235598
3.32984547
3.062033691
3.018548861
3.395359345
3.091301853
4.144775965
4.066842674
3.484555574
3.545267401
4.084055952
3.4880893699
3.231101374
3.7149851052
3.345728359
3.557551502
3.625307559
3.60785837
3.4688880615
3.612704868
3.437948095
3.641997111
3.188115791
2.984268382
3.558510958
3.483579345
3.66400815
3.744264797
3.258236454
3.76805533
3.676692992
3.23998723544
3.710845453
3.301517875
3.368518401
2.918066346
2.760587228
2.81859543
2.705931698
3.338309498
3.286232644
2.307433712
3.20902668
3.162966175
3.322401974
3.335640774
3.224507814
3.367899969
3.535865808
3.385717998
2.703383114
3.452850945
3.539678311
3.520541008
4.350137075
2.880736755
3.136056932
3.182936245
2.999207659
2.868201745
3.2810817282
3.066348675
2.987221195
3.386339914
3.492809081
3.0434890547
3.144797748
3.3023860095
3.433502144
3.554858686
2.999520663
4.091564455
3.316069755
3.25357646
3.119685906
2.78326387
3.617045868
3.601350783
3.7798287187
3.926750771
3.1488387265
3.995984375
3.307501909
3.689826095
3.437218658
3.478291494
3.7421009903
3.365629007
3.247962597
2.7721539937
3.281704879
3.156682482
3.427009025
3.813358698
3.067013175
3.747010578
3.69803084
3.408011711
3.048865975
3.11440847
3.391680635
3.531913552
4.180646328
2.9886934242
3.635213428
3.163975385
3.67728675607
3.0457204598
3.269656505
3.335523845
3.421775681
3.302246845
3.142460692
3.0748871983
4.009668031
2.974432342
3.4172744643
3.183089341
3.26512729
3.319315112
2.735090275
2.67939851
2.9533520401
3.08504621
3.207206986
2.859680208
2.976492
3.29019397
3.369721683
4.12019198
3.48390778679
3.972129889
3.59301546315
3.768567883
2.77993262
3.470764762
3.5587359
3.2198148
3.58919062
3.676790888
4.059032315
3.909693471
3.429340685
3.28457219
3.513993573
3.44209738
3.45258697
2.58228851
2.735413914
3.017182851
2.9614204732
3.581936197
3.318445
3.324379134
3.7102305464
2.939268498
3.078146303
3.31273846
3.797364097
3.7129384
3.60797337
4.183138533
3.353093955
3.71622231
4.166190148
4.02623423
3.53087149
3.02491637
3.256578061
3.243850139
4.050508795
3.109943225
3.778719062
3.68004849
3.413741339
3.11150426
3.65705891
3.952106116
3.43499421
3.2330915207
3.16441389
3.6605781896
3.294118963
3.4808984
2.959389146
2.824390723
3.2029185022
2.497500815
3.3036027
3.412887948
3.43159569
3.433768111
3.095659911
2.574379767
3.4847934273
3.819171633
3.63291302
3.60973866
3.635022298
3.25291051
3.47444924
3.2000413
4.120940628
3.31462122
2.998423155
3.3612459145
3.329284585
3.165541243
3.2261883
3.71625257
2.78975229
3.131109729
2.928515115
3.542530144
3.767202286
3.553571362
4.140638048
3.7774994722
3.864910838
3.479774668
3.622015225
3.2261040869
3.767884456
3.390585642
3.950243242
3.727621692
3.710829634
3.580987678
3.658041336
3.572997258
3.628372115
3.619105402
3.863219664
3.896850426
4.294809722
3.625128969
3.876748618
3.520124024
3.934874328
4.025289672
3.9266051247
3.988922408
3.592370338
3.884171472
3.678876798
3.544168233
4.562631378
4.199373358
3.253331648
3.07636761
4.069619178
3.439841852
3.435872069
3.233021568
3.444922633
3.323642048
3.644729782
4.915217562
3.896312753
3.741931217
3.2148579183
4.116781648
3.290018656
3.3422954884
4.362421023
3.444455626
3.525106582
3.918293949
3.955574798
3.831033568
3.829143028
3.695067897
3.322071612
3.720413901
4.419545673
3.946469295
4.083047838
3.619329377
3.620295418
3.110104723
3.34227797
3.763364096
4.206192651
4.364113341
4.216083151
3.696590177
4.490370644
3.440042748
4.113451838
3.417783665
3.644144248
3.780363323
3.849291982
4.010900603
3.715693788
4.262468058
3.908246035
3.640517898
3.2405501984
4.094617124
3.698089801
3.904335514
3.792278788
3.983004638
3.605334543
3.571084027
3.550976532
3.803307826
3.385367358
3.967619868
3.492226668
3.210328083
3.41071869
3.40556914
3.134174687
3.966138322
3.634925218
2.912467592
2.90877366
2.402591832
3.475971572
2.422399702
2.960296999
3.775959546
2.89869516
2.867831422
2.562930192
3.004453922
2.957377592
3.361264479
3.701180011
3.053285765
3.223472055
3.481117289
3.306112838
2.9738971025
2.825481141
3.912830122
2.97113495
3.403075672
2.856857831
3.2691864021
3.209460337
2.737140561
3.050309042
3.316037932
3.059079072
2.987059138
2.681311072
3.073982603
3.153078679
3.132373333
3.193147729
2.387293752
3.218525569
3.528614382
3.2426523153
3.759816687
3.498636398
3.251597678
2.951844713
3.188400234
3.33116486562
3.88383012215
3.316187037
3.430915305
2.797072575
3.0418438476
3.636855302
3.826714278
3.391343918
3.154187533
3.746043982
3.365158292
3.225368468
3.390226671
3.574001132
3.447475552
2.437858973
3.368303781
3.190213937
2.854653002
3.311117725
3.213334529
2.745364206
3.421670232
3.771281306
2.820279522
3.059483702
3.735400582
2.982192112
2.818826707
3.0633330284
3.289209462
3.592613422
3.282122831
3.325797802
3.4443963827
3.046164349
3.334962707
3.189935478
3.193254798
3.296283785
2.927703519
3.752189277
3.317414113
3.788034064
3.069092182
3.505181726
3.000837736
3.321081428
2.669099691
3.135652328
3.092163202
3.829207904
3.2061356635
3.331932265
3.87271872
2.6267805606
3.614787519
4.102678522
3.119982235
3.116795081
3.241973185
3.393822253
3.3958851262
3.337406961
3.116520414
3.438470234
3.725807325
3.612814288
2.655541993
3.418598187
3.1142902186
3.606629506
3.502968876
3.332258871
3.53067547
3.146054849
2.8442700875
3.119706244
3.86327728
3.319640109
3.487957684
3.49800487458
3.892075001
2.942627596
3.052343166
3.226478305
2.7729605267
3.253271823
3.393386478
2.984764917
3.140176181
3.588963709
3.9207320216
3.0243080696
3.509923279
3.807694945
3.380582941
3.241675045
3.107235381
3.196868541
3.5711535
2.993520684
3.365643639
3.6503211
3.256361875
3.854737956
3.373681874
3.189127025
3.108682278
3.775244104
3.295914389
3.5469697224
3.696614658
3.32746204
3.193449108
3.965258134
3.830320883
3.263411663
3.253504637
3.37494986
3.256130519
3.211823132
2.611505818
3.619882735
3.031227227
3.0959979472
3.219376352
3.054231037
3.557347815
3.89129827
3.3002104942
3.45075822
2.6409012031
3.30009418
3.813518866
2.247709346
2.754606388
3.817816378
3.668806458
2.703834141
2.9071076216
3.685736343
2.871503753
3.487212597
3.292132128
3.3597610006
4.057767851
3.17879288
3.9104470748
3.312697232
4.01746754
3.69440905
3.6859602445
3.66790887
2.890063476
3.554827678
3.305980765
3.581524992
3.152461403
3.768746651
4.100893239
3.47083985
4.018271684
3.334323868
3.1672240216
3.4754997672
3.395689358
3.5303311474
4.24826444
3.502539819
3.151759934
3.290166712
2.909166953
4.238933674
3.774405624
3.266134442
3.261680564
3.169319664
4.105206114
3.610859346
4.208505489
3.013869103
4.002713609
3.477230762
4.112803205
2.7701326945
3.828626574
3.690881914
4.078707595
3.477650257
3.523239334
3.020112065
3.806376975
3.538831394
3.426231802
3.01761314
3.5937282112
3.750217944
3.260880492
3.648442586
3.10012705
3.357734326
3.685113945
4.576842769
4.157357511
3.008160144
3.4227961605
3.542549563
3.210440914
3.754537944
3.420109994
3.457419321
3.222532935
3.65282803
3.612884012
3.619218362
4.2270408258
3.235451749
3.05040907
4.145241306
2.786253289
3.854796468
3.698506834
3.0741215934
2.903762988
3.09514794564
3.157126324
3.505550894
3.56822423
3.262550624
3.843128694
3.413237784
4.00141252
4.1898179871
3.521994519
3.664654514
3.282249536
4.058172634
3.562153431
2.9300113226
3.432236304
3.4779516563
3.46057549
3.504943256
3.784817117
3.294168382
4.147746176
3.225509971
3.336819426
3.47195926
4.08352675
3.306900345
3.598134319
3.321084286
3.3555317528
3.51617011
2.810627482
3.209913689
2.56354533
2.616647078
3.06319651
3.275838789
3.493434999
3.427479827
4.00091208
2.68950598
3.3612025657
2.833915692
3.198796331
2.85518268
2.899565988
3.10960227
3.14259257
3.48460592
2.8429906273
3.356750873
3.0621402659
2.675969502
3.572680649
3.757313241
3.899473917
2.99191311
3.173854
3.144501295
3.075198468
2.9165649
3.431812321
3.459799809
3.0329512159
3.410435674
3.553485712
2.584980686
3.0654997975
3.34945613
3.32099786
3.088441421
3.522010795
3.377875435
3.38852138
3.3366940664
2.95124661
3.625985335
3.107618002
3.035668098
3.883730584
3.009905588
3.457973994
3.76366818
3.718175984
3.142670237
3.388138779
3.067457899
2.875591842
3.5119952
3.35589572
3.408136327
3.252933196
3.5894004643
3.652939605
3.047441527
3.133629682
2.713788953
2.981636537
3.641982742
3.740489418
3.709735189
3.2003624287
3.12431987
2.876720417
2.956727909
3.649045639
2.658487455
2.937486111
3.209143846
4.1361874306
3.360313039
3.529344054
3.621546406
3.601807475
3.5759220716
2.90023169
3.357000699
2.987399215
4.039383764
2.8304680554
3.749914309
3.601547877
3.3563881117
3.234764423
3.545165597
3.204604574
3.357877125
3.3797142681
3.791801296
3.583563107
3.504209597
3.668111587
3.140294168
3.103736322
2.91822328
2.84757623
3.225508677
3.52754948
3.402905637
3.380931149
3.375742468
3.422336198
3.213362087
4.166405513
3.139734497
4.117034293
3.098584237
3.7998561194
4.200291087
3.453662203
2.932032523
3.320743258
3.276294427
3.616508487
3.558695645
3.48224793144
3.797860627
3.2841095639
3.345832688
2.817332481
3.842181272
3.045680857
3.241777903
3.985339113
2.975719217
3.481028423
3.246849957
3.348758012
3.153546947
3.86601610139
3.200860014
3.437803147
3.438929345
2.876193117
3.506848797
3.527325911
3.413138883
2.984356157
3.506867046
3.600081902
3.173627365
2.869362783
4.055099727
3.789487823
4.080776167
3.641440863
4.346805225
3.317478432
3.1782758027
3.518126613
3.420544497
3.69029061
3.494525937
3.349527503
3.677262233
3.049104203
3.079272773
4.139570325
3.803825257
3.243657508
3.609674867
2.9965618351
2.782755394
3.095586941
3.3620665782
4.099030557
3.395292356
3.181851835
3.458927777
3.230076802
3.098241467
3.340398983
3.434778769
3.181788117
3.295396182
3.220346517
3.226592619
3.200101039
2.851886228
3.212162049
3.647373877
3.314567867
3.7888568401
3.3995294838
3.348344565
3.790479801
3.113154995
2.581627486
3.365695252
3.453322192
2.811592241
3.343505591
3.378847056
3.145332019
3.628785931
3.310761439
3.351597293
3.100177285
3.37537062468
2.802599795
3.153295423
3.208672798
3.731727989
3.4470452445
3.1351048929
3.60248624
2.807121737
3.640896847
3.041898781
3.326927856
3.525887457
3.745955011
2.857106923
3.4045240713
3.647134941
2.763941005
3.1296585667
3.701564284
3.363393513
3.016892208
3.404240922
3.483534683
3.3537563958
2.878050608
3.516095708
3.143216181
3.435704143
3.3770191394
3.196336497
4.0342580839
3.699543964
2.926567495
3.250742551
3.656106687
3.030828373
3.2725136005
3.316598659
3.585072172
3.255794383
3.052703783
3.3632061577
3.4043549406
3.247976051
3.512356412
3.108480791
3.190744929
3.389680033
3.491601915
2.7338657102
2.8648739553
2.970830445
3.869256671
3.795909379
3.537918957
3.933870894
2.973793522
2.665586631
2.94073009
3.340596196
3.932259726
3.310233043
3.342552476
3.317711347
2.981976251
2.89098559923
3.85908306
3.111190031
3.43135195
3.305520944
3.85166916
3.21715465
3.99878937186
3.821541597
3.041977725
3.244905782
3.526865093
3.8848959469
4.2586729116
3.909698075
3.073779576
3.10537479
3.8131851965
3.82548210133
3.564951575
3.375130624
3.484914661
3.15611006
3.443820436
3.244358329
3.32013812
3.13501404
2.924309435
3.330814058
3.873752911
3.225125208
3.456646832
2.876869678
3.360001138
3.5765690486
3.494063451
3.708035235
3.647535577
3.458051105
2.622438778
3.2200423294
3.089827168
3.711258213
3.006450566
3.8589023411
3.3982441267
2.682706202
2.749864847
3.020610261
3.403134621
2.691262195
2.986611011
3.557078595
3.749840601
2.69699573
3.0413725404
3.5668484436
3.659708035
2.963313795
3.073912955
2.660174395
3.404432178
3.333821265
3.510076673
3.246516229
3.308509689
2.886782892
3.516574857
3.032798965
3.159130575
3.134251573
3.583008914
3.098715536
3.537066055
2.768508865
3.2355657196
2.544443985
2.8143746013
3.171282805
3.668750984
2.957511985
3.0946088
3.51665742499999
3.942397565
3.142667768
3.493042413
3.145615038
3.237631574
3.0945580458
3.795216025
3.054639623
2.8284858586
3.542548825
3.17742844
3.7525987247
3.376450325
3.418054615
2.9077684422
2.941500228
3.293995154
3.231624615
3.339001715
3.384777265
3.042761586
2.7894598349
3.471088566
3.608023426
3.530091745
3.047113195
3.568873419
3.0500001539
3.375998605
2.913340672
2.726744915
3.503660189
3.216836375
2.87357553
3.332717927
3.295686475
3.284124744
3.691364561
3.667273731
3.247331301
3.429564716
3.481730651
3.4875115685
3.260596608
2.94272165
3.211877686
3.255937959
2.772945915
3.152762132
3.3050330215
3.774403169
2.6777735253
3.569870382
3.256772591
2.904609346
3.237777866
3.485308741
2.904382341
3.654600261
2.6807189301
2.842622711
3.296006231
3.228654168
3.2918906
3.610938779
3.080791821
2.849866864
3.513548157
3.661766005
3.21348012
3.4378978953
3.475464081
3.273064866
3.425896251
3.084967125
3.306694711
3.629587296
3.2331526
2.771140661
3.564349004
3.38104811
3.071703259
2.664495246
3.216142695
2.6324235635
3.3421181455
3.135237779
3.306988001
3.765794101
3.293356738
3.1165475443
2.957930201
2.84366756
2.77625288
2.994068576
3.229830246
3.464257032
3.161460711
3.71123348
3.424309931
3.200491961
3.043294291
2.881713641
2.975710946
3.109533463
3.30314017
3.707176822
3.452237841
3.214393351
3.099260216
2.989496794
3.428691511
2.831028096
2.921865326
3.1734655795
3.429841352
2.980930741
3.276438537
2.608925037
3.269598626
3.355618786
3.464546789
2.685783701
2.660597738
3.3443949341
3.381540396
2.911427981
3.029229081
3.119800091
2.788937312
3.115065041
3.319197254
2.877765371
3.352699623
3.037854476
3.387869663
3.139753417
3.245202487
3.396299937
2.800296706
2.673789014
3.288669435
2.84081728
2.587151532
2.649508927
3.429398667
2.9635706358
3.729173577
3.72895942
3.868468187
2.670083534
3.114147
2.775860513
3.13141969229
3.059646262
3.17542097
2.59600335
3.150947255
2.73202821
3.252942367
3.185620019
3.294409097
2.870887288
2.534221212
3.2068861964
2.809119611
3.477096917
2.407152447
2.993439567
2.746295537
3.187194347
3.096408385
2.778701217
2.642979766
2.936446717
3.304351805
3.369608514
2.354051857
2.653754064
3.532028927
3.040085312
2.947875407
3.592625319
2.896061847
3.466789592
2.490819577
2.488825229
2.855718167
2.848717164
3.126006797
3.043934307
2.748064017
3.370309579
3.175277683
2.6353348716
3.378291167
3.028303383
2.824077667
3.385026491
3.254021787
1.8935095258
3.118974857
2.789300922
2.6455757014
2.602305421
3.628119429
3.45441446
3.125233752
2.901515839
3.175448487
2.683993177
3.264679191
2.947052549
2.978770117
3.317276887
3.316817225
2.83139183
3.164924383
2.917777837
2.728807443
3.3682478559
3.402139227
3.614731057
2.610307437
3.360997467
3.133685417
2.591622457
3.670305384
2.983082007
2.683939087
3.132209677
2.913689383
3.025483387
3.061236057
2.392637357
2.931525507
3.529308335
3.347350887
3.113020956
3.094464553
4.025143839
3.727925787
3.229622056
3.793512901
3.287174141
3.104261779
3.73747558
3.1447730895
3.183669417
3.476862457
3.162484163
3.893877551
3.644113229
3.159690628
2.576024361
3.512979836
4.355468259
3.200066423
3.338546445
3.5401588837
3.806383423
3.672605973
3.387052003
3.552968941
3.4735544284
4.073097397
2.608684203
3.504474481
4.191180073
3.265287174
3.554561301
3.43909725
3.1703963304
3.986255143
3.525304943
3.556800369
3.543938099
3.99410342
3.681321727
3.6322369227
3.226112587
3.06378258
3.62694146
3.366346331
3.5107689876
3.756903951
3.026607814
3.325321309
2.814833128
3.738615997
3.686330089
3.49714559
3.491758737
3.625688591
3.550342683
3.653252997
3.154306231
3.310623097
3.164402418
3.620083043
3.355068302
2.866377747
4.002166211
3.944854496
3.095590472
3.448933923
3.396947031
3.470268249
3.467450882
3.47124599
3.574656098
3.437838903
3.2641662939
3.196669461
3.313279613
2.98845975
3.377474701
3.449858316
3.317396139
3.324779209
3.332920979
3.333676601
3.501554286
2.7961673894
3.913635631
3.3002961069
2.96713269
3.418884745
3.163867322
3.3232047415
2.990544159
3.405652302
3.150003252
3.215613431
3.313560317
3.522725549
3.302091235
2.861494618
3.3108702623
3.300467725
2.77400286
3.325298703
3.941668112
3.313756289
3.384232853
3.494502442
3.179567985
2.792954509
3.026123175
3.4263933
3.038931083
3.65984301
3.701888811
3.33163624
3.0691894562
2.930303945
3.731497908
3.0374953443
3.664042307
3.676841653
3.176426458
3.326211003
3.189075253
3.175099932
3.380675225
3.202908222
3.465313289
3.110727203
3.959180035
3.285671274
2.9823129403
2.762069863
3.255561213
2.556502972
3.377025377
3.3976354236
3.379953898
3.669638663
3.369961611
3.32898952
2.902346305
3.614513357
3.457760024
3.02613008
3.0768166578
2.810430122
3.075261602
3.257372541
3.5365972805
3.626097415
3.392705772
2.861470585
3.3604555
3.430714355
3.340458678
3.432470473
2.808665747
3.359802145
3.5571527395
2.8850039155
3.479865971
3.371826755
3.018707305
2.95696742
3.662225084
3.160033197
3.111807223
3.06460052
3.874348213
3.312783858
3.16916346
3.7435261145
3.534540919
3.298644665
3.679861183
3.4592819576
3.338287221
3.588089166
3.410104333
3.868086066
3.316091288
2.934725689
2.982198304
3.336453238
3.009749955
3.188654472
3.02468891
2.888683512
2.8939046209
3.134797333
3.4039344144
3.331730705
3.694509465
3.658205135
3.425907905
3.03861165
3.10013158
2.67683122
3.37098047
3.421095949
2.652830446
2.68974974
3.378686615
2.953798253
2.8620602325
2.769244471
2.79061793
3.381129975
3.026862383
3.150260172
3.675329451
3.323135977
3.000724385
2.74794449
3.095702729
3.710477326
2.7122311279
3.036799266
2.93697292
3.299991975
3.270471381
3.540408998
2.62061667
2.714432784
2.619031055
2.901574245
3.42516404
2.97699206
3.109309744
3.0351086
2.781212277
2.85233009
2.501754882
3.142351125
2.976024138
2.781849892
2.65821463
3.45080729
2.60075482
2.8063200626
2.545507568
2.65316574
3.052390029
2.959697685
2.475425418
2.59408104
2.86438483
3.258963153
2.9356335
2.947853468
3.014450919
2.62498704
3.587571448
3.238561075
3.18992245
3.15954076
2.820919889
2.94342419
2.93750069797
2.86705948
3.109640359
2.815387037
2.91375015
2.780652178
2.642785973
2.72553457
2.564943973
2.668413753
3.885976588
3.131911898
2.858053071
3.064082143
3.421512809
2.98807918
2.84597080976
3.20039024
3.0697500171
2.54241046
3.339654396
2.529228543
2.421194125
2.55424632
2.870610575
2.91242112
3.678274595
2.819850781
2.947202255
2.55040459
2.943237115
3.669109115
2.627798074
2.704634201
2.75528399
3.173166215
3.26871831
3.05930033
2.44492992
2.813443525
3.327313138
3.138587749
3.145746135
2.66546553
3.607639405
3.432635887
3.0940152855
3.377488359
2.893487349
2.9267037893
2.874194995
3.088214885
3.103197542
3.286988335
3.166222798
3.203260685
3.319114531
3.392370705
3.276262206
3.274708388
3.115169684
3.217872432
2.857378763
2.850646639
2.601567395
2.851627791
2.912043414
3.205347255
2.629065995
3.8713264427
2.221268292
3.457220595
3.355384405
2.934287535
3.051507158
2.796184985
3.104228469
3.192941295
3.4596750832
2.591985155
2.692028095
3.250637667
3.380925789
2.953641468
2.710061264
3.255105321
3.139990725
3.106556524
3.189052002
3.155674106
3.383459315
2.943736301
2.696312026
3.367674825
2.612771018
2.970537605
2.9825673461
2.603467155
3.135944008
2.567665091
2.995409535
2.746230281
2.806825991
2.833448013
3.203064155
3.076266896
3.608336545
3.502174705
2.993296175
2.952069739
2.789903704
2.476743225
2.958510332
2.838073615
3.192244834
2.858692279
3.439667032
3.418746134
2.744323973
2.924984274
3.185856018
3.194096886
2.881160065
3.245799505
3.1982961872
2.752848895
3.1862180182
3.680249831
3.0480069416
3.314839115
2.4578603771
3.44821523
3.012817843
3.613398915
2.808888141
3.1652623104
3.204523373
2.888085361
2.868099855
3.501902237
3.339482304
3.520539399
3.05842694
3.245763628
3.590469141
3.41860146
2.680265434
3.636098155
3.437834351
3.169449575
3.463888502
3.357730119
3.380910061
3.495586094
3.0468419062
3.448321501
2.894313925
3.167147971
3.246722068
3.981546312
2.5923946631
3.084264571
3.416976236
3.38058327904
3.2731155309
3.543856571
3.282312103
3.3868533696
3.315983816
2.482626551
3.189629996
3.220820135
3.5459829545
3.661829595
3.526218444
3.379264685
2.895236207
3.0690826838
3.177830482
3.569057371
2.913281278
3.297758663
3.015636328
2.8628889505
3.610201714
2.910100013
4.503921481
2.975798543
3.3037931225
3.70256406
2.833776154
3.182822362
3.662620139
4.492396661
4.261423265
2.882376661
3.426297399
2.805879957
3.596773286
3.355478432
3.048235883
3.185256161
2.992259301
3.441343273
3.319846924
3.438210521
3.59862836
4.038051084
3.594680679
3.090587554
4.030703733
2.5166519943
3.374792234
3.3044851964
3.097029475
3.314794781
2.970085055
3.868798526
2.914313942
3.011898877
3.1737535837
3.527720261
2.9837441024
3.27128814
3.106254595
3.575618606
3.1128393386
2.691795342
3.24353227850001
3.548672831
3.400965161
3.507464585
2.843723085
3.096316501
2.887100243
3.254526035
2.928050165
2.944153009
3.2837293158
3.642374393
2.939109038
2.994682979
3.6198771307
3.139895366
3.220171915
3.829497132
3.481830538
2.966224382
3.543082901
3.445236818
3.767967973
3.487565362
3.400497313
2.867906618
3.767721443
3.069614141
3.455391063
2.989841522
3.317621516
3.095779781
3.242167758
3.535651025
3.4149105
2.9906139451
3.232108878
3.163326315
3.714172223
3.203916502
3.6673912874
3.61292687
2.925885756
3.512454473
3.416179901
2.9612238
3.65866211
3.253560378
3.443360625
3.506040383
3.678702228
2.528864387
3.358278524
3.20428949
3.03013043
4.063087378
3.387288576
3.795201184
3.00657708326
2.589570507
2.895043754
3.468104668
3.155082265
3.730159541
3.9282477
2.973002258
3.409835747
3.5292210085
3.174111016
4.184919108
3.855261588
3.558871415
2.87704461
3.735019967
3.835060108
2.849166904
3.064368368
3.231216254
3.8742479343
3.298613653
3.0266841927
3.448474979
2.774913851
3.481379442
3.894113962
2.701810512
3.793337776
3.310652238
3.365603759
3.662301432
3.043029063
3.2939272423
2.875835944
3.029343582
3.441201442
2.664657522
3.635091068
3.39427403025
3.474350296
3.732277078
2.9646178212
3.294276962
3.193538589
3.595667363
3.724314276
4.018959346
2.657343968
2.94233287
3.6223670098
3.386529395
3.168707036
2.52616495
3.427051025
2.94816127
3.0972434252
2.67590728
3.251522009
2.31008873
3.1353959
3.548893758
3.01850631
2.62890264
2.96283643
2.47825567
2.848859942
2.85486405
2.958110998
3.13720394
2.79049937
3.162006393
3.277579777
2.522972207
2.7421387
2.820226818
2.631482346
2.5455615389
3.367487325
3.462333579
3.089101321
3.162712283
3.22288911
3.11011904
2.848165429
3.398692
3.26243549
2.59063422
3.22203277
2.963450883
2.349943381
3.019469771
2.88532854
3.27972418
2.9710254
2.291230106
3.125662067
2.847618228
3.037771117
3.05368043
2.76831245
2.55361386
3.30682045
2.67794444
3.115651296
2.97756587
3.27511909
3.20319933
3.224067877
2.94407566
2.83058782
3.246840351
3.42559988
2.91491126
3.0941207113
2.649515313
3.09410542
3.03225203
3.5273441143
3.06983188
3.034319528
2.89680917
3.008994216
3.468109604
2.724014518
3.19384014
3.10669962
2.92781418
2.92963011
2.785559115
2.770712174
2.47349917
3.31412324
3.41344805
3.011772656
2.900928945
3.22676918
3.200023138
2.5838388467
2.616898092
4.05703069
3.416970154
3.14055348
3.326274812
3.1552599474
3.118900053
3.52860795
3.020744675
3.01620003
3.1225966804
2.97954246
3.310132597
3.258911929
3.663330434
3.557425873
3.61292236
2.863652031
3.371623267
2.94285392
2.879910071
3.54279041
2.97327247
3.324139112
2.949732703
3.860728795
3.04423934
3.10536323
3.67211128
3.0671349416
3.5825304515
3.5768861402
3.764472613
3.494350691
2.903614942
3.61339145
3.216276456
3.141255438
3.457128661
3.43445086
3.16153666
2.965173262
3.227070387
3.19801692
3.37874798
3.680640692
3.521643678
3.34890087
3.281172607
3.438592758
3.236967135
3.33044806
3.047947649
3.345885636
2.4370502
3.10550446
3.313537445
3.3878498717
3.362460331
2.68367121
3.1434443
3.810158613
3.803869662
3.610062778
2.85161559
3.411879628
2.67167757
2.89415635
3.090994975
3.91782095
3.64113315
3.053216332
3.840513643
3.66738308
3.88176211
3.583441282
3.30922438
3.53065319
3.203564052
3.275424216
3.77782815
3.02707259
3.498053974
3.166397152
3.0312143
3.705245453
3.74593991
3.3390613397
3.18232131
3.189582853
3.570662771
3.202024375
3.82502151
3.63774164
2.79675518
2.965801879
3.516674058
3.2715116125
3.83470248
2.78913608
3.821670543
3.589389871
3.1417130218
3.358459378
2.798651985
3.859607128
3.179584519
2.85274743
3.22592301
3.04972288
3.443927784
3.22050625
3.7414518048
3.048581882
3.2957449415
3.049270034
3.372578867
3.366963303
3.4872083453
4.464469406
3.54134931
3.610705762
3.369401158
3.655347177
3.23527677
3.611683298
3.604342953
2.839542488
3.77458834
3.929975987
3.316302887
3.01266707
3.668498087
3.16701615
3.583174526
2.904582833
2.85639436
3.883209635
2.879902375
3.70328404
3.656951563
3.64005567
3.696338882
3.56754287
3.43528888
3.55150239
3.351299167
3.14473545
3.558617065
3.417904578
3.557144222
3.34186406
4.146216118
3.432833638
3.381786513
3.4728536
3.921467924
3.45597699
3.948647476
3.266264121
4.0967439418
3.621262423
3.684536876
3.23347767
3.71307227
3.72132403
3.294611825
3.151475148
3.80411696
3.23122793
3.20129317
4.13547414
2.987875976
3.12138889
3.543813841
3.09341695
3.858511276
3.61899167
3.42211406
3.287483143
3.219154379
3.135586038
3.30398841
3.785575429
4.586618076
4.592134635
2.92506703
2.656471
3.95734304
3.588977775
3.286048101
3.1390691838
3.450664831
3.376444632
3.44570871
3.835679251
4.13609028
3.757489151
3.119068919
3.60847937
4.094422393
3.762541464
3.399358825
3.9946653571
3.358765142
3.75656163
3.22536373
3.552829969
3.906915095
3.5075345104
3.342558359
4.220897705
3.10138166
3.1907024991
3.1587786218
2.726931847
3.346359658
3.867460581
3.612100217
3.246424343
2.833766429
2.7674349804
2.650141762
3.007502484
3.356020503
3.034057441
2.518227531
3.350456613
3.225718531
3.36111561
3.7624638213
3.129527671
2.650536532
2.56230004154
2.949902301
2.888421201
3.463552611
3.3636520925
3.257750876
3.3173499623
3.429140214
3.063366144
2.83344274
3.719537021
3.20931746
3.0421412045
3.2012402552
2.738656226
3.0851267624
3.140724791
3.37120808
2.740515842
3.807625501
3.024216751
3.822526401
3.051832259
2.950146425
2.70800016
3.042700655
3.230124191
3.257728544
3.93833691
3.456268778
3.294604479
3.285924486
3.306851097
3.24903511
3.0436328
2.848791459
3.121047479
3.082296257
3.072418073
3.262005726
3.7633489464
2.81640306
3.187151061
2.696040726
3.254235641
3.144282499
3.284251133
2.892194599
3.6397261986
3.227335197
2.981918625
2.91830696
2.979559231
2.4251804705
2.820326708
3.331453274
3.4166933052
3.167779807
3.068627001
2.8593560049
3.426899099
3.514992424
3.352378335
3.289791861
2.995890343
3.323186127
2.923422069
2.660549782
3.683525841
3.252263441
3.201670991
3.029618069
3.000656596
3.19195103201
3.111495775
2.919884241
2.862132011
3.243435611
2.7740037648
3.069212032
3.359816411
3.080052936
3.437725669
3.614398809
3.251095322
3.263599817
3.971273291
4.343069591
3.824736181
3.139658936
4.058991446
2.717852241
3.9083434008
2.715236487
3.449389139
4.315723835
3.194924826
3.171270499
3.751270119
3.175143443
3.674295568
3.411564424
3.488820425
4.160791011
3.1619983887
3.331689271
3.375881046
3.86989523
3.760713827
4.459179601
3.933214169
3.626730341
3.361210893
3.969627061
3.538522
3.565815209
3.544554188
3.440933661
2.711137949
3.88243020254
3.747040093
3.325813011
3.137874027
3.535956721
3.711330805
3.064421726
3.210063374
3.698502915
3.778186002
3.31758444
3.698001933
4.057983111
3.590023838
4.065138334
3.517875511
3.592999261
4.032826929
3.686971771
2.94309032
3.25447704
3.9020500368
3.444614051
3.056385541
3.319290561
3.276265639
3.444936001
3.253896567
3.447902031
3.625013652
3.205171536
3.616729203
3.9462778956
4.101716581
3.627619901
3.449233381
3.331202648
3.862915051
3.2755436224
3.70678191
3.105983148
3.81812094
2.920473041
3.526554428
3.6241785614
3.558902934
3.1355880177
3.591544787
4.084224503
3.0612631562
3.49026001
3.600815085
4.094154823
3.733436875
4.748686765
3.825230911
3.8087331877
3.23591713447
3.690117396
3.713820759
3.688676159
2.457776191
3.220548674
3.410926386
2.790883533
3.3000075129
3.3370215002
3.089603777
2.929694553
3.632481599
2.995600231
2.606479815
2.94038707759
2.857533786
3.262067778
4.4898898123
3.577443046
2.738836476
3.1705861128
3.145439109
2.916230693
2.8229116611
2.850782046
2.662741419
2.469689599
2.8298197967
3.098850097
3.491148154
2.88981677
2.958691291
2.782406149
3.04947007
3.182577207
2.417665319
3.160682611
3.48003398
3.270239473
2.38337167
3.434191429
3.28118114
3.387312538
3.408502281
2.854189162
3.455850929
3.186991574
2.27128999
2.864756196
3.539679232
2.6486803231
3.018616211
3.802084769
3.256083084
3.157378531
2.8579541053
3.052171159
3.071719132
3.258028874
3.013645688
3.51446304473
2.6170203612
2.984537881
2.8413940809
3.231860181
3.41269086
2.910196355
3.538307823
2.684114969
3.26902800607
2.579766381
3.268217499
3.393747041
3.182502481
2.956389065
2.647320793
2.289484864
2.872268873
2.582354903
3.1493439606
3.400326282
2.968837243
2.931586573
3.111574044
2.972256035
3.146608557
2.769142339
2.779782944
3.537292912
3.393442756
3.072324533
3.133244087
3.0048105282
2.947938658
2.764057752
3.365465194
2.90603728
3.177823066
2.7348672366
2.679848285
2.7285649868
3.1027370328
3.228028642
3.0550031899
3.6702622199
3.7901695199
2.8011878998
3.2704071439
3.8202731791
3.0007119711
2.7996458559
4.1226524999
3.8099645219
2.8342469521
3.3719179001
4.0078072209
3.42729505841
4.0782057649
2.8260470399
3.7896946369
3.6301474301
3.7317637229
2.5770763351
3.6770774661
4.146642688
3.6936559441
3.1927449869
3.5078436911
3.5603599001
3.2223519115
4.0745280999
3.6066375469
3.5086432599
3.1706456619
3.2446467839
3.7614645589
2.6671745001
2.8981177599
3.0792534899
3.8534994499
3.0789984899
3.7387989601
3.1949215721
3.0915781411
3.7825796851
3.5378708081
3.4140404521
3.0752743229
3.7765078499
3.0267838281
3.5611645259
3.8820051861
3.2951120699
3.4066502119
3.0188673049
3.5188939521
3.1689682589
3.9220828621
3.3339974999
3.4453643999
3.6700068421
3.7497393876
3.5497296011
3.6362566899
3.0911840261
3.3790250399
3.4216889499
3.5550303519
3.1157203371
3.3788055211
3.4725140801
3.0366370049
3.9254667199
3.77753765989999
3.2081357589
3.4605003999
3.5155648671
3.9535927629
3.9620836829
3.1306645759
3.0014490469
3.5759949699
3.1997789009
3.3910538499
3.0648595779
3.8210886511
2.9745692521
3.5433377521
3.5623857871
3.4772838039
2.9836313081
3.2780703041
3.5883481721
3.6811592921
3.7013769789
2.9631971199
3.5258711259
3.4183081891
2.8465867399
3.5107215479
3.3192450681
3.2649196759
3.0983208431
4.0703710291
4.00420103
3.02232905
3.311403458
3.8755733
2.94748746
3.0021673426
3.511193447
3.13075086
4.09625144
3.150935363
3.6921602187
3.884785856
2.67163891
3.18747203
4.00178969
3.44610499
3.113649204
3.795892479
3.580893242
3.31696327
3.34892154
2.9761179
3.568036749
3.909190503
3.420286356
3.99551668
3.926612919
3.986318542
2.549538643
2.865060865
3.770295167
2.946426967
3.47057692
3.55654435
3.636028824
3.446213164
3.197288387
3.3004703437
3.025391693
3.276214871
4.065353954
3.07560816
3.65856627
3.301026257
3.49399099
3.88718059
3.935161822
3.61153105
3.86056863
3.10287317
3.150118846
3.6053595
2.963400489
2.862615955
4.08425453
3.64404972
3.523603766
3.695548043
3.82948269
4.1802912729
3.11220364
3.924368741
3.695460145
2.844196245
3.686204127
3.448180599
3.227706067
3.6082703195
3.6989787673
3.6053405
3.301203358
3.764004407
3.936840949
3.72013019
3.74576085
3.80927319
4.060647708
3.24397918
4.394238263
3.41492125
2.710657253
3.805040595
3.506409337
3.85993713
3.877610386
3.783482556
3.3397326693
4.116638049
3.460327016
3.722330779
3.274412868
3.281410604
3.536771726
3.547923625
3.513356528
3.476751868
4.491194421
3.763900946
3.679122079
3.981938467
3.150567018
3.560334756
3.257866726
3.905367711
3.353520895
2.950022978
3.595314905
3.68721662937
2.993362532
3.515602628
3.505307236
3.780217985
3.292727056
3.638405215
2.502261984
3.276334272
3.73430274
2.833850906
3.328465699
3.09854031
3.4862764502
2.708575321
3.664511621
3.040452464
3.146617558
3.325235406
3.526664251
3.02294618951
3.877833315
3.817384562
3.478789701
3.399841771
3.799511066
2.951098109
3.586464676
3.370836296
3.532569321
3.7797765255
3.087352428
2.801578042
3.856652228
3.6565461334
3.653028571
4.465270278
3.174874255
3.487398286
3.339026956
4.338274747
3.395698712
3.857586456
4.375298135
3.801495456
3.702427551
3.1510521732
2.96303041
3.106631214
3.144807184
3.847729444
3.443665086
3.782945211
3.493574415
3.951403626
4.038022051
2.815829501
3.686835661
3.534639974
3.563789046
3.644461875
3.954486732
3.747029568
3.195889596
3.501059376
3.600700192
3.226573842
2.9512280455
2.780255014
3.805671628
3.765645787
3.0174587765
2.85913136
2.976907908
3.870667193
3.380274798
3.328157497
3.8972792554
3.54470888
3.253022828
3.9373038909
3.752096207
2.861713542
3.612548178
3.519568739
3.321425991
3.292238468
3.219282502
4.137714889
3.374299966
3.3585035066
4.214522816
3.543644767
3.958763371
3.534565403
3.322209627
3.782486724
3.530538046
4.008221737
3.604803723
3.578540123
3.5762059616
3.627669014
3.874000999
3.879080306
3.276076782
3.511643175
3.617009804
3.547519853
3.79447225451
3.4947178707
3.801367579
3.456832999
3.587604196
3.425751009
3.34663111
3.647901663
3.633205474
3.6839863228
2.612896411
3.7781541048
3.2919580488
3.543943961
3.376599908
3.89821084267
4.158776094
3.444579164
3.509271194
4.3212250116
3.251676166
2.945192019
3.6754644934
3.61340893
3.378802786
3.397954766
3.36019679
3.432720643
3.507386084
3.844397308
3.645013534
3.817186223
3.132688845
3.77582555
3.214626952
3.936166018
4.026531624
3.777101621
4.206139644
3.111829596
4.2241419077
3.827508216
4.276365638
3.922302548
4.040560224
3.349142567
4.025366216
3.014264816
4.210169211
4.160459433
3.575239985
3.263211772
3.669431132
4.229817834
4.221419708
3.57458757
3.297555119
3.906401606
4.10280122
4.283008521
3.764484054
4.05760493
4.235334504
4.382661349
3.153162434
4.056246036
4.177127209
3.5374306687
3.6570905871
3.973617024
3.784265037
3.687949982
3.480733243
3.402805629
3.704158005
3.253594034
3.0219942978
3.821571755
3.754268744
3.976377554
3.88037055
3.4459027961
3.719592556
3.7969132557
3.624888118
2.90189555
3.3477282649
3.421981631
3.502282259
3.507731165
3.03647189
3.208338381
3.49658317
3.927388089
2.765439176
3.97879848
3.0177456133
3.46605467
3.45760191
3.553580039
3.574294485
3.383222698
3.51849294
3.9985320933
3.468298008
3.19973801
3.631276738
2.826218677
3.483831611
3.865806342
3.57097269
3.322840651
2.966929679
3.953738797
3.527111645
3.1362917427
3.277151339
2.91769043
3.213943142
2.98665483
3.865535704
3.118862961
3.975212373
3.452545803
3.29630345
3.5570387387
3.51679781
3.277760092
2.835940755
3.33742952
3.59153402
3.17767272
3.8756232129
3.680884158
3.510687264
3.114030587
2.960197474
3.6801799
3.728758888
3.588050572
3.70465286
3.466243003
3.49609423
4.048686509
3.390339177
3.193297665
3.84847437
2.941803435
3.58165314
3.429196683
3.463009247
3.384936972
3.69437387
3.425549085
3.906767772
3.6995197729
3.471660543
2.984076631
3.0982082152
3.371992876
3.4501347
3.370110075
3.578863299
3.134965954
3.38719146
2.781167354
3.655433539
2.65810965
3.392781099
3.335954549
3.51456714
3.269349714
3.181087251
3.731829639
3.555032817
3.126570475
3.328282026
3.95246405
3.560828932
3.466353732
3.650550708
4.47395974
3.664920453
3.81280344
3.467984229
4.252670909
3.431945705
3.022074601
3.573006026
3.83101926
3.282622016
3.67398548
3.783268937
3.25026328
3.597492545
3.122497885
3.588582211
3.668695336
3.280490407
3.886242217
3.43917483
3.853506482
3.256540459
3.86725826
3.96836545
3.71122093
3.91751397
3.9714503873
3.269304123
3.8324782043
3.535938907
3.92660782
4.400973588
3.7732535
3.306722387
3.81665439
3.531292337
4.15676572
3.05285185
3.580189005
4.49876520999999
3.505910405
3.484960032
3.321776885
3.091239587
3.138753414
3.994951415
3.773020166
3.06364555
3.495747687
3.672438353
3.098858113
3.41541509
3.361095438
3.45166841
4.1199580127
4.408776457
3.290560474
3.296441564
3.3031945014
3.456469203
3.439568558
3.490055653
4.055689613
3.607255745
4.211237548
3.6095878334
3.146870122
3.7830588036
3.705941875
3.7927448
3.676752257
3.79500451
4.296360401
3.53858686
3.515548301
3.710801158
3.84882671
3.28938717
3.612322143
3.887107811
3.227965073
4.11320775
3.5697905504
3.45549656
3.1827277783
3.657466939
3.636617372
3.871081972
3.542817504
3.14657946
3.0948285742
3.386207614
2.970435222
3.567427719
3.4198155754
3.7200147464
3.57567949
3.8677382
3.511281554
3.63054799
3.472269
3.3285997
2.993427387
2.987290278
3.945370933
3.316820897
3.061253777
3.7188146144
3.670088831
3.18869239
4.305934165
3.74544625
3.478511029
3.937173841
3.27869873
3.544102846
3.732870083
3.64545714
4.0774367614
3.164010263
3.817984677
3.795431771
3.58128413016
3.138456761
3.995763919
3.948965092
3.830355401
3.542434992
3.737157357
3.635027126
3.611247414
3.940981076
3.615204168
3.869674346
3.480745832
3.067533802
3.198355103
3.482949564
4.237853566
3.193062719
3.660032092
3.462653172
3.30493537
4.1767350167
3.336778999
3.463488917
3.380885917
3.652164582
3.6784275635
2.815304134
3.700345481
3.94182178
3.72290659
3.292768657
3.547700719
3.077962579
3.675199977
3.157730164
2.936991166
3.039862351
3.570788396
3.617613489
3.912768206
3.325224398
3.195309049
3.750889111
3.403892295
3.602279944
3.567254204
2.869175353
3.133032217
3.847129187
3.092017177
3.547006201
3.594513193
4.644481773
3.569173969
3.314672907
3.9051904931
3.887320428
4.188177847
3.681109846
2.979056275
3.476729247
4.233992415
3.354328924
3.788990042
3.592625997
3.597787091
4.019646027
3.120846826
3.8811272
2.993388593
4.210700537
3.333938328
3.570680763
3.308667157
3.698962807
3.604832148
3.6257015353
2.939548763
3.1366751325
3.3233600411
3.5041672415
2.8791352223
3.853042545
3.77188807975
2.971882768
3.492714931
3.748508513
3.678522459
3.453549404
3.5971168855
3.20131009996
3.2982472606
3.50351041
2.88565573
3.772588207
3.65896582
3.288537728
3.317200384
3.881655635
3.39370786
3.586196066
3.22060171
3.572155636
3.909773671
3.965312179
3.585022444
3.4758418561
3.09729848
3.640082501
3.367123291
3.52822683164
3.137008756
3.794991126
3.601648998
2.889463846
3.58249706
3.672303959
3.692382438
3.3942876082
2.89128515
3.39747857477
4.330687325
3.521991544
3.4171619005
3.558158337
3.854315063
3.27857653
3.65156577
2.914734863
3.45751513
3.809995476
3.266845606
3.42037596
4.137111014
3.381714732
3.64243461
3.026556467
3.76653016
3.29091159723
3.81986246
3.0233604519
3.52682864085
2.8552246795
3.064641672
3.61426359
3.662019668153
3.75328487984
3.482964951
3.362302709
3.625462145
3.118126215
3.4444398181
4.008149008
3.32702145
3.694237174
3.385384757
3.4735110987
3.73623322
3.843889883
3.921559023
2.985859608
3.427437652
3.648922922
3.731525757
3.338485154
3.096912285
3.298883841
3.532065996
3.32279171
3.292980177
3.061055337
3.40046226
3.1459116699
4.3062231091
3.4349949015
3.289840361
3.6365205037
3.310801806
3.263609897
3.5594216653
3.4261838587
4.3307027313
4.4325412122
3.8483177758
3.5422519757
3.4277960413
3.5106831367
2.9554950973
3.3133395947
3.5769655918
3.3461872253
3.4249305427
3.1987853653
4.0834415553
3.6063621673
3.5590540337
4.2312273283
3.8845576027
3.7178556153
3.1424142797
3.1881720277
3.6463710453
3.7798647047
3.4520082577
3.1812655847
3.7344065247
3.7876088823
3.7928315747
4.2150026463
3.1144754383
3.3873298947
3.9494231253
2.9306779753
2.5756211003
4.0143821776
3.3980692747
3.3120334653
3.3960631947
3.1868513033
3.3167394853
3.5139802003
3.9011727247
3.7457326013
3.5088850643
3.36233712406
3.2232292723
3.5967373003
3.5554870403
3.3439706963
3.1358825653
3.4234223199
3.1202576207
3.7798422223
3.0939687197
3.9097739347
3.8321886567
3.0213889847
3.2575352843
4.5190608907
4.03671786556
3.0498307378
3.6833681287
4.30318413912
4.0823712703
3.6047411353
3.7436000347
3.8111220153
3.7881691147
2.9312974267
3.6828389753
2.8996509223
3.3877481847
4.0666711733
2.8781321383
3.6756238473
3.9416393002
3.8917758053
3.6426604853
3.1663029257
3.4942671553
3.4821826547
3.3106365903
4.3082386553
3.3690087453
3.9030701853
3.4561317773
3.6811989653
3.7328513157
3.3332394308
3.1158633357
3.8079166147
3.6779555723
3.5737838453
3.3762410609
4.1619026963
3.8553506153
2.5678385253
3.6881407793
3.6538602287
4.753446657
4.196759999
3.799812788
3.627953128
4.027608187
4.224363128
3.7550893671
3.666712889
3.957945184
4.336305757
3.811985278
3.333822655
4.000616225
4.304269517
3.475056367
4.061107603
4.105198165
3.983195197
4.386630314
3.307065652
3.700021103
3.534637628
3.870246317
4.300811478
3.9146729404
4.1900614098
3.889135009
3.820070917
4.3476174542
4.452030637
3.139806604
3.976101258
3.888656567
3.896416986
4.513941749
5.241478008
3.93881027999999
4.1414229538
3.560122745
4.143390525
3.715888934
4.320366896
3.657906787
3.334147377
3.275270957
3.64674797904
4.442292701
4.1455821642
4.355370419
3.325788634
3.572335077
4.075749298
3.696031433
3.717928892
3.882476329
4.1239453031
4.180712537
3.2775299888
4.2626314729
3.709134978
3.368026217
3.949466843
3.74244542
4.317869738
4.1096163766
4.228242433
5.336264475
3.616116677
4.389431411
4.050212323
4.303183875
3.915946277
4.190589887
3.683224327
3.416771562
3.702998177
4.321473814
4.341039746
4.003172473
3.616308102
4.575928615
3.987163544
3.509656903
4.23593214
4.7140203102
3.979724996
3.916477127
3.534117168
4.3265917013
3.509601163
4.418099014
4.405512673
4.379595782
2.881115697
3.49857057
4.368417327
4.10345114
3.883006679
4.274939444
4.023966127
4.346152778
4.006607276
4.154071004
4.095228392
3.7782410272
4.3511232348
3.6435905825
3.737052214
3.381926178
3.3904441717
3.865503835
4.7078120008
3.780652121962
3.9065756402
3.693605379
3.806593654
3.806401341
3.1429733304
3.152840792
3.0670015
3.588938551
3.407382421
4.092818151
3.532152686
3.368872498
3.5424217302
3.557097075
3.180938392
3.113586013
4.418415974
3.644430264
3.0487605612
3.602165545
3.795445476
4.710197307
3.169000679
4.036009176
3.941778685
3.4755833299
4.082442293
4.3800419855
3.750510508
3.39444903
3.692106061
4.1659426792
4.208458865
3.79625431
3.1551068299
3.9330501548
3.782222018
3.421612848
4.06267277827
3.5675603499
3.7161940371
4.442418079
4.213659742
4.339536418
4.488340025
3.708470286
2.993816971
3.993371166
2.558280246
3.7794636168
3.667377268
3.3397410643
3.993488771
4.672407007
3.960757155
3.754629713
3.0610558665
3.652985517
3.178727903
3.079780011
3.782252426
3.708579836
3.85718153
4.418671093
3.575296566
4.067910941
3.59865123
3.356850269
3.9660430955
4.103337192
3.2905607124
2.926681261
3.464900888
3.20384898
4.285814126
3.634008806
3.961270905
3.756641571
4.3377900862
3.1776376898
3.960383724
3.435474007
2.9524748809
3.738642274
3.153629364
3.5895617581
4.211549614
4.137874775044
3.306695760044
4.070869283044
2.878103844044
3.066263190044
3.190849671044
3.494719764044
3.431437750044
3.958893980956
3.222333777044
3.618769745044
3.739308590956
2.968554334956
3.437751828044
3.194155209044
2.626354365956
2.764809409744
2.676162209044
3.238618620944
3.286584993044
3.379652739044
3.847320948044
3.125164773044
3.651686892044
3.230446235044
3.480739419044
3.149504267044
3.859926539044
3.093293691044
2.641639778044
2.788159043044
2.858367612044
2.518124337956
2.656158100956
3.405611635156
3.787831391956
3.097004356044
3.203861909256
3.403949259956
3.098779675956
3.914024411044
3.588244839444
2.914405827044
3.338868817044
3.510988332044
3.457854184956
3.156086321956
2.817316668044
3.194923235044
3.582722393044
2.958530453956
3.798177130444
3.400169519956
3.626782343044
3.172741578956
3.179132084044
3.189484762644
3.191382943044
3.283334286044
3.506304172044
2.974748388556
3.895500199044
2.807670434044
3.536973961956
3.366627898956
2.891777783044
3.284735965456
3.643650616244
3.159971920956
3.223807866956
3.509501450044
3.384446121956
3.510271564956
3.699235234044
3.144763853044
3.371522858044
3.307032837044
3.450026139044
3.099410857044
2.965154558044
3.497249086044
3.587725962044
3.200969076044
3.198282897956
3.167843120044
4.048720472044
3.857714663044
3.421704208044
3.119112025956
2.960592578044
2.871768336856
4.075380829044
3.072832987856
3.473788050956
2.604411790844
3.708430920044
3.181472305956
3.216053695364
3.299777730956
3.458035062044
3.0105583698
3.3796572926
3.9857292692
3.2970619102
3.5175260752
3.7635564402
3.6080261242
3.3075248048
3.1230998882
3.8974507752
3.2043924402
3.7198010822
3.7229604875
3.9915419902
2.9346804762
3.9843067702
2.9562777632
2.7475944272
3.4521299932
3.5367691182
3.5910224838
3.6947618212
3.6533671095
3.9737087082
3.5738498622
3.3756196422
3.9578766412
4.1796497812
3.7935469582
3.2305435642
3.5944406352
3.6174400722
3.9562182602
3.7752012592
3.6069509433
3.9477664832
3.3297679512
3.2511625239
3.7194661152
3.5436381282
3.9379407892
3.97499565825
2.7370560009
3.7608231722
3.4691910802
3.0242333062
3.8533779972
2.9425429472
3.3685157352
3.5632682392
3.661485954
3.4963016038
3.7884708602
3.7162301182
3.6631848552
3.1928714122
3.8638737222
2.8597386598
3.6396770442
3.5650251793
2.91344262763
3.2430857782
3.6550716776
3.2905719546
3.6416814412
2.8128812227
4.2723998407
3.2581183352
3.4280571482
3.8454638282
3.4043587978
3.4860827382
3.12788308067
4.5132765692
3.5109572352
3.9033594972
3.8368711942
3.9797552922
2.6745629972
3.5166858372
4.0350981222
2.7017235162
3.0574547602
3.2320618302
3.4756634202
4.1127491532
3.3686774962
3.6832938916
4.3894838542
4.3088402332
3.5991744987
3.2892752612
3.5761745192
3.3714677602
3.323046963082
3.3189356071
4.0809524442
3.5724687172
4.1100555312
3.5536038752
3.2251032762
3.575915319
3.404267479
3.711756432
4.3356918432
3.3136770998
3.829087475
2.9951637438
3.33301647
3.606482859
2.6617401418
2.9139916443
3.890195377
3.21285176127
3.12872158979
3.1886198008
3.9216916313
2.8323249948
4.68196114
2.9049320913
4.120334856
3.3717396788
3.0055673438
3.412722751
3.2229600348
3.7129167268
2.652146979
3.089208862
3.450855906
4.068196942
3.30295742832
3.3138513376
3.65963571743
3.8226209896
3.1840493578
3.782264009
3.303405594
2.9138503848
2.935496922
3.2406719948
2.9736971212
3.5430806318
4.107447856
3.5895190978
3.652699532
3.348652432
3.3794159208
3.7241959902
3.5518218778
3.7725585784
3.3290851548
3.51638713
2.6230981168
2.884642869
3.8675011761
3.4221393882
3.1235190448
3.833656499
3.7286371254
4.0767459288
4.2048285918
3.2735102878
3.74355975
4.0742901488
3.363107104
2.83395024794
3.738576317
3.4683480712
3.4838848818
3.2636872728
2.640744248
4.0309963918
2.4590480574
3.8421825662
3.4230045129
3.375342151
3.3682751358
3.874654393
3.633459735
3.444706326
3.110744219
3.054534164
2.8492796628
3.1254530438
3.4941304558
3.316623961
2.95957448
4.4164055208
4.2997638686
3.778402761
3.078172488
3.0894369587
2.8242882868
2.59409006885
3.7348401084
3.6890997961
3.6821988028
2.8142439356
2.7825840728
4.059401699
3.032906927
4.025628594
3.331677132
3.430912077
3.884990276
4.28534937
3.907912437
4.582501619
3.885798849
2.581551003
4.493825684
3.751080558
3.4368869335
4.235063765
3.4744158266
4.198994564
3.587234504
3.744595607
4.027953521
4.0891185244
3.536516364
3.753553893
3.820302635
3.330912399
4.4685733426
4.1702143162
3.667365064
4.020665151
4.11514818
3.3166011
3.658687939
3.775399719
3.995991938
4.147366709
3.669367274
3.591047144
3.485476437
3.538222286
3.861339929
4.187678942
3.411707648
4.637628209
3.870450971
3.5397590243
3.768921797
4.365693461
4.210736528
3.8472572462
3.467922164
3.9326303168
3.702119754
3.35580747
4.147129114
3.136895134
4.067449682
3.622647303
3.743241894
3.199160096
4.264084174
3.690876756
3.972757394
3.79226666
4.323086675
3.934376056
4.215204339
3.875412923
3.670602932
3.212370372
3.564717879
3.511450872
3.17901097
3.97560368
3.241017777
3.789955766
4.4412576488
4.017234312
3.266458308
3.836768039
4.0990875304
3.955273395
3.967589421
4.422141436
4.011696564
4.057958893
3.921577049
3.489378376
3.971914409
3.540682989
2.9184963964
4.827595024
3.486719585
3.842307445
3.415567074
3.703488495
3.279036087
3.032476784
4.038288284
3.968663779
4.255282944
3.863780396
3.520737012
3.86289682
2.87606063
3.2331722806
3.016635107
3.697418507
2.7378991604
3.200354158
3.468547036
3.080039311
3.441668173
3.483809463
3.574901266
3.862372188
3.241452403
3.876244703
3.131265823
2.939054624
3.387612492
2.6439969423
3.155550311
2.814498802
3.466283845
2.9989655055
3.734107478
3.012743485
3.18466848387
3.135595642
2.954870632
2.9556494052
3.299189083
3.948568721
3.042264295
3.62884819
3.722103027
3.410760091
2.994282108
3.090568879
3.100857244
2.928620308
3.519498153
2.489370033
3.3045372809
3.090330416
2.4833410245
3.562683479
2.805073758
3.448784618
3.136187951
2.912480005
3.475606427
3.455540062
3.09592991
3.367997559
3.19464377
2.666935921
3.151763374
2.550428114
3.539020009
3.176837371
3.017413018
2.945852708
3.75264211
3.441460108
2.842511719
3.772636144
3.240280063
3.000889993
3.146062948
2.5395236998
2.880747916
2.6124083509
2.9110287848
3.209225323
2.754991803
2.77683442
3.0953982397
3.035898648
3.02553512
2.992062987
3.028839999
3.2576939258
3.2369662123
4.090669663
2.709466476
3.462527057
3.643260146
2.964796627
3.286737569
3.122172187
3.186636154
2.402594746
3.725088096
3.049570734
2.985123446
3.636863409
2.731354829
3.474631556
3.2685268835
3.572869163
4.108681491
3.234568683
3.817044084
2.8689994601
3.438602314
3.643878375
3.5515206753
3.876082848
4.5002743158
3.616285649
3.9471202675
3.609336554
3.719163866
3.91137365
3.840816702
3.650716427
3.9983234287
3.531513341
3.945096445
3.475699025
3.3877775259
3.694054349
4.267064405
3.1321646322
4.950925875
3.6910140198
3.898986375
4.426701374
3.55139935
3.59380525245
3.4178215
3.954599965
3.680373847
3.473071035
3.664652581
4.300229729
3.623596446
3.370068633
3.113601615
3.437657313
3.483639725
3.937834834
4.243771499
4.373843033
3.7687263083
4.69461862
4.389934015
3.9196598381
3.861016475
3.158108534
3.461039635
3.5350884705
3.749859115
4.466148467
4.42513912
3.322482214
2.960855212
3.6613131477
3.603073635
3.630120455
3.112222217
4.140640612
4.0977654181
4.0440173214
4.25643250300001
3.109029697
4.112912455
3.92161698
3.98615465
4.415763605
3.4820249921
3.431229826
4.191537248
3.611964614
3.466197284
4.250619475
4.269684632
4.173205233
3.31921296884
3.7060761344
4.620967443
3.479299595
4.232721566
3.897643543
2.922912454
3.974174537
4.257113874
3.792330827
3.976683055
3.622506314
3.455134903
3.875580724
4.063500464
3.307666605
3.869483052
3.803588166
3.9223284305
3.278351714
3.94642227
4.50089144
2.871683581
3.12866905
3.256361394
3.340570697
2.931032301
2.771137123
2.872378761
3.786456436
3.540825834
3.215366462
3.094925361
2.946539457
2.805379024
3.066794771
3.7107510271
3.007149673
2.727733191
3.080434728
3.343356849
3.177784064
3.285973347
3.413853887
3.267424331
3.2238178632
3.466010483
3.587684117
3.941363349
2.97606917
2.8351766923
3.5086051616
2.695207737
3.310602843
2.870643034
2.686727065
2.8941081201
3.235856777
3.44159734
2.987090089
3.76174689195
3.281729086
3.201887759
3.007357096
3.374505325
2.579467662
3.2498151256
3.2940013379
3.593277332
2.926938945
2.532111769
2.694004296
3.46249404657
2.664007753
2.903271002
2.825213962
3.530295769
2.868759302
2.7973312887
2.973332013
2.919075746
2.650048825
2.915931462
3.922703465
3.100850168
3.298885474
3.044863444
2.717867813
2.808060115
2.82346979886
3.226101326
3.02040586027
2.0964095263
2.685174231
3.515831432
3.124077365
3.252597832
3.407310331
2.943970822
2.83202551
3.30426003
3.042081452
2.828031777
2.660817519
3.094675987
3.414717931
2.787740103
3.417580791
2.821424019
3.284338611
2.724805805
2.316215351
3.063058886
2.5152904097
3.296655279
2.939041701
3.46148064
3.121440507
3.649533644
2.775284862
3.237390351
3.504702402
3.831760069
3.80762194896
3.5016735519
3.470902913
3.29752887
3.528384931
3.5950332735
3.623012915
3.929906585
4.1066535119
4.0270590216
3.632990521
3.401890001
3.404517259
3.45667506
2.817691285
3.709233998
3.640808524
3.509766316
3.389876612
3.705120072
3.36116314
3.87245002
4.125364441
3.653353156
3.5925898227
3.422749991
3.091286801
3.641925682
3.415015352
3.114639924
3.695865937
3.356545576
2.635396343
4.343623806
3.410196184
3.8132181833
2.725458118
2.7877864039
4.323704621
2.6562626969
3.52023482
4.0352289327
3.346712719
3.575410624
3.624543659
3.599989248
3.7195932436
4.199932887
3.3655995769
3.76521524
4.141654853
4.24582620500001
3.125783844
3.616925282
3.7703833202
2.4724430453
4.072362634
3.9219238987
3.813765279
2.942343349933
3.587749035
3.296762017
3.696566967
3.192014824
3.02769922988
3.519971369
2.66791863212
3.44687382
3.698614355
3.48874013
3.40488171029
3.80471334
3.1048459999
4.232653437
3.520792195
4.440245969
3.280735929
3.351887746
4.089542519
4.171207698
4.134373902
4.06226795
3.3323699331
3.199557348
4.0116224918
3.6054567791
4.064932014
4.008939266
3.874489755
3.2914227646
4.291924820688
2.462978134
4.5667161514
3.218984394
4.008021493
3.438730113
3.460582759
3.907386946
3.840038809
2.9404799102
2.8198717168
3.2253350158
3.3643935248
2.9511863052
3.2547503102
3.3265317618
3.4973720192
3.2925229618
2.6539994918
2.9239641882
2.7840740728
2.5401117388
3.3010845558
3.6051162922
3.2907032722
2.8630003808
3.3516821678
2.6509438578
3.3257178032
3.2918675358
3.5537706308
3.2692175538
3.1999237668
2.8536102912
2.6786391122
3.2411304178
2.92577112357
3.1543690988
2.6786652528
3.4025481812
3.4034968948
3.40032615455
3.420464076
3.2221441994
3.4081806608
3.0777246522
3.7072278518
3.2277236098
2.9782606842
3.9196324688
3.7803652028
3.24643103872
3.3485234542
3.4149833508
3.2650436252
2.9093583072
2.8742608148
3.4051425664
3.3278796509
2.7548657093
2.9302100042
3.8389426578
3.5545037738
3.4811111268
2.70653514901
3.4280345178
3.5917465492
3.5069346158
2.9986633332
3.4008077108
3.1204182954
3.3580639193
3.5159469108
3.0653816088
3.7473184482
2.8632140368
3.1807701792
2.6892469228
2.6519150016
3.1800069898
2.7924994668
3.4163649691
3.2313391732
2.3022678852
3.1064821712
3.5153496382
3.3300621218
3.11856197115
3.4663372438
3.1534235588
3.2874107358
3.3178448068
3.6225294508
2.7968437941
3.2601517596
2.8305501738
2.9286156312
3.7848797833
3.2726895542
3.0044355921
3.1200289118
3.4798511758
3.6401099808
3.5896623858
3.9235760022
3.7019273298
2.7665513692
3.5754860838
3.430659819
3.440704969
3.438668542
3.44635293
3.655630509
3.401682836
3.6378256732
3.7787861076
3.7358545301
3.637264494
4.527081743
4.200399599
3.585026479
3.703353764
3.877635993
3.895853593
3.398267916
3.222747288
3.199114979
3.708261424
3.817452454
2.972666078
3.973539339
3.901088836
3.624290838
4.019592246
3.809539923
3.479383499
3.612715096
3.501884156
4.281877667
3.667530323
3.485062169
3.427318063
3.798087802
3.101513468
2.969645047
3.822815985
3.437419201
4.0798585627
4.232160287
3.637585374
3.716545689
3.82347222
3.524533391
3.6441643567
3.726119619
3.287431564
3.40678067
3.536706637
4.768324912
3.442783378
3.4580024337
3.433896064
3.856807626
3.865384523
3.713175053
2.622354417
3.331519001
3.834760892
2.961585677
4.121788398
4.187775915
3.101113666
3.674725867
3.4233375874
3.276183408
3.627134229
4.015033391
3.800572005
3.518201466
3.2736726954
3.742399823
3.909611219
3.919709687
3.0445457729
3.572723829
4.043763967
3.463736689
3.526106595
4.410811979
3.475197913
3.291893029
3.56145726
3.644469609
3.445688948
3.476619807
3.892314726
3.862160362
4.344948017
4.322464737
3.625008904
3.466279587
3.667357693
4.030785331
3.702557417
3.275954277
4.264110286
3.516512959
3.621007699
3.354381366
3.51549301
3.717150203
3.4959214
3.00395338
3.519980494
3.2297826785
3.895808341
3.42615401
3.021272541
3.629871556
3.761651387
3.97771562
3.629868512
2.99577832
3.6998479
3.770767021
3.508300688
2.650933544
3.22686717
3.263813261
3.675365525
3.674476994
3.17000183
3.536005825
3.4981392
3.30225035
3.51999028
3.050880303
3.86620327
3.35211568
4.064479407
2.8294765287
3.3310148934
3.68662419
3.604113505
3.29304265
2.953401422
3.173223381
3.292417922
4.10349378
3.629044287
4.14801458
3.736292612
3.851752931
3.276588752
3.154509259
3.86544327
2.6933487239
2.667870526
3.11519408
2.91324808
3.87146901
3.69399746
3.49647355
4.1383497557
3.442042419
3.634271782
3.280354472
3.315047403
3.13916283
3.855871723
4.20597889
3.472232721
3.457989846
3.615551966
3.3562349857
3.268204786
3.1635396683
3.03510997
3.495498826
3.70380371
3.356694525
4.027546352
3.375919387
3.72957353
3.41177742
3.5758253163
2.595188907
3.14026652
3.7029103794
3.91406321
3.19194599
3.310554306
3.282896707
3.684495217
3.571451015
2.86700429
3.376702244
3.38999257
3.50083108
3.5573729058
3.92916903
3.387247228
3.446818011
4.266831658
3.105565829
4.03275318
4.148163
3.52694448
3.129889087
3.625446531
3.769199831
3.63650488
2.786629485
3.974186702
2.645967036
2.797340689
3.0228253561
3.672918117
3.40728563
4.217917845
3.790830717
3.635520945
3.8299719276
2.91751301
3.5175136187
3.412464824
3.024199556
2.99797517
3.5476734948
3.430023595
3.06045299
2.728355033
3.134965868
2.603050705
4.012667664
3.216247223
2.773187457
3.057963156
3.669619599
3.008303605
4.061073083
3.360334918
3.45832777
3.901112166
3.006144324
2.84682939
3.48987647
2.912110012
4.14839185
2.554756347
3.170240908
3.497734392
3.373862633
3.66285888
4.451288712
2.637652547
3.452338002
2.82453326
3.4829144751
3.360366102
2.66529934
3.392270672
3.80259379677
3.3694238699
3.71031269047
3.4000235
3.65495746
3.5491530883
3.675195141
3.56070679037
3.250313689
3.559477447
2.867373422
3.864129697
3.656467805
3.37943877
3.457974765
3.7858946811
3.20450462
3.08301996
3.287344667
2.647394894
3.329225693
2.97073397
3.578975018
3.088555681
3.501194377
2.937475374
3.25039352
3.557508835
2.998452525
3.374666734
3.104315879
3.671370366
3.021719904
3.19206078
3.847187244
3.158062345
3.598773255
2.5367298577
2.82210762
2.94082762
3.541887335
3.60496669
3.612558934
2.512940198
3.141670502
3.194255964
3.580618827
3.06225528
3.425923884
4.38516339
4.084534924
3.849661606
3.97041814758
3.910090496
3.54390501
3.733271358
3.767323321
3.156441355
3.829388259
4.20558505
4.2875723734
3.176315496
4.10167722
3.981245565
2.508933896
3.324257078
3.51796210801
3.81436064
3.724374703
3.662810325
2.88633698
3.53979334
4.019349018
3.203288058
3.175242811
3.54309472
3.144410228
3.281490363
3.7817525
3.752946448
3.488597265
3.830501847
3.8677401607
3.62427744
3.199321925
3.7747131387
4.188213923
3.4503476639
3.285627173
3.5306984
3.362527697
3.60037084
3.517926954
3.687685188
3.724630025
3.2248078405
3.357031015
3.637497342
3.225010934
3.744355846
3.49492988
3.92439628
3.0985634245
3.73411572
3.18678562
3.3745956
3.0017044859
4.25653466
3.918012841
4.412750475
3.553192687
3.482591226
3.548813179
3.85670443
3.837212404
3.422841968
3.52428526399999
2.969590249
3.808519831
3.546464632
3.802544666
3.154537775
3.9471373234
4.6625022219
4.009058757
3.846956291
2.9099026842
3.98549912124
3.51382502
2.906249949
3.439741336
4.223532346
3.665834433
3.302327173
3.01795419
4.511011013
3.33302871
3.81610953
3.56787429993
3.788050551
4.05530312
3.48451613
3.058178767
3.43649605
3.43233885
3.21396418
4.348349127
3.823332101
3.587695001
3.7058493955
3.844616916
3.884013581
4.332564791
3.772747871
3.1527718881
3.442337006
4.615737964
3.281219164
4.036246913
3.427027836
3.522926128
3.482320685
3.809928382
3.284868991
3.6631961164
3.730190394
3.64571525
4.136040728
3.971035152
3.961397732
3.846841419
4.305673778
3.5665096399
3.856211882
4.089384284
4.0799641377
3.038470933
3.6466307356
3.2769602521
3.8683861402
4.226756239
3.910910078
4.3161046067
3.030632441
4.342818835
3.500341338
3.310396379
3.853635499
3.612383014
3.843764085
3.280578964
3.059723871
4.586448982
4.279407048
3.903068729
3.799303931
3.1116241062
3.858051788
3.5538491477
2.973093468
3.69432671
3.678032076
3.591066034
3.61846899
3.616406244
3.726039257
3.742970273
3.501772219
2.8543878749
3.843129167
4.0810881434
3.449098479
3.599799371
3.533443889
3.709021374
3.98669559183
3.263884598
3.727120173
3.426280236
3.86989552004
3.9372864643
3.694926729
3.5937458383
3.704528006
3.335436681
3.423501322
4.185857952
3.353527573
3.6742806158
3.436715083
3.713370839
3.672135943
3.377173101
3.752730012
4.149721771
3.402297613
4.155176561
4.235481868
2.959347421
3.793403133
3.9450184649
4.241706291
3.66281225
3.320131104
3.979782136
3.978669945
3.3859427804
2.90608838
3.02484425
3.652069838
3.807062172
3.01935771
3.563723647
4.11752879
3.797495338
3.735089679
3.506065353
3.404411417
3.8506289674
2.91185448
3.316546533
3.42572197
3.267303483
3.842101787
3.1583663404
2.740912015
3.573163568
3.549876514
3.574199473
3.44280615
3.209496826
3.419352215
3.601058967
3.777171112
3.01978145
3.397932237
3.95381625
2.995324095
3.609695773
3.1914255
3.3843733229
3.2210459441
3.492366281
3.479552354
3.263649017
3.166290614
4.029738893
4.066387445
3.848407302
3.034407393
3.494304428
3.591896618
3.9796823
3.124411533
3.577062915
2.747259191
3.612366076
3.140744132
2.986056666
4.077258694
3.538162573
3.006253503
2.899749669
3.19448535
3.390491532
2.714783434
3.680674588
3.73699525535
3.548926974
3.31907734
3.15322355
3.870438549
4.604278845
3.3496396521
3.787471777
3.633622086
3.34019916
3.558309734
3.19605243
3.573627122
3.642763317
4.254542371
3.154827156
3.352910213
3.7507238555
3.4423145233
3.6609921504
2.923934526
4.286840414
3.529153955
2.92401489
3.50912664
3.315550706
3.32584999
2.913217152
3.877180015
3.579760111
2.933135711
3.338725663
3.07060989
3.32629713
3.62391931
3.491273372
3.209182039
3.505727714
3.67831398
2.9734133775
3.280673573
2.929291546
3.511223553
3.5045114616
3.0904957205
4.038629038
3.110085897
3.623295255
3.732445318
3.26185124
3.372778678
3.717876701
3.524177267
3.762477761
3.306309581
3.191074718
3.292085263
3.689074565
4.257729516
3.721233575
3.207153382
3.438142635
2.685608155
3.158875005
3.161574784
3.633066445
3.6749104279
3.408061907
3.493508443
3.947395275
2.741484435
3.548276076
3.427413694
3.82698426
3.401478963
3.614591759
3.760896128
3.382155109
3.646815196
3.2935796601
3.856917412
3.681025223
3.542812372
4.023875052
3.622143685
3.355500653
3.388780066
3.4477581836
3.576239464
3.564598595
3.202379623
3.651756127
2.8661471152
3.931125853
3.325309433
3.5376722422
2.891454457
3.063646665
3.023550119
3.8312735631
4.070925308
2.992943277
3.798421514
3.627976735
3.958043436
3.437722053
2.500864872
3.120043355
3.468284687
4.184265045
3.766255427
3.993482045
3.234083685
3.348534698105
3.552532671
2.996069404
3.348551157
2.973262833
3.034214077
3.692234742
3.322523061
3.628138219
3.779111637
2.80889113328
3.332261867
3.270535124
4.423357803
3.615762643
3.379507357
3.6188021245
3.527907175
3.6838878225
3.11800989
2.856466928
3.935389979
3.568911656
3.415730361
4.111530826
2.767855677
3.385895683
3.4508317809
3.8050875209
3.7403682189
3.1169422979
3.3278107109
3.7207360859
3.8918098189
3.4441007689
3.6779885049
3.2734057966
3.8928271109
3.6911420819
3.5654303973
3.6330960819
3.8093212179
4.1432119049
3.6231800739
3.4799223681
3.9452900428
3.9053955109
3.6269378659
3.3202709529
3.4704940113
3.3573030639
4.0861681599
3.6760746119
3.7349267809
3.7920696531
3.5262700916
3.5238934739
3.0503086309
3.6651837839
4.1134003709
3.4993859399
3.6080801029
3.7226723199
3.1689203399
3.3504019859
3.6476627109
3.4696799999
3.5125176949
3.5386746539
3.0274417581
3.7916605641
3.7423767889
3.30030283591
3.6371064569
3.1112689179
3.1098327209
3.4903258829
3.3427318329
3.5336463685
2.8709939919
3.9409167009
3.3297062589
2.8063951509
2.6380725139
3.4694665739
3.6521457119
3.8224022979
3.9595122929
3.8427894461
3.2734742029
3.2240446689
3.8826980459
3.6822478149
3.2565081499
3.3247246549
3.4424469321
3.4273164211
3.3734214407
3.3940060039
4.3463290929
3.7388044629
3.4745316169
2.8503902509
3.5164734419
3.4083818989
3.4114396909
3.2727873639
3.6037133509
3.4276198924
3.3877457549
3.4801137949
3.6728771009
4.0586458719
3.4649136899
3.2570925719
3.2982097833
3.6752699285
3.4866898759
3.2246557109
4.0880345331
3.5950233409
3.3515478991
3.0990727809
3.1723619629
4.0738847739
3.8703484369
3.3948089109
3.826223721
2.836317984
2.801759394
2.912023269
3.494800466
3.577242229
2.993082456
3.80680023
3.225171563
3.190801517
3.383637121
3.029371644
2.699434036
2.87021043
2.632511551
2.78527771
3.516275011
3.1925007917
2.438107676
2.6435383509
3.02063493
3.033956598
3.0823743
2.95234232
2.529984555
2.939382023
2.93213303
3.698507462
2.830109676
3.169174944
3.585517316
3.023214614
2.891678676
3.518337419
3.138924281
3.7470888726
2.612001154
3.149403187
3.095454549
2.69128639
3.018519063
3.0891564429
2.7071811578
2.924150934
4.2076762316
2.91905415
3.197701606
3.405793778
3.1000181121
2.682203721
2.9872414265
2.77696436
2.790909945
2.97151138
2.556394291
3.117505555
3.644977674
3.568488843
3.460708729
3.544070352
3.074950686
3.5554363415
3.172099185
3.350062371
3.25924282
2.909761071
3.469731664
2.889735782
3.269650756
3.287526361
3.12109884
3.180270954
3.09760393
3.1440563383
3.239341989
3.226600564
3.117288069
3.11552979
3.285224213
3.107680707
3.547327014
3.449496436
3.34307693
2.352664019
3.768571483
2.990591715
3.376747377
3.4380530747
3.08329505
3.59808373
2.691865966
3.139867316
3.675783241
3.582384764
2.8326539289
3.591131034
3.276106545
3.385018654
2.917834847
3.474064635
3.313941121
2.9937141997
3.253907089
2.48639859
3.569202809
3.444891375
3.249844841
3.2583399178
3.267670784
3.342986882
2.802639758
2.5636911412
3.39589695
3.455473708
2.4755070609
3.189500016
3.329890575
3.1090711339
2.957449248
3.266284894
2.804929371
3.052248981
3.172776836
3.820000111
3.514268744
3.38689913343
2.766764077
3.487593043
3.093760287
2.788561093
2.879381452
3.261835159
3.024954435
3.477723395
3.341352995
3.433264841
3.561965844
4.375723314
3.647119313
2.657515141
3.218315238
2.872774432
2.5347065402
2.7623642174
3.565007047
3.248730309
3.25170388
3.408993191
3.090783979
3.114280616
2.588094938
3.515654364
3.104329559
3.123284753
3.750521262
3.055891594
3.368133099
3.17274507074
3.053643292
4.06042776
3.063885717
3.673609761
3.185726662
3.49482347
2.640026398
3.531066403
2.685625741
3.033037115
3.46347473
2.56227879889
3.150018478
3.076851327
3.045864148
3.154706484
2.96942581
3.015691579
2.852619199
3.087711179
3.4346339916
3.714806053
2.889787128
2.534334351
3.0565488006
3.138130521
3.7387505931
3.350675906
3.256600754
3.2132782485
3.08284316664
2.8342541132
2.701799779
3.141077682
3.2073546433
3.197825703
3.423303653
2.94436171
3.2462419023
2.95401524
3.097660315
2.406893226
4.015032633
3.652208139
3.603828522
4.086595968
3.9856890149
3.915503369
3.968395851
3.618442576
3.794118291
3.975808277
3.634196138
4.140162853
3.0207151218
4.093227953
3.1028979853
4.172625607
3.956970484
3.787434808
4.1458094017
4.244061871
3.747819699
3.541365466
3.554444218
3.160309064
4.0435248865
3.713661369
3.84261793
3.4646228441
3.379250939
3.891642348
3.573528737
3.4688593443
3.3747514433
3.855975041
3.493484341
3.833983511
3.677553331
3.504996593
3.559786936
3.91971165
4.391897297
3.402566128
3.612095614
3.6749205895
3.883483701
4.2904976784
4.13785027
3.776958052
3.744513357
3.836765866
3.7956327804
3.8792457575
4.015430697
3.293172471
4.087585465
3.445973899
3.144491311
3.6595260425
3.617920578
3.920438179
3.435040247
2.990309241
4.529281591
3.883147509
4.118304102
3.141190591
3.590070431
3.755661433
4.329431121
3.4729838347
3.624436431
3.712864121
3.666594579
3.781276347
3.72272445
3.174550261
4.204881931
4.2528163758
2.968828231
4.055840291
4.141715817
3.405616115
3.702879195
3.9064247504
3.898627939
4.50758583900001
3.386766281
3.56414855599999
4.023553344
3.2875166262
3.239348987
3.671867492
3.1320509259
3.640568551
3.917562959
3.856678966
3.083490151
4.178211104
3.4153103087
3.001358507
3.717277605
3.572903836
3.135878862
3.279674975
3.526617554
3.172041472
3.707703007
3.520536303
4.002214593
3.71245634
2.89318323
2.907493097
3.225452563
3.749849316
3.940001542
2.434665516
3.1413971175
3.449689733
3.603280433
3.633264863
3.649825373
3.363848117
4.195169097
3.257357702
3.545376916
3.000124023
3.495265612
3.362410961
3.462361153
3.628583534
3.417079849
3.324690973
3.866496439
3.560056518
3.739707732
4.020696213
3.306081578
2.910896843
3.541752317
3.47176395
3.578264962
3.629998143
4.411210342
3.643631117
3.593041809
2.785225986
3.610385593
3.620172893
3.6120041995
3.685055916
3.659632926
3.462935293
3.338087603
3.310671942
3.541983083
3.142684683
3.832457423
4.224894313
3.514869845
3.397706236
3.669842867
2.552106407
3.703031063
3.5338672308
3.613343163
4.152271283
3.434701783
3.433004347
4.418052328
3.047922118
3.517611602
3.4642796
3.554599894
3.054352613
2.803944783
3.249469443
3.5359257504
3.378014163
3.598352018
3.133726565
3.709747719
3.7132640733
3.991188997
3.516566567
3.526095975
2.842170175
3.141581186
3.262347268
3.144150053
3.442424933
4.272435593
4.214477031
3.644209863
3.468256013
3.47004691
3.721582248
3.96748226
3.3806673259
3.8416438245
2.7641035625
4.585181696
3.315006201
4.341308524
3.604928146
3.61126520951
4.525630775
2.907044906
3.255169107
3.635575595
3.5870831536
2.869244208
3.47326906
3.434536514
4.413851018
3.851502048
3.729305056
3.251483473
3.905192657
3.742356754
3.650410649
3.785111475
3.840158391
3.244350564
3.550298094
3.254538404
3.462383705
3.006655694
3.43475665
2.8512274233
2.966870429
3.4151541783
3.58111161
3.5407732379
3.738869171
3.632250956
3.514615453
3.520445985
4.274448072
3.201285776
3.271486044
3.5002084004
3.932509064
3.135548757
3.543817409
3.429471433
2.962139817
3.776491804
3.71308811
3.221316143
3.211157235
3.3504606266
3.510560455
3.778153119
3.964311566
3.455094243
3.040132889
3.1648571793
3.717892559
3.519357088
2.973202704
3.411356523
3.562748578
3.9319402704
4.558159452
3.462055056
3.634235693
3.731142007
3.454284582
2.894139527
3.5668874473
3.468370772
3.622606605
4.356782944
3.487572264
3.5715402234
2.509748722
4.0282807941
3.5006898684
3.3963537725
3.545705634
2.923491475
3.460515002
3.4956056487
3.602275005
3.53285813
3.703340602
3.588449374
3.561945508
2.8705330225
2.867141723
4.321545882
4.280395844
3.889417634
3.098134927
3.724691764
3.0170431607
3.759623664
3.728423024
4.224771137
3.9549759856
3.623878292
3.341199058
2.813415838
3.652160083
3.042303658
4.112158422
3.937700603
3.696340258
3.7047633326
3.820958059
3.699726224
3.616200272
3.518384612
3.489185878
3.709909228
3.502321653
3.501259232
3.096901478
2.8296300409
3.375522857
3.488749853
4.18113425
3.649758148
3.450053395
3.53815377
3.102504371
3.769276752
4.041280553
2.906990462
2.767458131
3.475792943
3.248770894
3.352039942
3.608080025
4.168691231
3.014334262
3.808303892
3.695937192
3.286797951
3.751241622
3.060067032
3.655441662
3.511887012
4.192054937
3.735484688
3.402410928
3.776999738
3.108016588
3.159943227
3.5976785023
3.327764759
3.364357485
3.6819868794
3.261269048
3.195070938
2.953629844
3.5415075
3.550223468
3.256220099
3.766923047
3.575881562
3.742809132
3.555280144
3.246797473
3.608324592
4.0658075509
2.963157381
3.512425832
3.7014504331
3.297969932
3.71166771642
2.763444278
3.796653605
3.71131856
3.6353119749
2.542468343
2.990670128
3.3396687368
3.873120891
3.216509424
3.536786314
3.738040806
4.334475593
3.948827339
2.960913575
3.728502058
3.524312912
3.314813087
3.989797033
4.0126356162
3.564908901
3.29408777
3.570297498
3.3726222213
3.633911178
3.418574477
3.146818292
3.440025732
3.310523726
3.440812193
4.040671741
3.7320824733
3.974276457
4.180178389
2.647764459
3.321393895
4.044273799
2.980684776
3.431844807
3.635385982
3.2552841776
2.984544811
3.0609350982
3.7587132199
3.743368115
3.575145087
2.786040559
3.8929138622
3.79473817
3.075544353
3.718072921
3.793568
3.047799905
2.979389277
3.298306099
3.989427677
3.659592183
3.146105
3.0438096355
2.73622626
3.611907997
3.822435139
3.644712928
4.080813452
3.718949261
2.8762698411
4.389839642
3.686397431
3.955375757
3.142542916
3.449667472
3.050529889
3.301152237
3.4815009139
3.292227639
3.386450628
3.908949196
3.5579714066
3.364002211
3.879276112
3.673404862
3.341236868
3.055047595
2.935951047
3.166599979
3.964114909
3.190236259
3.3323870595
3.161862069
3.717295902
3.383314559
3.037825525
3.812517465
3.116411229
3.760820223
3.245429302
3.323358354
3.403635966
2.964848949
3.636202273
3.961843679
3.6331734967
3.751420917
3.6088262
3.929891724
3.385932425
3.91390044
3.095187849
3.006409182
3.137333528
2.941674506
4.121050249
2.952518651
3.9240986606
4.658087408
3.4904980842
3.262758784
3.286166875
2.935945969
3.948797437
3.7522565668
4.024060021
2.9991860328
3.1981170049
3.3131305551
3.272667743
3.673630394
2.717737391
4.2973935505
3.639439722
3.632273595
3.735164539
3.541660139
4.887475096
3.2881434432
2.906077504
3.69507501
3.528645987
3.315239275
3.2974597036
3.869547293
3.189331975
3.566686936
3.382252892
3.426903254
3.295029351
3.466062631
3.2431386569
3.134359697
4.232909961
4.137866092
3.497274945
3.440193768
4.118922697
3.769306867
3.201352357
3.574521555
3.7298554609
3.35890508007
3.32258221
3.264220287604
3.6417124308
4.127197588
3.368751454
3.182862571
3.436250654
3.4382092205
3.503561071
3.9660754
2.995405914
3.65917642
3.536636019
3.3277389009
3.9714829368
3.6847835378
3.91533266
3.32648807
3.792446837
3.770875301
3.476425099
3.383031734
3.498928432
3.66248055015
3.288851699
3.830109078
4.045057476
4.1164950425
3.884926109
3.7892851297
3.296711565
4.109354867
3.010049666
4.0205375925
2.98068944
3.40438735
3.5253374581
3.5743795
2.819945736
3.760308354
3.4251910981
3.255220266
4.011023189
4.3989066277
3.705857674
3.727908775
4.00133744
3.618392287
2.9154948686
3.791493605
3.659192306
3.862999336
3.58033386
3.6291521922
3.318373638
3.544095257
3.726283986
4.49209546
3.213059046
3.407058978
4.04248305046
3.773793765
4.10618586
3.545163216
3.616298662
3.14392336
3.9415713156
3.9383038057
3.88366829
3.306123515
4.384582168
4.174473407
3.868922733
4.242614238
4.018306008
3.8980646961
3.6821110137
3.72798259
4.448795237
3.7908549971
3.459737479
3.290328998
4.284844438
4.284564462
3.88408531701
4.092438673
4.309840865
4.279453442
4.218744664
3.552663858
4.461644626
3.863394555
3.502103911
3.452046589
3.998484793
2.965616039
3.581739353
4.009690735
4.07956547879
4.284354676
4.456351101
4.724306068
3.933485716
3.95737318426
3.75112174
3.405630344
3.587244734
3.585626146
4.318740449
3.096734366
3.8883418983
3.354830528
4.0639769666
3.76097446921
4.439064479
3.9995619279
3.9116906152
4.12325165791
3.162175979
3.168106906
4.083130334
3.752549185
4.431139679
4.48980350806
3.554626318
3.32534206
3.678621809
3.707255092
3.266575646
3.5408685021
3.9880319547
3.573191651
4.280908226
3.840735385
4.288136454
3.3218819023
3.727400533
3.612049926
3.3792861
3.965806502
3.636565244
4.315760202
3.627168992
3.1301335943
4.739261397
4.532875218
4.131809652
3.729714621
4.080738733
3.816449651
4.359235065
3.688857743
3.726598019
4.019573766
3.719701221
3.980049855
4.234321667
3.499608532
3.1355723122
3.197641662
4.04684961
3.840058266
4.068156423
3.376636806
4.012916875
3.5753382496
3.745751376
3.781206664704
3.854506893
4.456399404
4.50537970782
3.172520722
3.427390139
3.976171523
3.654214532
3.270977889
3.188920222
2.909424023
4.139219906
3.318047298
3.255992079
2.972247669
3.330891063
3.962026342
3.360797913
3.118777977
3.254928881
3.457355217
3.757616679
3.940321125
3.3142953646
3.512007421
3.433607803
3.2545084325
3.056095074
4.29155700089
3.432409885
2.735379909
2.856884371
2.786123489
3.538518502
3.384121853
2.885040059
3.541887019
3.09123507
3.063925343
3.000246137
2.760259589
3.283014172
3.490472129
3.20587914
3.717954181
3.067958158
3.106816013
2.892831173
3.471023183
3.100942022
2.974289632
3.339976475
3.656185005
3.703748501
2.837885697
2.967107554
3.690703863
3.580089376
2.669166717
3.493319134
3.751986253
2.786237562
4.177930066
3.603217453
3.205006633
3.351994265
2.7709159995
3.793833809
3.6709170181
3.540900421
2.513391566
3.470258877
4.060521657
2.820094146
3.674107437
3.360234769
3.215681389
3.392101827
2.886049764
3.286426869
3.718439349
3.260194043
2.772628309
3.227781043
3.135976611
3.313859929
2.90868096975
3.701057865
3.030944559
3.46510384
3.715599627
3.359637909
3.483208693
3.586386425
3.29559293
2.740201596
2.732954553
3.601021017
3.546477869
4.056391271
3.215176423
3.952508309
3.644985259
3.117981289
3.4105471898
3.5938247512
3.3630757402
2.8010446628
3.3171110068
2.7883941658
3.8588275958
3.6069294552
3.2853068157
3.2432082728
3.5826092832
3.6292433748
3.4629809888
3.3700934252
3.4678605248
3.1796026808
3.6767328468
3.0067139911
2.9299759968
3.6928861132
3.5132771657
2.7031199278
2.5945997605
3.1477820848
3.7482529318
3.3029350768
2.8997784718
3.4598387172
3.3197671747
3.1295882118
3.4234466768
3.5261338168
3.7658735828
3.7299488388
4.1517495122
3.4093507132
3.4488025352
3.2009413378
3.0183420318
3.3357784918
3.6738930138
2.9632125472
3.2989633718
3.5595731478
3.2817066068
2.7485438548
3.3500366268
2.8762243882
2.8632853572
3.5643380602
3.9339775232
2.6923372298
3.2044092668
3.2610433812
3.3066287952
3.2005671728
3.1588842988
3.0953891068
3.0132893808
2.8833324272
3.2768576738
3.4964333198
3.0870876043
2.3938516982
3.9903654108
3.6521643957
3.3840474372
3.1570818418
3.2713763068
3.0085340828
2.7365357952
3.0014470493
2.6743348282
3.1589578598
3.8418161078
3.72949291582
3.8964737162
3.4227904568
3.7362071468
3.5034513018
3.8858350262
3.6515583728
3.4102738748
3.4631559268
3.3181527672
3.6486896118
3.7489568563
3.4411308788
2.9010582142
2.8796196822
3.0769627028
3.1107046728
3.6121840928
2.4232207001
4.0908945198
3.4316003928
3.4323313498
3.0309174738
3.7352505388
3.3801040272
3.730261232
3.5320768802
3.4123569309
3.22925476
3.683446193
4.2015418283
3.710812887
3.7061878525
3.73930934
3.047553416
3.686581868
4.072970833
4.000602482
3.2220320795
3.792843947
3.252355353
3.7019494188
3.7798525792
2.898413739
3.050709625
3.795459479
3.4210755364
3.8559450025
2.923070889
4.390176703
3.6814764054
4.801730844
3.545596686
3.956391857
3.685732705
3.390945042
3.335237303
3.357673485
3.430840161
3.343060721
3.415370514
4.281200485
3.806730414
3.1957408674
3.794111481
3.542540866
3.983041309
3.002789497
3.660287871
3.506506771
4.349164053
3.988433981
4.247049137
3.631969651
3.358860058
3.416831401
3.696297444
3.541897069
3.223396241
3.846509294
3.8317618
4.26361848
3.62787090126
3.4010242697
3.412159338
4.341050571
3.4654511092
4.027683319
4.485847759
2.813235479
3.453393001
3.607433708
3.944452216
3.537244139
3.618542253
3.768649167
4.397827836
3.172405304
3.39791539
3.183038775
3.727063128
3.488804646
3.596662364
3.938054769
3.21927057
3.823312536
4.349308977
3.068544738
3.529086287
3.8792305569
3.8545278742
4.759680687
3.641130387
3.833004628
3.7271691066
3.710798562
3.197895301
3.456412619
3.609256321
3.041147312
3.303899776
3.5378705151
3.504384166
3.389423495
3.092244204
4.066668135
3.602057751
3.58422204
3.29720783
3.6368258373
3.69667964
3.4881741083
4.55356912
4.426519441
3.69871891
3.25554848
3.5093629882
4.5122049184
4.130907546
3.86036795
3.995564519
3.664266659
3.1718889896
3.635353431
3.48683721
3.405338445
5.222905864
3.279383228
4.040452442
3.620531067
3.687476277
4.23790546
3.67775689
4.088327083
3.37139324
3.848196043
4.186306064
3.63203554
5.025685403
3.49526008835
3.789334291
4.375727691
4.83178395173
4.28414736
4.118465934
4.210785042
3.9260810408
3.5611354795
3.8969477718
5.16645079
4.249308846
3.448618184
4.168372775
3.079559314
3.927458603
4.432374832
3.978815867
3.97504118
3.8469597419
3.92237173
3.6746429
3.4221996122
3.692561889
3.968179164
4.47401149398
3.308140157
4.7715507034
4.45649238
3.649872428
3.846492406
2.997273469
3.7477363152
3.65145577
3.565862216
3.836660781
3.246475951
4.245627073
3.612195029
3.6678657461
4.227248716
3.99194775
3.75800773
3.292385587
3.3959780711
3.360785608
3.946257377
3.471837818
2.83745385
3.8877234259
3.652842423
4.342755847
4.480212423
4.32072135
4.857659071
3.412923501
4.037539699
3.1580496535
4.15606239
2.70726335
3.12962144
3.345379585
3.579925367
3.337328701
3.719874965
3.660117469
2.606040604
3.3774538053
3.67796781
3.98162524
3.170273609
3.574656947
2.7826310978
3.871740148
4.009152138
3.5819724266
3.448227656
3.88607448899999
3.003492782
4.052868467
3.703435589
4.0117054817
3.964380507
3.540844423
3.12040532
3.684470736
4.306837676
3.370181537
4.041571363
4.335533705
3.71934358
3.757151224
3.327476376
3.815383327
4.116622109
3.890194767
3.469175154
3.508524549
3.644684239
3.086376741
3.2366665892
3.586772673
3.623845393
4.180113246
3.239050849
3.366613781
3.010234529
3.480560154
3.444896948
3.7014243965
3.725511598
3.574237902
3.600085147
3.514846953
2.937892865
3.473767141
3.41921931
3.928994599
3.367233086
3.656838999
3.58308107
4.194802379
3.730633551
3.244410549
3.1363522476
3.490998709
3.57463828
4.202419886
2.97516906614
3.665357583
3.263736327
3.3791668
3.688593874
3.492171609
4.192141878
4.071343128
3.471548099
3.3157756469
4.093618072
4.0002525344
3.454226818
3.220478579
3.0817885905
2.973374394
3.674290866
3.54891772
3.560175135
3.623153729
3.6633831265
4.085534716
3.781039805
3.697868761
3.068972136
3.527151425
3.330182956
2.944123421
2.856248215
4.324996433
3.21822775
3.8108326666
3.567681998
3.6039338227
3.525741949
2.835973709
3.442377996
3.351800478
2.848000868
3.16880667
2.926609808
3.435622296
3.655549359
3.561319098
3.219307792
4.618692494
3.319488078
3.187550661
2.894964365
3.667721606
3.363958488
3.6059506431
3.220253406
3.616119529
3.849431816
3.962566878
3.365086287
3.3145501001
3.273918338
2.58188093
3.5095147966
3.863784701
2.907527608
3.170763058
3.719163648
3.245703333
3.839868573
3.178394063
2.993096571
3.579684462
3.457115208
3.828731698
3.542121517
3.430176803
2.982735818
3.766838542
3.844939514
3.596534873
3.167497218
3.606545408
4.578079338
3.141846878
3.138952038
3.69415344017
3.727578123
3.537242875
3.6787739559
2.70733889
3.645676628
4.282354979
3.495438848
3.287091656
3.142319698
3.878132849
3.382983968
3.605236834
4.034491684
3.924222375
3.652309338
3.523033987
3.020015785
3.099547429
2.796418076
3.127722501
3.087555874
3.179486568
3.0334639964
3.513090931
3.207891388
3.178977815
2.964738845
3.468807468
3.349079518
3.437237791
2.942822928
3.784347237
3.660062038
3.347537668
3.3550147963
3.2557218129
3.4380881665
3.150306498
3.365124768
3.7453958074
2.757052248
2.957865508
3.583599257
3.514706946
3.066563458
2.851503758
3.369227489
3.424870001
3.270930159
3.257056042
3.123961334
4.033075199
3.386098395
2.704680518
3.567745268
3.777919563
3.75469548
3.487772623
4.872200309
4.214005267
3.316875348
4.25267491
2.874262872
3.074116202
3.03417963
4.10416157
4.033363638
3.6903510236
3.925595859
3.570786574
3.866841313
4.187817522
3.098514861
3.98023698
3.918371647
3.811310301
3.594524001
4.005594
3.375533993
3.04053697
3.188028461
3.536879982
4.095850911
4.084209469
3.544970409
3.585128461
3.5556904012
3.6988740128
3.252670541
3.7556912019
3.39264793
3.712023516
2.963768409
4.31747215
3.184017382
3.501835487
3.77425462
3.784050735
4.301139045
4.31140089201
3.42088569
3.521986532
3.591926231
3.72226525
3.546814533
3.26331074
3.129013909
3.3616767349
4.087471055
3.48103232021
3.517568553
3.559764647
3.8171620874
4.098938568
3.534912956
3.034903078
3.408592559
3.536034556
4.235163381
4.140637811
3.429447998
3.761073475
3.28152882
3.059803357
4.24971683
3.54125257
3.901921104
3.379686241
3.6283413145
3.6750942762
3.81507991
3.623673371
3.97482136
3.470687384
3.987157238
4.070280141
3.448638048
4.077047988
3.86551488
4.164538651
4.0049696221
3.853594891
3.13099029
2.89029716
3.139023194
3.388428919
4.220411741
4.158435251
3.7006341785
3.76114968
3.312219375
4.046757588
3.48851045
3.410290785
3.137503817
2.698945575
3.225185039
3.675306246
3.346401262
3.283064083
3.818609035
3.823970989
3.196299402
3.673956298
3.808143183
3.286619939
3.297257152
3.414474451
2.698422998
3.607792365
3.412321248
3.455873838
2.99765395
3.692951625
3.244347348
3.42611738
3.354543227
3.354607243
3.688710035
4.124076744
3.099754037
3.489704851
4.070153076
3.549465164
3.779920397
3.531350598
3.178395419
3.568607656
3.41450525
2.819259262
2.829923354
3.379794995
3.9202559
3.74063358
3.109025875
3.371877118
3.624393081
3.094314498
3.408756402
3.045538254
3.3728917343
3.203119464
3.02688988
4.218901559
4.018858707
3.836893421
3.784643344
2.614914514
3.103788742
3.7921115757
3.821194126
3.809940868
3.376981849
3.480004819
2.734185228
4.230035769
3.701649721
2.9862020152
3.653613038
2.724668692
3.531430479
2.970444399
3.337547979
3.798962418
3.54636011
4.535221778
4.566018938
3.252304562
3.012438442
3.290083736
3.908145158
3.773613145
3.406097272
3.258098526
3.0497878956
4.197536619
3.5690128
4.541227834
3.472268539
2.853779173
3.355070132
3.187533328
3.084380923
4.005674002
3.713902497
2.927082278
3.735803922
3.498856453
2.358818162
4.147020537
3.755262062
3.326463141
4.203609195
3.11614422
3.808096039
3.557456833
3.175863244
3.309448456
3.576341712
3.589655906
4.194351801
3.438223954
3.841140748
3.092934532
3.311386828
3.899691488
3.577251293
3.602622511
2.8868145399
3.00042566
3.615858755
3.153667552
3.574766676
3.47214366
3.428598724
3.439835204
3.2810321527
2.331426528
3.48403048
3.801696568
3.506327958
3.643298268
4.092052274
3.340490028
2.475784755
3.726733696
3.313051417
2.986334926
3.570199604
3.603441418
3.999531425
4.108536398
2.813451422
3.744879844
3.501035077
3.384425271
3.67713509
3.352098581
3.6092485675
2.927214517
3.943906708
3.618391698
3.547643535
3.35203853715
3.024984212
2.967043478
3.577694546
3.70449713953
3.971595932
3.210505978
3.565948398
3.391961133
3.532602295
3.195259738
3.440985282
3.935299473
3.728284614
3.194861129
4.113929842
3.386256102
3.996540131
3.063033078
3.092944738
3.3942028502
3.051784822
3.601819333
3.606014215
3.702784935
3.975624073
2.936256069
3.332592573
3.364546304
3.274875397
3.3124348253
3.8422490118
3.6525369389
3.283693417
3.547011261
3.337264589
3.6169327167
3.703708043
3.429734219
2.940765455
3.148820978
3.454551287
3.753663818
3.482198265
3.691295301
2.628809018
4.229361959
3.139737118
3.1924395748
3.4478239514
3.053284682
3.380904374
3.3556879861
3.978934675
3.2444181665
3.0643638345
3.869539562
3.4819735033
3.099850773
3.006037362
3.230139772
3.8285235778
3.220012647
3.610438677
3.721242404
2.956766268
3.930257889
4.0607129793
3.049313531
4.0977722943
3.4235332636
3.437943358
3.6959610869
3.353300603
3.619315584
3.763718852
2.6526779247
3.7986980727
3.806615616
3.977167926
2.978350715
3.444682405
3.479625739
4.33779949
3.374743154
3.913363894
4.124250938
3.677766843
3.504539621
3.683298101
3.16469964856
3.472788454
3.542735541
3.705885522
3.463652201
3.811689984
3.393558828
3.45500823
3.649928718
3.400297838
3.23299213
3.57683771
4.030154173
3.553132601
4.483595416
3.815579809
3.6728991117
3.5067556063
3.019093775
4.471918497
3.007340316
4.4803436638
3.411939841
3.5183329355
3.19558877933
4.072986815
3.374850153
3.4862778259
4.0548028284
3.233725829
3.7411045214
3.4791583485
3.159773218
3.349262047
3.825652887
3.477819845
3.6103323395
3.129831078
3.5415719442
4.394268466
3.776079028
3.514849438
3.542686341
3.218560995
3.220820852
3.388164249
3.022073295
3.419193231
3.414368864
3.433056085
3.9555363074
3.825573364
2.96682263
3.463202968
3.113075246
3.310895266
3.44966398
3.8636662
3.164492266
3.4790329748
2.682635144
3.848985998
3.132425614
3.384134509
4.0264955081
3.778631289
3.773829379
3.020727182
3.168254509
3.814195097
3.311426999
3.383398044
2.866015687
3.5133738278
3.377127722
3.822280544
3.527593819
3.572605346
3.60595748
3.275858937
3.115335458
3.954960549
4.0768380859
3.083879131
4.279902999
3.751719316
3.45805564
2.967142241
3.7043162855
2.751483565
3.5557847
3.747637489
3.6943627601
3.013947042
2.609036895
3.790087369
3.574983781
3.5246901466
3.33328305
3.786236231
3.1419483268
3.263401563
3.185334509
3.811252433
3.468631941
3.769948421
3.207754689
3.653588549
3.747155673
3.421157089
4.108712331
3.266663199
3.429730476
3.779959831
2.796244424
3.493197144
3.020677451
3.937149947
3.129779162
3.58049688
3.751395235
2.980378363
2.438259862
3.049110436
3.615615376
4.105205371
2.6825146508
3.44705788
3.075617151
3.767854609
3.725388445
3.035847542
2.6568966716
3.729917557
2.74518985
3.030979509
3.918222534
3.29983516941
2.813526687
2.914494576
3.273780729
4.2748040213
2.908094619
3.510498703
3.5189411643
3.2955669842
3.473247106
2.848945811
3.009965119
4.240067979
3.1999600791
2.986357801
3.557270264
2.967966571
3.489028191
3.708223269
3.482038462
3.648447029
2.847033419
2.326038992
3.625977782
4.0213126272
3.660024922
3.200515691
3.534440571
3.840891978
3.729814273
3.299197327
3.559783708
3.972401448
3.468924653
3.901346458
2.922655318
3.464020906
3.761677417
2.90307605
4.010849593
3.198371401
3.313421052
3.485862981
3.6755122821
3.6857147184
2.68952569
2.983748279
3.547223032
3.48837331
3.764334588
4.174509528
3.922347651
3.611113614
3.8004488518
3.975210023
3.5735592843
4.409843313
4.1054802675
3.563454851
3.350942809
3.345296697
3.625937031
3.048848133
4.118569152
3.090563706
3.316989237
3.358444178
4.242695358
3.615427298
3.920845528
3.199741563
3.3575823472
3.913502849
3.5477898093
3.755862298
3.6048586406
3.81156094
4.583964457
3.371620964
3.056849922
3.310748033
3.640215956
3.227686833
4.236899623
2.645196637
3.981355462
3.194659969
3.389292527
3.0602633646
3.391253851
3.368896498
3.379622326
3.453646808
3.323665093
3.892273273
3.3028271324
3.863952807
4.187154732
3.254960584
3.901674564
3.015574882
3.518674525
3.465301378
2.768205886
4.194666494
4.057097748
3.964579999
3.703419244
3.343002206
3.175926927
3.595481655
2.443360269
3.2993505905
3.065054746
4.175676694
3.639831996
3.102413734
4.085665286
4.189362212
3.434414416
3.282422682
4.14622466
3.188610352
2.867674111
3.231709486
3.2374780691
3.36995567
3.677877966
3.913724044
3.6326303021
3.278608121
2.758719017
3.181421786
3.612370922
3.69415989
3.078611965
3.305815704
2.979478225
3.566264136
3.749614323
3.44663314
3.116998104
2.731714968
3.781202295
3.2571947416
3.346780287
3.446964744
3.3141159144
3.313391859
3.023385872
2.831020999
3.522343278
3.308497386
3.343039428
3.371067778
2.580826624
3.425170564
3.444457531
3.148131099
3.713488758
2.870527146
3.345608603
2.97777508
3.8629605985
3.2136176919
3.009499999
3.7111988309
3.271812796
3.371231767
3.1833117
3.570277461
3.874956688
3.276523956
2.948091869
3.946171264
3.227562457
3.155254724
3.446690514
2.968239744
3.325646533
3.190983219
3.7144060492
3.317870466
3.52479174244
3.894390068
3.567680254
3.022829031
3.138928245
3.684197908
3.10402251
3.204758853
3.020774678
2.674524425
3.711224098
3.299554156
2.981921705
2.750192282
3.305901037
3.696467689
4.3084488659
3.348631283
2.843241331
2.745929268
2.595899587
3.660818285
3.772317266
3.507888973
3.775841231
3.100910383
3.410302782
3.038105175
3.280161697
3.873781068
3.211897616
3.16695486
3.402363261
3.597661154
3.633044625
2.442993404
2.980668806
3.425675845
3.622515483
3.397842817
2.693617125
4.042087091
3.8807439262
4.036076498
3.849891565
3.081519398
4.280721348
4.313001021
3.354363106
4.18119434
4.562216817
4.33900682
3.394765998
4.628783517
4.144580318
4.101199521
4.179086091
4.499432645
3.507279593
3.3580838753
4.053186409
4.12591867
3.743675544
4.289086234
3.405213171
3.268558334
3.416895817
3.535361009
4.06199593634
3.959818794
3.77805226
3.605737259
3.683999744
3.87422029922
3.6292823775
3.912271799
4.3520166183
4.110782028
3.7630825236
4.0867582894
4.434739368
4.4721133471
3.874990336
3.766381619
4.065130607
3.4994377121
4.3718378718
4.256744489
3.893074204
4.3059801389
3.9222326
3.631893828
4.434840104
3.365857173
3.65908362
4.244990034
3.2504180041
3.377469534
3.929726301
3.9800714856
3.50184682999
3.787074324
3.691313633
3.706513948
3.945059244
4.0503318868
3.80980611
3.463626417
3.826580257
3.6604927
3.821710604
4.0447847634
3.632429864
4.554945317
3.282104777
3.806595876
4.126956602
3.98984917
3.922655192
4.500250734
3.7208723821
4.880374
3.567607819
3.027785343
4.047408076
4.450427104
4.258189576
3.875316617
3.904102786
3.718522442
4.029710117
4.274269464
3.721041441
4.373884567
2.912818594
3.747474979
4.1368216788
3.151878124
3.422136869
3.481026605
3.6598046726
4.435697894
3.707790495
4.1175276429
4.202586018
3.538410549
3.4513208358
4.158557969
4.085639926
3.894735747
3.502339161
4.462377444
4.170623985
3.3828795376
3.730352668
3.709559482
3.830427394
3.292328749
4.0767839857
3.997632528
3.527980228
3.72645448
3.435419349
4.378906451
3.071108292
3.552562616
3.825218667
3.727787059
3.917950535
3.903350831
3.049159752
3.27351706
3.478633194
3.998570629
3.963458871
3.606632818
4.318111421
3.350008742
3.735207539
3.817379501
3.218156429
4.148145291
3.676305646
3.5148835451
4.2459590874
3.602888766
3.440898249
3.804950608
3.1737530772
3.5560914745
3.62361814
3.835526181
3.763991618
3.903085999
3.938944226
4.659478939
3.9470278695
3.47766354
3.171257988
3.12053036
3.869311406
3.996616807
3.88555423431
3.913647879
4.032863625
3.707215661
3.5694485259
3.6340296425
3.991945865
3.7539880328
3.760112197
4.096338812
3.488888748
3.6058608261
3.941020432
3.000501965
3.708813808
3.795483701
3.910304519
3.423795016
3.036223571
3.89712044867
3.527692552
3.741917294
3.4606684679
3.241604438
3.381862413
3.62031157
4.114143122
3.91933275
3.117166458
3.711937805
3.188659621
3.414566682
3.7264869807
4.308153731
3.168870601
4.1205839026
3.6315828821
4.2251007278
3.311236267
2.711996356
3.0880372276
3.387553081
3.638319714
3.9257185739
3.340777323
3.126898254
3.300172172
3.170707525
3.181821665
3.4285478437
3.626600462
3.631927926
3.061138487
3.444159381
3.372878829
3.048671024
3.455378764
3.233318832
3.1038180353
3.588278831
3.922319088
2.989145778
3.121225511
3.235782095
3.290218234
3.167542835
2.726313524
3.013583666
3.44722894
3.904039748
3.313279968
4.069519516
3.207596442
3.5818294715
3.281849203
3.667092089
3.464968877
3.7284665505
3.030977336
2.743188999
3.155544826
3.573086901
3.132593131
3.448924991
3.183026057
3.25733902
3.192055201
2.822335638
3.03625723
3.54573878479
3.425654702
3.14477296
2.923018556
3.548777373
2.753424959
3.497369051
3.638430677
3.436757685
3.206506883
2.996233465
3.23632062
2.848307481
2.927431114
3.133552066
2.954802112
2.730406667
3.637906324
3.926965903
3.446280658
2.704992929
3.34371497
3.903799473
3.62133274
3.284369979
3.6515416715
2.919477981
3.36589375
3.721075888
3.5392397025
3.301829357
3.400685962
3.71083323
3.690075119
3.343588771
3.672984426
3.624842408
2.93010577
2.856641831
3.318765127
3.97818649
2.912195557
3.601523934
3.48299176
3.731049886
2.7749365632
3.052770082
3.037120254
3.59202337
3.669196409
4.304415705
4.315019551
4.667142536
3.620746301
3.623923615
4.073422394
3.7311064849
4.945864181
3.365476804
3.802955105
4.255173261
3.986517473
4.072371455
4.8071698467
3.94807029
4.324596724
3.997719479
3.6162589871
3.894966731
4.2215069983
3.739774263
4.101936045
4.140599065
3.7141201225
3.8630613791
4.0157996716
3.98843015
3.513506808
4.263640159
3.650215368
4.035733462
3.9889150911
3.614641192
3.424000458
3.165771713
3.690205031
3.817448162
4.764822645
3.80509382630001
4.16515868597
3.656034501
3.8568855675
3.7320650224
4.030201059
4.5063457813
4.559114761
3.04411248144
3.6380621551
4.1979646779
3.750665445
3.7551016887
3.5746783165
4.1113407744
4.344046447
3.709145336
4.001459087
3.5136548224
4.161399573
4.019857879
4.3133411071
3.964750372
3.914762606
3.997078907
3.540564257
3.783868622
4.299451883
4.15483774
4.51030519107
4.4747472745
4.2724517139
3.631111003
3.386822874
4.496173693
3.858933177
3.596712154
3.581364497
3.927448484
3.5530594721
3.82823816
4.040526915
3.765536125
4.2650234211
3.8828110329
4.470117495
3.696458371
4.209272001
3.8108091754
3.9015261927
3.497791385
3.95397426
3.352327777
3.696319065
4.541585646
3.5532237999
4.185029785
4.073122383
3.712009777
3.987226907
3.866042154
4.272739097
3.858940415
3.67268764
3.32300211
3.48120123
3.07599285
3.114197898
3.50582014
2.468510312
3.32388273
2.805956943
3.84598433
3.32272852
3.2781772746
2.95298169
3.313978231
3.141059273
3.412280662
3.449521228
3.660934612
2.699371401
2.962409514
3.67298132
3.695122567
3.371767054
3.32096052
3.355378117
3.409084767
3.23091634
3.047262411
3.564737313
3.28356466
3.46706466
3.439393821
3.346443439
3.433540154
3.5186605104
3.071280762
3.040827285
2.859153924
3.7385632502
3.2699596
3.213187332
3.863447373
2.88955471
3.675055402
3.12008822
3.18406448
3.5377859496
3.700418181
2.901193731
3.331638261
3.9357998682
3.836696908
3.355658619
3.3914974254
3.35789804
3.74359535
3.928549009
3.02055299
3.5160052
3.288070684
3.0917801213
3.564890026
3.31366792
3.3201366095
3.41742764
3.255814431
4.0695183
2.990388855
2.677983915
3.56223246
3.311999728
3.575284371
2.953839611
2.683934326
3.890397442
2.74212976
3.20756841
3.524133383
3.029725695
3.81468221
4.125288
3.10996755
4.16764574
3.30497526
3.676649637
2.81830167
3.496189621
4.0673702
2.72882367
3.57345386
3.24731819
2.735020603
3.6080066
3.574039
3.254367063
3.06340446
3.4475269
3.97041358
3.69309498
3.854856712
3.464353716
4.13139778
4.199369788
4.109491449
4.176343889
4.096464262
4.014857635
3.645507032
4.207868297
4.3242868845
3.875593218
3.402661645
4.012162495
4.363946273
4.01425755
4.2364491141
3.2665768765
3.070162281
3.677684118
3.920033746
3.794761777
4.116738064
3.145099906
4.248299269
3.6472738588
3.669568857
3.763418807
3.247572427
4.249727921
4.552726125
3.59011719999999
3.695371697
3.6184160854
3.842924575
4.561252873
4.377715607
4.1231276121
3.5635807455
3.741397171
3.249842185
3.685211788
3.8965528605
4.2468965
3.842025285
4.1259368641
4.181382773
3.990388346
3.87095561
3.453101757
4.080494171
3.607905229
3.920708585
3.554345071
3.825941231
3.894665673
4.247207555
3.771989207
3.626530402
4.036275442
3.42466814
4.005317005
3.8432678389
3.858281145
4.040733667
4.537069644
3.704703373
3.947449205
3.352874302
3.681676424
3.354278776
3.173762489
4.044697526
3.655220977
3.578120857
3.6909806095
3.6715813496
3.7583190252
3.91626855
3.4952497036
3.492732767
3.4156537421
3.90039597
4.025709432
4.122008691
3.740487319
3.566835562
3.997249799
3.6926748004
4.065033553
3.417309395
3.657320971
3.975230066
3.324707044
3.311520427
3.228555064
4.043268
3.570811497
3.31961844
3.584818084
4.181809263
4.094518763
3.859595612
3.137706892
3.629015144
3.538203834
3.755800891
4.021715963
3.780017961
3.6353515928
3.7363262509
3.497029141
3.4588221659
3.739895869
3.58788413
3.624520258
4.31884652
3.18791955214
3.345514852
3.601059734
4.403561702
3.87590954
3.9737332008
3.5882766
3.5169574863
4.054623052
3.458598244
4.101294096
3.812983078
3.666192395
4.228184192
3.970438433
3.88936061085
3.76270671
3.877826291
3.796052483
3.59152497
3.718121952
3.176678162
3.523068152
4.021543361
2.8250717883
3.301301362
3.833708618
3.80259389
4.2218044029
4.126237927
3.612724691
3.745714326
3.955713189
3.298967343
3.85530626522
3.82173991
3.255795311
3.394929683
3.672114468
3.415813406
3.0134307108
3.501104025
3.669562932
3.34825939
3.480660365
3.76393302857
3.281808772
4.406940986
3.094314659
4.407649038
4.058976225
3.963535211
3.782521873
3.500622505
3.647842249
4.371387252
3.63075744
3.8128394274
3.64243282
4.543685897
4.396313606
4.157178211
3.71878351
4.005090529
3.279989665
3.741365097
3.366540027
3.420271076
3.773827174439
3.768456316
4.134365002
3.658109741
3.448857566
3.82253436
3.188073671
4.179526229
3.619333806
3.800201874
3.510088078
4.330494368
3.857595037
3.71042634
3.351931448
3.751924688
3.5611663259
3.205396605
3.1234585613
3.464220406
3.395346792
3.487134094
2.854863625
3.284686294
2.951246795
2.854356153
3.045758187
3.398436404
3.573350032
3.278357807
3.128558852
3.430189864
3.2511630198
3.196065658
3.716144581
3.039659098
3.167704772
4.18396245
4.197989221
3.58424329
3.8292228522
3.43934804
3.1352941552
3.223676374
3.727681154
3.307168666
3.457961224
2.9508684682
3.731391106
3.19377341966
3.351526517
3.311873204
3.573538655
3.414141334
3.7703820798
3.095719694
3.361112002
3.4990548378
3.745160654
3.263515768
3.277452914
3.21383799
3.063166305
2.8239862773
3.5065362475
2.930966852
3.347215726
2.7531201854
3.038965053
3.228135958
3.408722791
3.6336688315
3.394299153
3.342819317
3.3240073064
3.71964105179
3.705750683
3.247140622
4.105959909
3.017296704
2.852603411
3.055645467
2.867355786
3.593774842
3.205318559
3.150598996
3.6652019707
3.0531719144
3.674137586
2.974027956
3.09191793
3.7220830635
2.74242992
3.375362021
3.530481201
3.585259088
3.535269276
3.428510806
3.16166443
3.33451723
3.121357319
3.23161054
2.742243952
3.396017961
3.42770011
3.682018286
3.035715423
3.418827875
3.010289542
2.733340578
3.962657076
2.985873223
3.485915817
2.758562095
3.197795149
3.777949861
3.229690584
3.582834454
3.57933436399999
3.533046681
3.541729102
3.475809131
3.563777684
3.458539607
3.487933236
3.513639421
3.017080187
4.395253362
3.776366168
3.4902463395
3.306702916
3.179951559
3.565358176
3.736124021
3.065819794
3.881369983
3.579532306
3.26586684
3.414967319
2.68353993
3.135903735
3.68266997
3.058280877
2.990918136
3.351943351
2.937417325
3.859646802
3.639844015
3.223115721
3.675540777
3.811646726
3.081227641
4.641843006
3.163239241
3.585976599
3.650031335
3.259588933
3.526208051
3.7323993
3.035462418
3.272186055
3.629632522
3.3491932385
3.079966601
3.661690121
3.858341064
3.553713748
3.767878505
3.453637811
3.211000273
3.121803491
3.539178365
3.549976948
4.057670901
3.373467341
3.258845001
3.819276086
3.141718822
3.367893706
3.54463265
3.1382554711
4.028836644
2.947625952
3.939857179
3.416674085
3.05948104
3.4004390884
3.248946205
3.463615076
3.534872167
3.086124984
3.494927
3.188484061
3.11351847
3.422355861
3.356696092
3.955497351
3.324098411
3.781284765
3.101757649
2.487470737
2.854225188
3.252280885
3.466241107
3.545949008
3.434327721
3.304212643
3.672136921
3.534549118
3.246614381
3.252093895
3.184024439
3.6768258577
2.857645748
3.39909235
3.366204847
3.258138162
2.8768987821
3.825414797
3.407385826
3.9423759784
3.435394865
3.295173971
3.3440637112
4.023638547
4.41982771
3.211896324
3.3576941869
3.715547853
3.339233299
3.085341501
3.197218945
3.492589187
3.338275693
3.672898399
3.15594524
3.40563338499999
3.090041362
3.2384431313
3.3697072792
3.890000971
3.720940979
3.654086702
2.506325073
2.708482677
2.992364294
3.150547608
3.71463483
3.467610873
3.368304911
3.4101620118
3.307156307
3.604762227
3.512223592
3.760461763
3.618680669
2.986274913
3.451260507
3.377335631
3.3689532493
3.124777016
3.495183339
2.90472667
3.12854426
2.919391076
3.122676169
2.970117809
3.55823106793
3.76790434207
3.2653250214
2.712801564
2.847042265
2.752180109
4.10830281699999
2.9586903115
3.449456266
3.732332535
3.041014623
2.887624505
3.795051801
3.334939045
3.4007839271
2.688102652
3.114440029
3.081475827
3.353507476608
3.622168348
3.334892329
3.047453524
3.351798893
3.4190204143
3.402699042
3.230120889
3.6757094055
4.285747669
2.752197239
3.261487277
3.068517827
3.2100021938
3.2321647609
3.221194884
4.156108707
3.1469913699
3.239523482
3.994915838
3.53256327013
3.322243457
3.1913947617
3.321672767
3.481412404
2.744880882
3.71758194
3.560892724
2.984611307
3.115449705
3.433876778
3.1100698964
3.390145128
3.251799622
3.98627257
3.067535421
3.42852797
2.855906151
4.416988889
3.196159248
3.55693173
3.664370777
3.181662962
3.554082955
3.759393002
3.29874717
3.068125218
3.686622358
2.852953404
3.355232665
3.842203292
3.445845873
3.346928350416
3.7152868519
3.221880678
3.2969438495
3.257179404
3.2767320037
3.321148958
3.122417387
3.166192472
2.230716907
3.588184107
3.1030672494
3.643107568
3.1311732969
3.812052728
2.98593134
3.294147942
3.119281712
3.184575676
3.654709499
3.252228572
3.9485751078
3.57153202
3.662568232
3.269471863
3.398543182
2.849693708
3.283545989
3.917642097
3.518121019
3.89885575
3.772846802
3.3365482013
3.522734657
3.79740872
3.4043301229
3.8529070375
3.368062402
3.54229519863
3.491060229
3.46668133
3.346327384
3.40668559
3.676178097
3.932372765
3.653125652
3.911138821
3.456919599
2.959688642
2.994956412
2.891393312
3.318257785
2.726861217
3.170034678
3.042798288
3.0388708234
2.88440138
3.02512775
3.391242578
2.49010599
3.5340151512
3.681066295
3.41160224
3.3822505014
3.84434071
3.442973424
3.604193444
3.573559908
3.828124393
4.07933388
3.447637045
3.291726796
3.759883563
3.1805474817
2.744900927
3.002524957
3.336746574
2.929133207
2.6441029
3.4088521282
3.5977820299
2.917248212
3.924925089
3.3013628162
3.01592924522
3.229158606
2.9685375243
3.26781767083
3.801240831
3.6537660693
3.439405788
2.913911229
3.164151809
3.6878420549
2.949228158
3.0844451207
3.279399775
2.754691439
3.059308754
3.672772533
3.878187648
3.705046034
3.1132642814
3.80713072
3.8094622347
3.072509415
4.220914716
3.5596912949
3.466802149
3.217440769
3.091400452
3.910814804
3.703856824
2.736572455
2.941640162
3.519856738
3.221241167
3.7012056805
3.264805289
3.132469484
3.56945235
3.166817484
3.052422592
3.618291904
2.778320545
3.806669712
3.380719253
3.088087616
3.005992292
2.672235467
3.488477428
3.249119205
2.867499439
3.133139558
3.029105623
3.472168974
3.63975351
3.013582494
3.8106814916
3.185107138
3.140160233
3.7811764907
2.7242077749
2.667888364
3.115564894
3.262163898
3.560113373
3.668566319
3.254745432
3.00355624
3.2613219705
3.909532949
3.087925494
3.27397587
3.225575793
2.791392636
3.6933331028
2.93315733
3.040701514
3.223624932
3.632842944
3.198480226
3.299912109
3.08437131855
3.457528177
3.199943222
3.413090809
3.49082821
3.728256851
3.461114676
2.995719468
3.151821633
3.5616005545
3.02101146
3.5779318128
3.195517211
3.2629391667
3.493603179
3.46501214
3.348703315
3.301725196
3.368133706
3.3206111163
2.855263341
3.16926783
3.6595257779
3.58068497
2.7873284
2.6568692
3.02468145
3.098339172
2.988309053
2.38001547
3.039144919
3.63897739
2.19746145
2.97370907
3.37242955
3.078305791
3.5338607
3.04900085
3.08033707
2.77747113
3.1204797904
3.2583243563
3.337534533
3.291495732
2.520807945
3.368249396
3.00772333
2.658335716
3.17519657
3.122916508
3.39564591
3.320438665
2.8367395
3.353134572
3.279625696
3.1106641
3.647961423
3.34805946
3.217329756
3.626276991
3.624979851
3.426706641
3.10875592
2.95649683
2.733836204
3.0665208
3.26297323
3.299912715
3.22966806
2.967983777
3.80907997
3.254211184
3.179105211
2.779353239
3.3685991447
3.264354353
4.08330889
2.83804084
3.85403276
2.84249929
3.32457983
2.619649118
3.53440967
3.59129227
3.71181532
3.527167898
2.95565286
3.331258831
3.23319416
3.84079269
2.94538783
4.4963143044
2.94448068
2.88455401
3.32381893
3.46953195
3.17703491
3.435027431
3.1555264
3.172829411
3.04684555
3.62498835
3.965986468
3.43783367
3.282543016
3.80468033
3.564262025
2.62364391
3.30016608
3.52989707
3.635370498
2.95018972
2.96255774
3.274150445
2.66538752
2.99842508
3.52142981
3.48998805
2.75979872
3.55508935
3.16220267
3.3032308321
2.90306998
2.9700603
3.37262276
3.89175153
3.10772569
3.10284888
2.99015042
3.41998564
2.96556348
3.60046163
3.66433555
2.88669869
3.05141923
3.361592048
3.275393229
3.90533226
3.46036378
3.03715116
3.59990848
3.267655758
3.04374764
3.37695067
3.1091868
2.89737351
2.798008
2.56431482
3.35237277
2.87475326
3.53274324000001
2.81512282
3.030697953
3.8907654
3.182698277
3.106111341
3.10338316
3.62783697
3.413271639
3.1700848
3.18392694
3.3134755
2.83846439
3.68577724
2.79210024
3.87136321
3.180570019
3.481694327
2.96508947
3.32779977
3.29957675
3.18995271
3.3750264
3.64019144
3.28879978
3.54081656
2.61878773
3.55682042
3.51970871
3.05040616
3.1761057478
3.43385386
3.21720497
3.05872745
2.68123936
3.313983062
2.7223712
3.780516973
2.636117842
3.04983278
3.44997749
3.97899574
3.407737372
3.08086217
3.943207641
4.041370041
2.6515977
3.2475969
3.82432581
3.090155455
3.39054694
3.710224329
2.730403383
3.3299764
3.31217477
3.275592904
3.601010288
3.14119038
2.66270903
3.779414262
3.06253226
3.40817138
3.1412394
4.12360738
3.21720069
3.02655998
3.45423714
3.335040015
4.00089274
3.26359915
3.82032025
3.61175708
3.897003422
4.020768978
3.309602624
3.96835652
4.35119834
2.9404949
3.75900197
3.422846595
3.687065355
4.13108785
3.262319472
3.40550345
3.25286045
3.3981374472
3.42905182
3.62508069
3.701816801
4.17663415
3.2516542
3.335817482
4.0644577585
3.995754484
3.11585042
3.39072147
3.550180927
3.85075995
3.610026051
3.995266304
3.2288607
3.972909882
3.96386168
3.56229078
3.5411766
3.35238221
3.35888444
3.21064654
3.170978356
3.36926245
3.74837769
2.96368376
4.06538865
3.483255721
4.031892701
4.26283831
4.09400382
2.947698944
3.34821774
3.638538019
3.699199903
4.07143821
3.921366187
3.9776197
2.8184398
3.46213045
3.070581717
3.42290597
3.75047288
3.47344928
2.98106896
3.128219423
3.30590924
3.79961996
3.50363428
3.757819784
3.78313116
3.49528462
3.991621897
2.98142008
3.764843744
3.276419877
3.66658553
3.21274011
3.291480279
3.43258869
3.7568582799
3.67641879
3.86422478
3.41877976
3.43392452
3.591622879
3.57782587
3.484663074
3.332888
3.537418217
3.675979042
3.092611924
3.30500932
3.7035281226
3.862372266
3.35116084
3.77372483
4.109345202
3.56272786
3.887591176
3.235107717
3.360979592
3.499110138
2.874075375
3.3736420505
3.024286252
4.182097501
2.65223064
2.969787271
2.9262879356
3.222623084
2.983212288
3.0917381831
2.979648909
2.418874328
3.095709656
3.155134672
3.082327218
3.010557422
2.634763748
3.0154014952
3.379065878
3.671119166
3.010676818
3.2399393482
3.0611361619
2.952868619
2.830304482
2.749685844
2.716104948
3.734930969
2.61993228073
2.74614908
3.374348242
2.861181968
3.100621237
3.040996326
3.403824911
3.171252221
3.1984924397
3.036362508
3.358918905
2.721808803
3.183580553
3.21436234
2.966255973
3.090574308
3.177088392
2.412608648
2.6497914682
3.733500542
2.856432334
3.349679094
2.804321702
3.613777135
2.853644721
2.765375972
2.80632412
2.771497429
3.034221863
2.841814637
2.939390102
2.458155008
2.769530104
3.364674476
3.138565909
3.0553453148
3.329358912
2.766093195
3.534171113
3.01751576
3.690490258
3.024938282
3.846469332
3.032858838
3.321794793
3.638072398
2.664316622
2.971856466
3.343009742
2.6689484073
3.164845594
3.467390138
3.199597455
3.316353788
3.2688239556
2.935245518
3.0496861667
3.343241228
2.936703792
3.296644201
3.460457138
3.147346949
3.567448912
2.825869163
2.891645565
3.1516331137
3.325868703
3.534038176
3.5470585652
3.399845384
2.857601224
2.898511221
2.658891104
2.814347619
2.913265214
3.046738814
2.719533489
3.128750669
3.673255304
3.253707304
3.051791354
3.468714958
2.879105119
3.911813259
3.062316444
3.288877822
3.684874764
3.547471964
3.318783158
3.083918274
3.574406374
3.512388104
3.397217704
3.867495119
3.675490544
3.4962695101
3.127926634
3.682922864
2.530555454
2.904698226
2.816866214
3.166494454
3.091607794
3.608296667
3.715911658
2.888407028
3.919307079
3.129664934
3.255719849
3.6585420856
3.084277073
3.414531966
3.210608444
3.659000244
3.1765956225
3.141226554
3.754368754
3.363095574
3.18773237
3.087040207
3.428064907
2.925577704
4.031480592
2.950146978
3.745778584
2.976546019
3.386155804
3.039672224
3.028876233
3.356190958
2.779316554
4.001949495
3.241979047
3.453161746
3.745617349
3.010203854
3.183469459
3.911114291
3.418515234
4.152459717
3.632446455
3.471624144
3.305410231
3.200867035
3.714647614
3.321412024
3.852255994
3.509157894
4.090424394
3.592420624
3.779234011
3.349055224
3.518268844
3.358114226
3.541377611
3.108659994
3.035926554
4.080154384
2.974859927
3.454068358
3.030727076
2.972029144
3.43163567
3.687234794
2.967350854
3.210508662
2.970180831
3.312729129
3.671513496
3.84325783
4.51204911
2.949225052
3.646216874
3.50611349
3.00216488
3.938059268
3.300003974
3.219713028
3.41595826
3.8703958498
3.43043775
3.9170887
3.25011488
3.7809074
3.71920515
3.77515354
3.22710143
3.338881951
3.408386121
3.625939934
2.8238226483
3.777686623
3.31402963
3.83003152
3.20919334
3.249043088
3.476860213
3.75951772
3.244308329
3.254795426
3.6988656377
3.877667099
3.263690221
3.65635683
3.913593774
3.0816838963
3.52648402
3.50573059
4.16195411
3.43670633
3.137854422
3.925884
3.234459
3.836367331
4.359021919
3.97897892
3.732466067
3.84205095
4.0150782911
3.287740234
4.054258151
3.769004313
3.47704349
4.50590632
4.17018595
4.402721149
3.21293935
4.418242546
2.771194476
3.813341389
3.422577999
3.280145293
3.369685331
4.1825387
4.19947199
3.356999142
3.367171814
4.033880993
3.6842367434
3.627981027
3.42813403
3.250392994
3.4950193091
3.836358575
3.513764429
3.67796637
3.87774954
3.926296244
3.72527226
3.675518164
3.9268917744
4.237632033
4.077309821
3.214368373
3.71697016
3.29029301
3.962106214
4.25699387
3.10343182
3.077545456
3.460083547
4.331669034
3.1870748641
3.631440487
3.71724224
3.65444405
3.637095541
3.427849222
4.05545244
4.278584276
3.32205824
4.143338649
3.762789189
3.3087780278
3.81869978
3.74127813
3.514001958
4.15613352
3.1025396
3.76916665
3.22413021
3.49565962
3.46924266
3.6628932
3.828372437
3.233414031
3.74280548
3.41802102
3.79210481
3.940959158
3.300266319
4.076893591
3.80661485
3.710518833
3.555041645
3.49724526
3.1220830599
3.74152324
3.642528438
4.59414342
3.56509027
3.27227073
3.55547786
3.060399867
4.24858166
3.114841655
4.54717717
3.136519715
3.37395897
3.975151539
3.014468415
3.458706066
3.6485159
4.44776176
3.44575351
3.473814742
4.39585294
4.061702661
3.995410276
3.26321862
3.956096086
3.874564525
3.9788083
3.45935132
3.9217656576
3.545674495
3.438939589
3.392877346
2.559691363
3.54858544
3.41921885
3.840752346
4.115074113
3.662806292
3.5079152498
3.2691372876
3.465289367
3.395723748
3.542165526
3.97782025
3.81913575
3.99150514
3.632081266
2.876097454
3.040756144
2.700198493
3.773785516
3.509981788
3.360130122
3.390951103
3.77911256
3.935555252
3.819014523
3.24456616
3.787682252
3.77972901
3.68117075
3.57317934
3.89913128
3.271147864
3.931819326
3.928620519
3.57750329
3.2898475859
3.55852271
3.794923462
3.444737779
2.96873861
3.266924158
3.817248132
3.0543258222
4.200550131
3.79953655
3.20619398
3.5858883219
3.47735445
3.11637262
2.98692193
2.99436124
2.94443275
3.042072041
3.307883451
3.7422780898
3.769440151
3.555457038
2.788466531
3.03148288
2.794525808
3.87838624
3.70623928
3.703826138
3.36322193167
4.000657985
2.884965596
3.00749384
3.134324605
2.97181852
3.248338
3.97620297
3.194528685
3.065612192
3.23388926
3.739326016
3.466542275
3.551369919
3.540593305
3.617098727
3.7701857387
3.3786501714
3.22672857
4.146642234
3.42384111
3.394893774
3.686469044
3.402683003
3.85933796
3.300660544
3.115135309
3.2527603
3.1121405285
3.17753948
3.00855304
3.4347341646
3.25802034
3.362646643
3.340604473
3.61637991
3.43369168
3.57555629
4.36251538
3.125004739
3.359599379
4.03057387
3.9208119238
3.64987517
3.6240583555
2.912908437
2.616372597
3.967331224
4.07226107
3.4917011344
3.432131885
3.386351149
3.02016689
3.219875129
3.54660164
3.21097814
3.645770715
3.159784291
3.82061274
2.831083091
3.170769768
3.83022639
2.7543677771
3.636148579
3.319949989
2.9450679788
2.93896593655
3.5821738536
2.9661724215
3.187905624
3.294653159
3.78717061
3.81060655
2.97332894
3.321193616
4.005774677
3.047442392
2.961443657
3.364050797
3.431196163
3.079050565
2.734416054
2.901676561
3.676273682
3.261557573
3.141330468
3.2475702945
3.122047443
3.2052142558
3.1855357345
3.116985648
2.97880491
2.643906632
3.789490173
4.037324417
3.8936913961
2.966824982
3.828344793
3.223860378
2.99031316
3.739305986
3.353643325
3.2341071816
2.8282504
3.597573438
3.292618691
2.971659489
3.508582563
3.461030878
3.150731114
3.018068476
3.43813016
2.722503502
2.879819393
3.3536736
3.682951762
4.04399581
2.667495862
3.1562547866
3.412028428
3.4986381764
3.072980301
2.8948089484
3.515091086
3.074963512
3.394779112
3.206713748
3.337838577
3.232105787
3.422149855
3.2488340233
2.774340382
3.3210492285
3.374460772
2.67190872
3.183243248
2.774256916
3.209408875
3.479756898
3.67988674
3.762098556
2.816884003
3.070166728
2.562987612
3.214666654
3.151191257
4.22252164
3.446592604
2.810720572
3.485681098
2.67743897
3.476666544
3.546419338
2.939176358
3.090585314
2.906214003
3.580443343
2.81626182
3.198231884
3.062331623
3.197305361
3.88429126
3.4122935941
3.127954391
3.533969672
3.186144687
2.856307998
3.5474068907
2.863624309
3.145471406
2.827710394
3.366773725
3.687017991
2.904536934
3.462511564
3.608601947
3.52526948
2.338590761
3.495699421
3.419407241
3.246239925
3.450459571
3.822490481
3.977534974
3.604630501
3.118656821
3.360352321
2.539085429
3.117148601
3.350311599
2.927079863
3.372278349
3.208593831
3.926386251
2.905004361
3.11204315
3.703854229
3.1378961065
3.278051682
3.274029091
3.8223596331
3.418186171
3.064400931
3.427549469
2.968451834
2.98463206
3.088704494
3.455469687
3.467305311
3.064491429
3.942852581
3.118759939
3.451234618
3.509820364
3.328714249
3.593389101
3.473794419
3.500021281
3.322942711
3.591162919
2.857966879
3.859541981
3.480079158
3.140943771
3.208874546
3.548347132
4.095632777
3.563721629
3.743048891
3.365563691
3.826476169
4.110482539
3.681000389
3.344481809
3.679939809
3.681940281
3.5984868
3.385220445
3.364199951
3.108983334
2.958640571
3.464847561
3.915474061
3.039490854
3.877273184
3.637833351
3.374504879
2.885665891
3.438250831
2.9347402
3.471316651
3.642191571
3.85771352
3.348604609
3.029832879
3.426322799
3.364052719
2.574251221
3.305008811
3.591850701
3.722845024
3.132684541
3.318815269
3.116820061
3.58324536
2.993156537
2.804965991
3.545464919
3.499614351
2.962136141
3.185680511
3.246013389
2.794596069
3.312484549
3.130123749
3.694645519
3.306733661
3.588918045
3.082973363
3.369937289
3.181337786
3.918436719
3.518335759
4.251710015
2.934369881
3.990703342
3.823746144
3.872463409
3.266334026
2.9976274365
3.462035586
3.803293734
4.005040213
3.175369545
4.338234124
3.435493366
4.068695256
3.926920479
3.783315326
3.930352842
3.48831674
3.189011042
3.2811479054
3.516894364
3.904347688
3.161323857
3.750536458
3.661182861
3.421506092
3.170455764
3.253959971
3.186014973
4.087264977
3.200818246
3.486361222
3.4540277508
4.334069786
4.159232476
3.187674036
3.397846989
3.825481886
4.204540616
3.457893501
4.011434546
3.421196996
3.646213715
3.853706076
3.625402667
3.572544725
3.803852715
3.544515589
4.006425924
4.014214888
4.373757186
3.509332253
3.736701782
3.733378612
3.348231726
3.16711745
3.4587774097
3.343237284
3.614317636
3.74753004925
4.063030808
3.389511036
3.707028216
3.564837184
3.261836874
3.429823358
3.826954276
4.8517317003
3.739164639
3.6731508539
3.780159746
3.640889616
4.228356276
3.850688413
3.308799844
3.606398481
3.346785876
4.211765976
3.483585099
4.210983104
3.765614016
2.902193996
4.327510166
3.457795581
3.224728976
3.039228146
3.534193989
3.516121604
3.8584390386
3.363403314
3.117937964
3.247746974
3.3819163743
3.685143236
3.5946859
4.0292092065
2.053023566
3.089814599
3.254322839
3.588859322
3.710049078
3.522074153
3.061752724
3.150452423
3.411767735
3.266097439
3.521287533
3.4610766648
2.9978811502
3.328382121
3.145338299
3.2090207727
3.460914639
2.918499995
2.856000495
4.12801956
3.038513631
2.565215509
3.800113279
2.911177971
3.103319949
3.353950669
2.877161894
2.814102401
3.448945792
3.842908347
3.05817855
2.8561396281
3.06829655
3.7155178719
3.610111949
3.018656864
3.586523303
3.540907058
3.3800613469
2.9234454301
3.732436851
2.540073759
3.445188269
3.57836161
3.720109919
3.461487217
3.663203149
2.998559439
3.084916071
3.468359427
3.747237474
3.425728867
3.136094361
3.635350463
4.228417879
2.4612470604
3.668070836
3.014520579
3.489130991
3.483809506
3.505532405
3.020999719
3.6999100546
3.803695209
3.424433868
2.763000442
2.844683525
3.650795783
4.189745549
3.607069286
3.19881933
3.336374351
2.928228084
3.992735475
3.520525331
2.457801931
3.049367458
3.485389226
3.310035046
2.988461956
3.122975208
3.348993694
3.124419735
3.307508981
4.043965809
3.153379087
3.978413109
2.97224612
3.237596151
3.617162927
3.539074107
3.3139120515
3.972792017
3.583704041
3.378349432
3.510935379
3.789212336
2.86032843
2.93994102
3.379010778
3.711090786
3.512124806
3.035065031
3.131673023
2.95265226
3.034623283
3.52806688
3.4476414171
2.86459371
3.054704333
4.1615474
2.5663819193
3.202921046
3.324758173
2.55445701
3.634419748
3.7411156
3.164532318
3.037119201
2.864755345
3.211732316
3.754276029
2.91334107
3.583307272
3.1035884468
2.74223666
3.7280556366
3.48644952079
2.964513309
3.62231249000001
2.681699052
3.584402
3.411074876
2.82321009
2.914497827
3.5405568907
3.29759449
3.179794862
3.152866206
3.4534004
3.13301827
3.71956027
3.573876901
2.66801944
2.818650083
2.973073175
3.689122125
3.031891123
3.194517224
2.90251894
2.755150673
3.2582833087
3.567042205
2.538923144
3.707664985
3.275693394
2.679139823
3.58005555
3.53708847
3.769443296
3.248154937
3.378900165
3.443846557
2.98421033
3.493196524
3.25003668
3.41638863
2.9379634755
3.376836614
2.98100025
3.085871866
3.485142141
3.065832804
3.467554398
2.76150601
3.055466142
3.246954032
3.05577272
3.0841910832
3.71770627
3.1393887
3.15438109
2.785275269
3.546116725
3.36731243
3.4037119236
3.51044959999999
2.478665922
3.037012383
3.024315507
3.406691686
3.10888968
3.40120768
3.64487297
2.9269980752
3.44945288
3.209566438
3.010060732
3.80651552
3.98676507
3.85704258
3.85632259
2.7504988132
3.596544463
3.556004766
3.700244192
3.98741293
3.982111348
3.618874743
3.6025623
4.12523577122
3.746603912
3.72673612
3.686940283
3.395318896
3.246556901
3.642857206
3.6612425397
3.40123075
4.15981697
3.226552854
3.647684921
3.304145321
2.64969042
3.3039392482
3.35070805000001
3.055305593
4.05047519
3.887211546
3.75808281
3.412653522
3.550610077
3.894218246
3.700417204
4.076008648
2.670555316
3.501704452
2.65761216
3.819891605
3.67417084
3.53946384
4.0977626502
4.180276372
3.649541496
3.456213796
3.874267478
4.19680862
3.802937589
3.4708383558
2.899483872
3.796887788
3.61879433
3.291750929
4.001272061
3.385693073
3.430384238
3.184046022
3.444208541
3.2283131819
3.124167524
3.062167796
4.4130381415
3.04470943
3.324534029
3.596923195
4.012905715
3.9574766575
4.021187866
3.9857877231
3.688268484
3.231696159
3.567074082
4.642549851
3.813011945
3.378978462
3.249111265
3.663735365
3.555527856
3.752865092
3.318914121
4.003000265
3.34656693
4.01647847
3.467864236
3.755122966
3.394667615
3.801123111
3.7722196
3.8509822
3.407434574
3.42728141
3.74357776695
4.0152252015
3.341045737
3.12718071
4.05467136
3.157663192
3.257953407
4.072415071
3.774247351
4.085176784
3.420150196
2.5539269377
3.798268886
4.368099274
4.379136348
3.341801243
4.295909199
3.803303
3.544629988
3.859715141
4.17790065
4.232615936
3.682456298
3.2825774532
4.4732657587
3.415782176
4.683315655
3.91749759
3.931853128
4.333891015
3.425438558
3.331018298
3.931655347
3.955095522
4.132055408
3.476219282
4.02133903
3.590059401
3.346927702
4.349617503
3.8389769184
4.452312472
3.278487096
3.5694252315
4.0142380224
3.9675219755
4.08910572
3.685527866
3.432286304
3.668561078
3.684397707
3.949574892
3.278907016
4.309552453
4.058909795
3.167018233
3.795682996
4.052988983
3.818548797
3.59655081
4.29127048
4.1018428858
4.584391685
3.828660346
4.840284018
3.637106514
3.937396784
4.557001511
3.446901416
3.826133857
3.928342925
3.769236027
3.849668367
4.456714449
4.030143232
3.450500316
3.852497871
4.090136296
3.4787258259
3.225764308
4.775478128
4.3505417551
4.182633392
4.156667202
3.785319036
3.811306768
3.842958686
3.675194416
4.298440139
3.816470915
4.1890240473
3.914940908
3.616956219
3.400458223
3.625690747
3.1888613018
3.546732628
3.938134029
4.434698082
4.574518961
4.061923606
3.773901608
4.009503277838
4.079362853
3.875343575
3.5011878933
4.602905641
3.86470475
3.998310723
3.852344831
3.468317977
3.647943871
2.710774612
2.97015766
4.028128804
3.73229724
2.772178469
3.462935278
4.041159388
3.32267103
3.519887038
4.06395239
3.105869465
2.843252521
3.72503206
3.341062393
3.430355933
3.08993389
3.113810218
3.508602002
4.075956178
3.2218979618
3.348671988
3.6253369672
3.002465518
3.637824078
3.16238397
3.1626869461
3.513822873
3.386401797
3.91319953
3.325382141
3.980934866
3.239752225
3.596817095
3.425434209
3.019861118
3.664741549
3.526050898
3.5243354928
3.300404206
3.2796952307
3.388332275
3.66993546
3.667108638
3.913902082
3.1648606126
4.1241413951
3.23651296
3.57877751
3.0024406899
3.156310858
3.381353276
3.966186211
3.956685248
3.134051761
4.2036831311
3.637724093
3.287971347
3.805699371
3.35854277
3.4211139946
2.790899538
3.986937688
3.788657159
3.521827037
2.657313647
4.342293222
3.33353699
3.138617418
3.0856293
3.970729195
3.835011423
3.122024247
3.423869641
3.370359261
4.340846797
3.894471283
3.194835728
3.351648058
3.622266788
3.543789998
3.279889386
4.036580252
3.830952028
4.02261798
3.514127434
2.70017454
3.768652009
3.56561378
3.467146638
3.885459704
3.378644506
3.474548172
2.838086204
3.613400175
3.858981678
4.02265642
3.408104016
3.464228771
3.531987272
3.372893711
2.7082607572
3.4121391331
3.217610477
3.420732736
2.762619034
3.679245146
3.772450501
2.614781859
2.77447859
3.333431216
2.923144491
3.169947227
3.645347168
3.731748564
3.387354019
3.337343983
3.313880867
3.318498976
3.128367366
3.142670688
3.582183138
3.652610534
3.793435261
3.636250816
4.104978113
3.1025550365
4.129094511
2.54435908
3.007481763
3.701811374
3.092783499
3.049930076
2.938381113
3.703149426
4.203986733
3.375889116
3.825217643
2.956580012
2.991284387
3.240287101
3.1068476395
3.738278614
3.7847204305
3.083311085
3.135614264
2.972077357
3.2911206521
3.314968078
3.983961737
3.028895453
3.5527745548
3.5066380749
2.998416421
4.094295427
3.759915964
3.1229951261
3.576266872
2.529320634
3.6411775967
2.832960394
3.287146239
2.727119828
3.730932656
2.956361502
3.565460766
3.493124931
3.800900859
3.229980352
3.4362743387
3.841886024
3.652188081
3.5907264623
3.249665666
3.501008226
4.300557078
3.297063026
3.613505506
2.947255104
3.467472205
4.0713274733
3.859493426
3.254763536
3.555696712
3.013621877
3.450350494
3.1470049614
3.302504612
3.187650272
3.605241411
3.792235495
3.427958049
3.01551009463
3.239720098
3.540424065
3.812063804
2.7243305894
2.7425860672
3.0537811374
3.5090663094
3.4904748094
3.4538462164
3.6401877894
2.9918031204
3.5997599374
3.0686637774
3.3864613154
3.5098645962
3.6947012754
3.4217591754
3.3950309824
2.7597444644
3.5271455394
2.7204956494
2.2588077894
3.4881265444
3.4223548874
3.1775866894
3.3805003454
2.9527946919
3.1520760854
3.6402415754
2.7631253594
3.4519544524
3.8394758884
3.3560570694
2.8431820044
2.8939309084
3.0470718924
3.2232755294
3.5657766594
3.0007556814
3.6303220257
3.1649956024
3.0572624984
2.8695191354
3.0071388204
2.5933717024
2.8112629694
2.9080380834
3.3302697854
3.617143726
3.0334735394
3.2410498034
2.7226272538
3.0350825254
2.9271348974
2.7767016954
3.6848245346
3.0277593314
4.0766844534
2.8109351094
3.0179613354
2.6718261707
3.1584550946
3.5231775984
3.5638396194
3.5712132024
2.9421930394
2.8690989454
3.3655233094
2.7580835614
3.1379695434
2.8994092944
2.3334136858
3.0080562294
2.8895552594
3.3822882374
3.9905869294
3.1734192894
3.3573037994
2.7520328944
2.7576703124
3.3872761294
3.2151832684
2.9447333464
3.4836064094
2.5565172064
3.0260273224
3.3217351984
3.0348821454
2.9919993324
3.0206815994
3.5032887454
2.5989447474
2.7441083394
3.1639432794
3.2333301964
3.3357214294
2.9476775194
3.4762853194
2.6910896754
2.5333171857
3.1085266594
3.3338510354
3.4413865294
4.128550718
2.91971856
2.370158994
3.4439046928
3.636938116
3.340734263
3.212115356
3.21497573
3.372509015
3.334440203
3.19793831
3.738606693
3.156777151
3.424067823
3.020367298
3.064850053
2.906878345
2.9646645924
3.999960953
2.8809857565
3.477137539
3.438132942
3.2667735619
2.859327373
3.179299697
3.52858893
3.518531249
3.895721092
3.538985216
4.009747665
3.316018733
3.220265765
3.368275581
3.217519853
3.502156368
3.120885707
3.00406814
3.072879499
3.236379353
2.951719175
3.402205405
3.436363838
4.014025023
3.214122385
3.44281699
2.605693034
3.197212435
3.29500777
2.951118775
3.000435165
3.62858628
3.238965598
2.433536453
3.148742892
3.841615352
3.358403123
3.081175133
3.074212213
3.295554295
3.4880673736
3.342707208
3.254090965
2.760960245
3.649942325
3.163497967
3.364420703
3.065175243
3.683419753
3.268778063
3.717492755
3.176699565
3.410723033
3.655795457
2.949500643
3.479252304
2.996539248
3.01596878905
3.1761721215
2.828451575
3.798391971
3.2546339314
3.769329264
3.395358885
2.614961188
2.891093885
3.387363728
3.236037649
3.438772685
3.150438111
3.442991914
3.23764762
3.205708573
3.225724902
3.595328113
2.713448593
2.759225743
3.089765293
2.933384795
3.527805231
3.6688814573
3.709599943
3.533207723
4.340537461
3.897947396
4.244842574
4.484838444
3.75052959
3.581180754
3.743389319
3.694348336
4.069593907
4.127565234
3.628565214
3.849500403
4.55467039
4.511225205
4.177096994
3.1111409417
3.511489006
4.346894184
4.525651786
3.722938504
3.428415444
3.8891426871
3.882446759
3.545768081
3.664520414
3.633108334
4.570394492
3.933328938
3.958986486
3.822105325
3.657288704
4.146645813
4.2530861109
3.9161511793
3.306464424
4.387233435
3.440323465
4.238828078
4.019228724
3.952551354
4.161548384
3.409648764
4.635311433
4.025665852
3.537415574
4.3317432369
3.660374238
3.412390938
3.815078504
4.440358254
4.269857484
3.58838198
4.329475661
3.580158744
3.760778604
3.640332094
4.192218643
4.086551614
4.1421463223
3.709392553
3.821228894
4.313852924
4.311760703
3.607763956
3.910740824
3.359182554
3.8102842459
3.543298757
4.208052006
3.0109648962
3.724212624
4.747708534
3.10155412
4.1468184689
3.675341038
3.588427287
3.385156524
4.384442364
3.4895562375
3.577006931
3.529168614
3.25402505297
4.146138734
3.641824577
3.989349344
3.951483646
3.797426554
3.823496774
3.852034814
4.055456714
3.556208275
4.888846511
3.377371731
4.416291114
3.806642774
3.593976764
3.540279604
4.16743729
3.892779621
3.247305056
3.962501885
3.026630186
3.243344031
3.84782888
3.339826696
3.277747286
3.637166436
3.355017256
3.571707239
2.825709846
3.54859893
3.413273566
3.113420553
3.528000599
3.382667678
3.7364897876
3.838116156
3.7448979209
3.5278854854
3.634199146
3.509301568
3.247726887
4.307822376
3.392700351
3.075160405
3.8075890108
3.603045645
3.10314693
3.189374219
2.726095376
3.515676175
3.506122039
3.433907622
3.66110956
3.688679458
3.571049771
3.362171606
3.9374229646
3.111040201
4.204337406
3.96770877
3.693351659
2.795805956
3.313474606
3.619089784
3.525355406
3.499414566
3.444544502
3.500427315
3.789925374
3.382886421
3.561448021
3.575181906
3.495398016
4.372959586
3.664672266
3.8435725843
3.237405561
4.011425741
3.589080998
2.988148624
2.88612753
3.479604136
3.251334106
2.971440206
3.8992822985
3.265274215
3.9385527595
3.6498433932
3.907517426
3.215783319
3.452288214
3.084763876
3.745073026
3.536190619
3.311965638
3.724680593
3.37840154
3.248432579
3.712408355
3.620512136
3.462686539
2.9633112348
3.684978616
3.273562785
3.451778594
3.3471077895
3.620723846
3.623563549
3.8030484098
3.710482076
3.887092616
3.218590736
3.723998276
3.283392346
3.017962393
3.792596536
3.707672829
3.979490608
3.150697326
2.804678323
2.996689417
3.12243548
2.8270957
3.3076908055
3.122821232
3.64514481
3.86632608
2.855786668
3.34818095
3.488509075
3.3959539045
3.99448738
3.30460321
3.737453161
3.24391144
3.909050566
3.655256165
3.688695661
3.687744655
3.669610633
3.7037212311
3.62899001
3.9578744795
3.15647235
3.3610764375
3.963165736
3.722101545
3.318276944
3.88328091
3.45894487
3.362199502
3.62290863
3.3001626284
3.492530282
3.156925302
3.933297641
4.230409589
3.849543456
3.68238886
3.56260321
3.486768583
4.098596314
4.265844075
3.3690610905
3.197086703
3.419165816
3.454183689
3.66402251
3.379037379
3.395743608
4.0030785017
2.962717933
3.32414922
3.02174834
3.526571447
3.371912435
3.2167395572
3.24520576
3.610682801
3.85438637
3.44784059
3.26646249
3.507899119
3.546559861
2.929887415
3.2995439915
3.2244124
2.71639897
3.809935421
3.6570910905
3.11642986
3.74062218
3.714272018
3.471470139
3.52197993
3.363033594
4.460767196
3.691459937
3.661117256
3.50812267
3.47741317
3.700567151
3.288442585474
3.48302295
3.29838098
3.257039745
3.64539942
3.5521002539
4.26813265
3.323855135
3.754979291
3.08745166
3.389806484
3.7517126927
3.694495934
3.280104868
3.740493382
2.7257616599
3.571297577
3.578432991
3.485788265
3.298136075
3.716900353
3.67293166
3.306009579
3.343271875
3.609420957
3.3820599453
2.716652111
4.194686316
3.24910469
3.692504125
3.3489652305
3.538501424
3.144839259
3.00189913
3.290849861
3.573009528
3.155236416
3.311124113
2.926265187
3.39385421
3.653375335
3.526224756
3.72708128
2.930214416
3.46294457
3.568446688
3.31481085
3.02603292
3.299566145
2.85919352
4.011694229
3.249339218
2.902141844
2.834265804
3.11303798
3.888783498
3.734682835
3.89249554
3.153419872
3.49491065
3.88805729
3.778396871
3.7042331111
3.8741143155
3.671501162
3.528822058
3.1060902294
3.514491777
3.51586755
2.917585656
3.876165188
3.29760238
3.6526723183
3.186703812
3.74192905
3.195512658
3.369236507
3.56201503
2.804599928
3.09782356
3.737864623
3.30866215
3.053591978
3.290927771
2.92137734
3.39377024
3.327396757
3.367875456
3.344047131
4.102245685
3.17628055
3.46018406
3.79517885
4.148546705
3.447324711
3.0123480681
3.537756077
3.488091026
3.518587009
3.732549484
3.5940235767
4.557626708
3.051734515
3.77790576
3.9462350618
3.629636367
3.846891757
3.09657028
3.109420763
3.86107567
3.18221299
2.991330534
3.563775245
3.53770273
3.268019803
3.6332007267
3.627782839
3.214615271
2.563054256
3.069625324
3.592754361
3.391818838
2.92082182538
2.960654684
3.195963445
3.280649103
2.983892224
3.493262763
3.2435519436
2.610826994
3.35450909
2.797928027
3.418119494
3.364999784
3.706589852922
3.657646624
3.551741084
3.719927784
3.538196838
3.220677686
2.967585353
3.396404456
3.026710473
3.178055434
3.460852273
4.025481411
3.240744574
3.489347025
3.039850844
3.316224056
3.461015682
3.81880956
3.278586111
3.536696284
2.935249882
3.563819222
3.632846914
2.785959164
3.183711724
3.450589116
3.585414188
3.528238486
4.348626954
3.094102918
2.6735731534
3.4054866152
3.634791416
3.62359525
3.422890624
3.178823765
3.306954054
2.976795809
3.006262456
3.461953884
3.854493405
3.1057451774
2.780138088
2.91802469139
3.277832077
3.74210836
2.535672293
3.320676824
2.897453649
2.993517024
3.250575187
3.046852229
3.7563250292
3.359640614
2.901283964
2.976320879
3.330977671
3.914169302
3.9678651635
2.776641709
2.973679964
3.306469024
2.85353553
3.458289994
3.005381821
2.997575234
3.258329324
3.337408764
3.362025842
3.562168066
2.584359327
3.531813924
3.280209274
3.228386024
3.370630515
3.211106192
3.123482593
2.710083221
2.924059598
2.955403424
2.854750304
3.037978862
4.1106479949
3.200437775
4.1970558171
3.476887625
3.081631942
3.4237484658
3.151559243
3.522494796
3.234743049
3.49418879
2.780222261
3.198491158
3.792233028
3.422918361
3.3093578092
3.89923965
2.83990712
3.450588566
3.348874248
2.909592656
3.707929154
3.353003427
4.171935928
3.849716969
3.521159443
3.20229861
3.578675699
4.292102826
3.676368944
3.112540672
3.0091604806
3.421868657
4.17272773
3.8294977159
3.3087097762
3.161329446
4.044064624
3.019991058
3.457984441
3.1548470494
3.490197672
3.449229997
3.309423873
3.657859368
3.544922091
3.10715577
3.527627309
3.236628797
3.1983396212
3.31506788234
3.562400432
2.786764691
3.313889868
3.319100783
3.559819204
3.245507375
3.3012593697
2.764463001
3.472931878
3.435143098
3.6249663718
3.189953213
3.47488362
3.705851413
3.070178792
2.8946245497
4.188952486
3.470831532
3.4000297761
3.8262379823
3.244144719
3.092943749
2.9320148473
3.1347299072
3.410569854
3.09040146
3.340727187
3.304449328
3.853983118
3.076204082
3.10478902
3.151909591
3.467336446
3.485905603
3.411661567
2.996837233
3.12589193
2.989090988
2.802641187
3.356607638
3.378684348
3.19515767
3.33512714237
3.602110991
3.919454378
3.507635655
3.2197663913
3.405138552
3.683870907
2.972542009
4.17801676
3.954527172
3.89241284
3.972096132
3.74267057
4.11716626
3.9448873627
4.124662994
4.18438894
3.875611137
3.465747947
4.3266876409
3.42079386
4.61459715
3.871137994
4.034030995
3.85096737
3.96131133
3.196586496
3.430368144
3.546539074
4.1680700988
3.94370098
4.078652928
3.598936761
4.5349361527
4.018209525
3.73495667
3.823010703
3.509648965
3.54459113
3.34061981
3.7556704409
3.76926976
3.31975646
4.03675881
3.978105153
3.8669080295
3.601517625
3.723628944
3.956866741
4.146719954
3.474229967
4.205266162
3.586140417
3.7182053126
3.503493019
2.87669265
3.777301477
3.2944024645
3.2959496536
3.5155408582
4.1571995601
3.826023565
3.300054245
3.79048505
3.557964281
3.646250843
4.145357715
3.136417469
3.816707222
3.65533559
3.113284971
3.363128665
3.6206806352
3.419875827
3.602654619
4.060624845
3.8006845281
3.367682036
3.078280185
3.765340417
3.230311271
3.72741323
3.59274552
3.49480056
4.011483175
3.631585741
3.564637291
3.78493661
3.568197047
2.780755196
2.905359724
3.786630637
3.72667798
3.274900478
3.297384323
3.89789502
3.74795357
4.381828854
4.251120221
4.202580685
3.702111
3.667186635
3.691968315
3.873875371
3.3077892879
3.16794337
3.86636237
3.450036293
3.238039353
3.507840277
3.245787837
3.0933027799
3.282239474
3.013255617
3.5167587378
3.170642714
2.893116557
3.5861066037
3.083293177
3.383806878
3.3390426974
3.164608303
3.354457514
2.974132277
3.1739555265
3.138865725
3.243303164
2.670375634
3.314602857
3.2386733629
3.325926048
2.519428377
3.214816687
3.612199183
3.4903204275
3.004515148
3.225663221
2.684108263
3.541842605
3.698952199
3.203995315
2.789987638
3.965092377
3.576476305
2.573959178
2.828149664
3.256865034
3.906256839
3.4914707945
3.707054666
3.328989192
3.601259509
3.028606803
3.766362831
3.19069092
3.930454043
3.417923911
2.663540523
3.176273052
3.048282648
2.879569858
3.462845573
4.24729778614
3.067922118
3.359936653
3.149901041
3.1723081497
2.76877241
2.576679276
3.564782933
3.5921046367
3.357283685
3.261156218
3.639255872
3.243172463
2.910725071
3.097409993
3.6467386718
3.132416253
3.814490043
3.168589413
3.061575291
3.413909286
3.464454271
3.941495633
3.2656215974
3.380715997
3.586319384
3.5413421553
3.950303369
2.661442174
2.7974144496
3.521273994
3.6761587032
3.335989889
3.160262179
3.731856772
3.182845759
2.967573291
3.3203800956
3.095148637
3.268147723
2.946289098
3.422016958
3.3683531746
3.003894427
3.592412193
3.678175553
3.617093148
3.439979587
4.147878327
3.861703521
3.777482229
3.581254987
3.694383395
3.700009154
3.680873068
3.2071181303
3.016881591
3.2520601384
3.972567341644
3.912888964
4.443477497
3.789055562
3.511601295
3.6175805074
3.457116558
3.534858552
3.566968105
4.629052644
3.02829156572
3.418482783
3.96281874
4.092948411
3.538592063
3.959773567
3.844026637
2.886841927
3.733884995
3.54568639
3.788409031
4.344360283
3.055308603
3.118098923
3.280684997
3.752905292
3.458159103
3.634448531
3.043367737
3.590085906
3.685987052
3.890645396
3.810151905
3.966585102
3.795128849
3.491906819
3.994448993
3.804498537
4.0892026789
4.284470809
4.1289570925
3.885977835
3.987875309
3.331060503
3.772829617
3.103698753
4.240375168
3.7551386241
3.713782392
3.651262168
4.006100745
3.9097163175
3.873412268
3.579785147
3.265038862
4.515329834
3.828713636
4.127327236
3.509895356
4.074544432
4.050977947
3.890613848
3.300049014
4.141003645
3.744923942
4.148568627
3.8660436575
3.176665114
4.823651269
3.571099448
3.363785446
3.837476862
3.874910742
3.14435178
3.031486217
3.110985384
4.296385097
3.203206677
4.386546727
3.797657384
4.248329706
3.7489939174
3.93001544
3.689307566
3.919497373
3.997483351
3.736206877
3.55475676
3.114507968
2.992282246
3.67771866
3.645615032
3.887212827
2.34248998
3.872158182
3.91835921
3.076196075
3.469693077
2.964167262
2.45240595
3.045843298
3.29274939
3.18575104
3.262516114
3.085897191
3.172918967
3.343595303
3.43889272
3.24769345
3.1794246206
3.091956378
3.4091619
3.4803702669
3.44836867
3.42982278
3.14495206
2.651815049
3.372140818
3.422944849
3.27718747
3.5605624511
3.728010986
3.37575739
3.20101569
2.603715672
3.07897857
3.827405281
2.753032222
3.32247019
3.2858631
2.9477289
3.34852081
3.780054314
3.505043243
3.173458623
3.53678339
3.97190043
2.977465633
2.809086039
3.297114626
2.95664836
3.70120505
3.23707591
3.824775709
3.15527791
3.42089956
2.823381302
3.131197782
3.185336396
3.306660521
2.835790232
3.33886214
3.02914806
2.949537044
2.93845432
3.11602131
3.432300997
3.221644264
3.429546985
3.14832555
3.37013919
3.232156974
4.1544162
2.905120742
3.3592170257
3.152880686
2.816334227
3.58533544
2.6714129708
3.72115822
3.87592521737
3.47080547
2.951881987
3.23975362
3.352695592
3.500308648
3.46211454
2.9908483987
3.489694905
3.260951953
2.6253286049
3.2797132329
3.52815835
3.34707
3.53686263
4.230402895
3.91864037
4.230409229
3.591602204
3.942672352
4.587175802
4.448241567
4.245608242
4.87605098
4.482985357
4.57261629
3.938358615
4.4328110727
4.78003943
3.5793399356
4.47822275
3.0397361693
4.0437732228
3.12559263
4.546941663
3.696973682
4.304525847
3.672507814
4.0540064
4.24054059000001
4.195463168
3.970707217
4.523916274
4.449032329
3.867313346
3.482532063
3.857478966
4.485198622
4.768809252
4.20549192
4.2834840126
4.020698647
4.3454366655
5.0418339858
3.789467669
3.376948259
3.393952647
4.1793988118
4.35996377
4.371179241
3.953306367
3.937099854
4.36576137
4.129068531
3.63280363
4.235105614
4.486347787384
4.849221265
3.785127055
4.4304202078
4.871252037
4.020884962
4.4954001325
4.200373561
4.708596505
5.195070321
4.13523557
4.716629132
4.175707808
4.517096285
4.064530915
4.208263765
4.0535750042
4.363065694
4.203292014
4.185663699
3.9170377475
4.557953236
3.355522004
3.846584154
4.014688897
4.301010584
4.3230872575
4.26676922343
4.409445911
4.24107291
3.804976474
4.34686472
4.340759463
4.305755472
4.171868148
4.305957057
4.3979694124
3.919870076
3.9912844584
4.013888294
4.006617554
3.737180804
3.89421404
4.7332411548
3.948640265
4.676816122
3.941179224
4.24577676
4.035150371
4.438945979
4.675130913
4.132505776
3.276576566
3.664071906
3.692939426
4.132420956
3.297635255
3.7151452385
4.244797146
3.655995931
3.955649806
3.335728566
3.858060071
3.409145988
3.310871388
4.017756004
4.2787245134
2.676675293
4.00204303
3.338692698
3.395791516
4.012819418
3.791300236
3.48802229
3.6439659345
2.818045115
3.67398443
3.108044088
3.382315362
3.197403962
3.980186962
3.08949715
3.283519276
2.893187317
3.627383915
3.186405571
4.216628168
3.839294496
2.8656742995
3.576910816
3.564398686
3.312395117
3.351594523
3.313593788
3.148590885
3.051824378
4.095489196
4.125358358
3.4840178648
4.13508731
3.5873077996
3.134279938
3.257727109
3.337516872
3.097650327
3.4861963512
3.325601972
2.976067752
3.2719231
3.555091013
3.335576466
3.9378824992
4.179352561
4.043717275
3.2138446469
3.334976998
3.640237913
3.06179921823
3.817940816
3.776038656
3.095667155
4.182903946
3.385256399
3.730252626
3.566325502
4.119541276
3.799997914
3.491131911
3.586953536
3.641317696
3.483410154
4.268233604
3.14556807
4.152477081
3.038824296
3.607330616
3.820366936
3.857158356
3.485971364
2.907596014
3.359508958
3.2356524588
4.149470811
3.324166622
3.4574966936
3.651230116
3.459733436
3.856711524
3.144126665
3.012576051
3.450691736
3.096088127
4.09255868
3.026247491
3.000626702
4.105353052
3.790087851
3.2664036376
3.112145118
2.90788049654
3.10543616
3.683643529
2.897526677
3.536759119
3.560847859
3.163801118
3.298307815
2.8886814662
3.3603931
3.2623316087
2.82236475
2.85767425
3.49589077
3.492096609
2.99267188
3.26395645
3.354659933
4.07176782
3.5417287368
3.149854198
3.6252914
3.279078419
3.68456514
3.7802668158
3.545953627
3.72506297784
3.567317911
3.788392119
3.359577008
3.5344502284
3.05726474
3.25462578448
3.425614047
3.4837066094
3.20927744
3.146502291
3.1388710267
3.5257613835
3.932232173
3.379788598381
3.3343092262
3.2604037962
3.58652127381
3.129318981
3.101275143
3.025509528
3.5059096595
3.179487947
3.475307827
3.948389325
3.70528014
2.889754799
2.838010137
4.22006558
3.21981804
3.2037521055
2.77261468
3.306272964
3.701051581
3.413704
3.8798918423
3.622833417
3.3170290834
3.86349917
3.351663335
3.04476227
3.6525192
2.875159222
3.009815787
3.401573218
3.31965594
2.921885291
3.6000081
3.23493023
3.280439321
2.765164832
3.1026604666
3.237226204
4.225643293
3.62666332
3.51987121
3.730083506
3.429821497
3.026274201
3.87581439
3.0402339799
2.97948008
3.03347639
2.832714137
3.033595217
3.6237302067
3.6823620316
3.793519356
3.437893329
3.853682093
3.707617598
3.480846314
3.2061513623
3.513317901
2.832560116791
3.06889297
3.456538651
3.953021577
3.022421364
3.680486363
2.938235851
3.533304233
3.000209218
3.452020751
3.698912388
3.158541748
2.872400453
3.0048191441
3.094737023
3.1667198258
3.62372585
3.96982435
3.465093755
3.0705105298
3.2364157
3.180646601
4.00019884
3.41262743
3.571145152
3.186996262
2.87177127
2.8500319041
3.25965087
2.81369721061
3.682035641
3.6661665618
3.58851258
3.60842023
4.221468192
3.332101585
3.8005730384
3.75389308
3.677302445
3.576585009
4.045524811
3.474183043
3.292557883
3.268385979
3.144202727
3.956399409
3.333028715
3.341120165
3.690775676
3.908578012
3.205142328
3.843832863
3.123588673
3.670502558
3.806866411
3.90275360112
3.2960925978
3.734092981
3.42749086
3.556099599
3.0786646511
3.411197676
2.9312906452
4.131381467
3.580665844
3.78049395
3.6039533574
3.882538809
2.7941974704
3.164212512
3.26425392
3.6129650712
3.659391244
3.343736194
3.53060148
3.346946462
3.29607034
3.474017339
3.708705795
3.53935672
3.1679806
3.260118218
2.6648170493
4.056778501
3.746026396
3.546299104
3.299767187
2.860014611
3.931131363
3.58227895
3.955230552
2.988170757
3.080637007
3.3539639
2.798910386
4.145915085
3.189829869
3.602089567
4.060636647
2.545777347
3.343386237
3.085324794
3.766681047
3.421459243
3.066795363
3.218768479
3.181549248
3.1484028051
3.235789838
3.242206935
3.954293877
3.447100018
3.593911447
3.920314357
3.440565708
3.620854907
2.9373710025
4.082378903
3.3713743462
2.781013246
3.797449778
3.632160778
3.168204957
3.373238752
3.557037423
3.991897282
3.454621007
3.011122542
3.391603021
3.376345128
3.338986765
3.192437917
3.755876094
3.391973793
3.348624943
2.435637657
3.569732873
2.861202385
3.547491758
3.1668736545
4.2086792367
3.162888698
3.15148359
3.4025298005
3.7749523577
3.095418492
3.556725448
3.763123029
3.339005358
4.17601613
3.875920473
3.934677017
3.745679536
3.6485373228
3.5875517362
2.874418398
3.579722057
3.273559062
3.764330435
3.2274244973
3.392124525
3.457570133
2.94546107405
3.444197523
3.820195939
3.620933637
2.735009188
2.928548126
3.3162224476
3.690994409
3.535082167
3.604170487
2.743706796
2.357759465
3.343898379
3.166950373
2.626101817
3.540603249
3.440744017
3.333135391
3.269612496
3.647665097
3.58317422
3.001309597
3.014266996
3.136054971
3.878406123
3.505738772
3.363308199
3.56605343988
3.414310457
3.1468592519
3.8874654153
3.2414016407
3.2676681143
3.3679445167
2.8087078523
4.1098952777
3.0846438217
3.3464123577
2.9344878137
3.6135666363
3.4704002703
3.4244596773
3.4737087397
3.3504852233
3.4858846017
2.9196188307
2.7803654717
3.2482524877
3.1306583532
3.8507149283
3.8753491883
3.1094925355
3.1643802237
3.0159609127
3.137506368
3.2247208467
2.9472014757
3.8272533973
3.4617482027
3.4138494653
3.3786492623
3.1466748977
3.3579995213
4.3469663217
3.4596477877
3.0094848267
3.278544371
3.4414527797
3.1496054727
3.3329211543
3.2883212433
2.8048468037
3.0098785107
3.6486782787
3.6894716363
2.9439592343
3.4449727917
3.5738420826
3.4591593077
4.2317351053
3.591023708
3.7098841437
3.2031231723
4.1811721097
3.4569113498
3.5232494317
4.4065100083
3.4139470917
3.4436167847
3.6770099833
3.10667876574
3.5163132193
3.2881878847
2.6649194584
3.4566850338
3.3634463983
3.0128196993
3.6049157037
3.528920602
3.7067047203
3.4035328057
3.3039357697
3.5472301623
3.2040927017
3.2887652003
3.4449593697
3.3898962447
4.0713247967
3.7294795737
3.3059482267
2.7746692707
4.0398694627
3.4815552397
3.4646989337
3.5138430017
3.6110150274
3.5628099703
3.6989868413
3.1205624847
2.8851574027
2.8123932513
3.6786921307
3.3747576613
3.2495282517
3.6268509003
3.4586256437
3.1577677333
3.8191804363
3.2252539497
2.8047166949
3.4004930199
3.2166384
3.401063549
3.489386581
3.811152732
2.303808019
4.077335712
3.823293222
2.998676335
3.201900209
3.305276506
3.547043471
3.688535554
3.2298409912
3.532363652
2.740006142
3.304658364
3.61330907
3.437205264
3.318734412
3.224852288
3.777647569
3.838453992
3.402426368
2.762246264
3.527985848
3.2792235088
3.487540601
3.621198549
2.861881452
3.283976733
4.025447664
2.893758902
4.065044582
2.843262124
2.985447873
3.338136567
3.681886916
3.245821828
2.8870606481
3.252110732
3.242922454
2.446425914
2.936620116
3.31033183
2.708751967
3.29107771
3.504668665
3.441425796
3.825840556
3.886350978
3.439167883
3.186622437
3.6471796928
3.387878312
3.5985080239
2.765074663
3.790563354
2.892742552
3.337026486
2.43890984
2.585110493
2.879858345
3.975804905
4.078450565
3.417038192
4.156086872
3.179610534
3.984136362
2.8548896956
3.334686975
3.706860994
3.081264089
3.212007662
3.071457339
3.266517844
3.1714973859
3.921792996
3.435175164
2.986327053
3.030786076
2.837495774
3.087457413
3.384530902
3.620059824
3.288707658
3.473727449
2.65935041
4.095936296
3.5304748556
3.722189614
3.90272453
3.594743178
3.702756049
3.050152802
3.5949632752
3.695864892
4.045869249
3.386034081
2.852011396
3.442590086
3.70199013
3.1088040696
3.244383756
3.428163003
3.51199479
2.7780779719
2.911396614
3.431327428
3.477796101
3.210283468
3.36609977
2.6842366204
3.453820442
3.107721891
3.153230917
3.682529993
3.8670841812
3.020617838
3.575981639
3.33751899
3.53449569
3.313970928
3.5005779439
3.58685711
3.307656116
3.55240608
3.324316958
3.496001505
3.48491947
2.70475208
3.00279055
2.899507157
3.36739103
3.49776696
3.657551236
3.727777165
2.9606834044
3.10816562
3.116806243
3.352366445
3.0429160889
2.952058351
3.70657893
3.8684909885
3.01066571
3.238120593
3.2890673274
3.385549709
3.23919121
2.78213172
2.92916573
3.221784615
3.014353381
3.56153796
2.94298219
3.1208499023
3.630806999
3.47990301199999
3.173602718
3.7032582099
2.837755511
3.181267341
3.31164738
3.147401593
3.773732431
3.290213668
3.7167981509
2.95971264
3.450643987
2.815907824
2.887569759
4.0164426005
2.608956686
3.548446293
3.036855028
3.466043819
3.516253489
3.7271486173
3.1611170043
3.18219778
3.842185547
3.101917454
3.011812083
2.596330602
3.087162117
3.641857574
3.369679142
3.962214018
2.77838672
2.878184216
2.913587314
2.476921287
3.167523272
2.8937697545
2.79184618
3.269476596
3.1801681
2.94374467
3.2901325881
3.706745733
3.31706397
4.190292591
3.327573518
3.775613856
4.294890689
3.0783989942
3.597237156
3.668028616
3.055896245
3.662223811
3.420426949
3.2914697088
3.6780785618
3.854533359
3.915642639
3.5855283414
3.68998038
3.500693129
3.327549715
3.585552866
4.1258796399
4.351199052
3.082026341
3.198420259
3.821030556
3.350836064
3.78187551
3.628922285
3.589604484
3.779300541
4.484916149
4.304527774
3.180997721
3.375654781
3.141274505
3.282519824
3.86173269
4.439448686
3.3209714272
3.690528451
3.674134029
3.20187422
3.189747611
3.351488036
3.935959419
3.879428833
4.358726146
3.4735614009
3.1887929851
3.887211839
3.619265818
3.892917077
3.882057954
3.514193506
3.735358515
3.983058682
3.414094889
3.8381634723
3.85663426
3.857218681
3.55730192305
3.346975988
3.900353377
4.6576751344
3.7776574494
4.184586486
4.300114423
3.1509874758
4.797630229
4.139102245
4.415739261
3.677471949
4.557529794
3.597161036
3.710673221
4.61510614
3.338121991
3.406500938
3.460938129
4.104312782
3.034822175
3.95683504903
3.951179389
3.370727918
3.983448363
2.995673692
3.504723521
3.539779211
3.4345165043
3.340107419
3.3112143626
3.815399923
4.045715881
3.923228253
3.376100811
3.216075611
3.330805206
3.489817021
3.720512631
3.3073965032
4.1767109712
3.4395138372
3.9131883872
3.9132953572
3.0597108228
3.3138675802
4.2851737392
3.5199132182
3.9472775062
3.91834564119999
3.4434835442
3.4671680373
3.7100568042
3.9886761942
3.2043563992
3.9603454992
3.2928935622
3.7096783002
3.4820364912
3.2646750947
3.3637935492
2.9768591101
3.2735477322
2.9993783662
3.3337908962
3.5576204978
3.2856043902
2.9379321682
3.1063976622
4.0614271682
4.4297196472
3.7091586632
2.9638287412
3.5955070262
3.3005950712
4.2139956382
3.7113386148
3.3015869872
4.3873525452
3.1086907005
4.1522567152
3.3258822482
3.7125920972
3.3622052412
3.3359655842
3.7120754262
3.5202667172
3.343653301
3.8439745004
3.1824430862
3.7183355852
3.5025651172
3.3588314822
3.6850452672
3.4268544072
3.5402792172
4.11532473655
3.7786318372
3.9659066402
3.3747667832
3.4978465332
3.0503773332
3.9695302673
3.2836177622
3.2878302772
3.7830762205
4.4282405282
3.3495901272
4.3157591172
4.1782307122
3.8263747152
3.3499849312
3.5270714782
3.34989256046
3.3000454557
3.5838436266
3.6191778542
3.4301261332
3.2099745852
3.2419753872
3.7525024372
3.5962644884
2.6488305612
2.9173716743
3.4324261122
3.7754059832
2.8018646128
3.8196280292
2.7691699562
3.6334775532
3.7513494182
3.6801181152
3.6986552672
3.9722307372
3.5857821292
3.3289793002
3.4989838528
3.8591800317
3.8644901362
3.95398306
3.29193053
3.380739927
3.934524653
3.737108673
3.665289351
3.589144732
3.563253334
3.88534891
3.588190347
3.992618039
4.27678799
3.89557391
3.5010032527
3.270857886
3.7622357313
3.81345173
3.442786046
3.74617051
4.2465635
2.986348838
3.513430035
4.182286048
3.684329857
3.925634359
3.97180637
2.97489514
3.60537832
3.635971127
3.840102936
4.095993599
4.55493898
3.694503676
3.771442683
2.96939404
4.18277356
3.756948254
3.693027691
3.65335585
3.526650035
3.658967201
3.64677149
3.49372551
3.6683288
4.155851406
4.25001217
3.12840682
3.019093282
3.51616859
3.75630148
4.27967927
3.6529995696
3.9280464422
3.191881579
3.943671437
3.61881173
4.21518005
3.7186314816
3.23440173
3.679858
3.55333099
3.742428362
3.704634623
3.731310128
3.921325099
3.8891032
3.731154975
3.85444056
3.84973359
3.439900433
3.268354482
3.276954261
4.022758356
3.45162984
3.77308112
4.080753656
3.54553427
2.916186107
2.75296841
3.584302309
2.940509254
3.9080698826
3.5556005058
3.675673063
3.53067261
2.96051785
3.531159987
3.8403643412
2.953615531
4.509428924
3.790623725
4.010777782
3.43689401
3.76834458
3.445951096
3.0605871447
3.44162284
4.260424297
3.7161043
3.27468892
3.474908963
3.3882454288
3.968195847
3.371298823
3.92954019
3.64612918516
2.925811133
4.64229108799999
3.617518973
3.294730076
3.05164872
3.676664393
3.349164422
3.61584599
3.863164852
4.494891272
3.874974091
3.645722068
3.726441566
3.120040992
3.443270116
3.373663894
3.310594137
3.946434127
3.824666393
3.47249269596
3.648684213
4.000785507
3.831329957
3.690835683
3.583831152
4.2267886
3.456027623
3.492501002
3.262207627
4.052260453
3.695404922
3.6909398339
4.19047818200001
3.376906813
3.600934037
4.00923904
4.032665994
3.799997023
3.349976993
3.547894552
3.927846767
3.235675641
3.6788751476
3.6435983511
4.218728507
3.981977613
3.413930757
3.182331969
3.648270341
3.418488045
4.146345287
3.583380185
3.521015919
3.643059791
3.338667127
3.889432552
3.291907037
4.379551813
2.9660970632
4.0692151895
3.404765509
3.821992859
3.993714836
4.200342383
3.866714581
2.889823357
3.484906862
3.617249044
3.835400697
3.525094035
3.603207923
4.265175456
3.366482859
3.724228534
3.664305151
4.016828961
4.551066125
3.696030345
3.605005152
3.79187759
3.790280096
3.586084068
3.537535487
3.219638487
2.783953593
3.338456346
3.0461152267
4.029184477
3.47797584
3.594152353
3.736206852
3.329606488
3.7322473976
3.842697365
3.712369005
3.439424995
3.130992389
2.928448175
2.827009845
3.271397545
4.497331117
3.451913769
3.268584275
3.2735575299
2.988218122
2.820284884
3.392945795
3.732477915
3.223700152
3.471033375
2.97153642
3.250225775
3.652002945
2.919557764
3.407430417
2.629908982
3.6025448606
3.398544168
3.080782045
3.46606602
3.2288857836
3.102574225
4.088193468
2.749188133
3.84791568
3.901562116
2.938090695
2.806716875
2.90187298
3.761350725
3.367061807
3.590784935
3.330756195
3.22172514365
3.579721315
2.89472879
3.392720126
3.482042585
3.20800285
3.065963125
3.372712915
3.389915531
2.830633695
3.660937708
3.325267851
3.762634336
3.256975125
3.658341633
3.290124295
2.825495001
3.176048994
3.35750018
3.675951975
3.412340145
3.42659538
2.611954855
2.818149875
2.809010245
2.901017097
3.329152917
3.457487835
3.340182034
3.35510084
3.030902365
3.108639184
3.049339947
2.974685375
3.1304192905
3.584720027
3.687836491
2.750776135
2.760413555
3.089896373
3.68572506
3.339389803
3.403661407
2.8532685463
2.898129365
3.564671281
3.095001825
2.988146998
3.31806902
2.947978055
3.59072005
3.045315602
3.322881026
2.960110153
3.173748475
3.439871285
3.1850141754
3.520217311
3.579645955
3.542721681
3.516973854
3.504949391
3.72418774
3.637430049
2.771459928
3.096923949
4.24407978
3.4124464
3.37203411
4.1842801441
3.04476074
3.78043641
4.285591679
3.2721647101
3.46478651
3.668541144
3.311236826
3.6181738749
3.49448248
3.854257383
3.373643533
3.7676228795
3.27281701
4.073481058
3.66885218
2.942674145
2.971890298
4.133932205
3.00597885
3.4473238381
3.53240384
3.601241374
2.85036273
3.130527723
2.564143829
3.00205560305
3.159661004
3.65739888
3.447419616
3.580960043
3.601936148
3.576837824
3.474579084
3.204900832
3.279795505
3.390776793
3.697233907
2.97865671287
3.365877192
3.919940992
3.689640058
3.540838482
3.4060957419
3.86784373
3.84994302
4.094531699
3.6787343931
3.5447259411
3.920702872
3.25773374
3.515378132
3.816914518
3.26100191
3.658043519
3.535693807
3.046188149
3.459989454
3.390632239
3.371134473
3.422187208
3.145291368
3.870317608
3.87150911
3.073444772
3.622458215
3.321026186
3.4606932124
3.758077832
3.4448131399
3.7663918696
2.791476084
3.4706962
3.747139202
3.718083685
2.987317485
3.46494524
4.017412799
3.512229369
3.5668166696
2.835833716
3.825210295
3.35586642
3.5866628655
3.381893397
4.13823108
3.63971578
4.01463571
2.85855789
3.424014634
4.02967057
4.00876753
3.511663359
3.943438219
3.507336494
3.48118906
2.6842900494
3.451708915
2.94928749
3.191033161
3.040569577
3.4799458641
3.244468545
3.708597331
3.098617428
3.574312379
3.802908959
3.075345707
3.141571067
3.42029771
2.850464969
3.749608515
3.336560245
3.4795049164
2.407920705
2.6761277695
2.6548226475
3.123948706
3.46434661
3.4955428894
3.3009257344
3.14816177
3.833937963
3.452484271
3.080596836
2.6794530954
3.4578354281
3.087328128
3.190497822
2.994077781
3.069602194
3.237323351
2.94226835
2.97090132
3.13453431
3.904690998
3.82775482
3.181274775
3.124478762
3.305857516
3.18457444
3.193742161
3.29520386
3.754597715
3.14164409
3.713179935
3.010904081
3.270907785
3.525862896
3.261918663
3.5147568885
2.740208012
3.541016071
3.743278414
3.417880008
3.101871705
3.17452381
3.515027803
3.11844306
2.728065025
3.236235443
3.173543093
3.814881832
3.691981549
2.9794577926
4.039142149
2.701597076
3.399875117
3.453428409
2.970719969
3.54731273
3.310974364
2.947542408
3.065310746
3.122842261
3.57618473501
3.821524536
3.603902408
2.865235445
3.5573182651
3.3264849535
3.166142888
3.3372368246
3.554637272
3.530941144
3.3473633
2.608113935
3.3291237
3.234187633
3.31895748
3.70938924
3.39823895
2.995567932
2.57585746
3.743108436
3.271877743
3.908756897
3.553673153
2.955955734
3.245412234
2.822720768
2.621029088
3.206297638
3.166529267
3.168994703
2.771490815
3.058742023
2.470161877
2.731946224
2.957789535
3.374336884
3.452128466
3.107070317
2.9385134203
3.504900047
3.20341818799
3.049483117
3.183522242
3.048082274
3.0956561405
2.37915222
3.494251382
3.373412303
2.2135698943
3.539072453
3.3724141167
3.0109519103
2.883330923
3.177396692
2.815271481
3.421734257
3.112658453
3.245053553
3.314461912
2.603244597
3.899237283
2.902531277
3.489069657
3.581348735
3.213426546
2.790348907
2.533309153
2.833330346
3.298994177
2.842969037
2.937061393
2.357367052
3.381099787
3.141005457
3.409282738
2.906516283
2.907220387
3.290259104
2.488156245
2.852300361
3.47919809465
2.675488157
2.938985184
2.951394628
3.797059312
2.8300752686
3.7882458
2.892207358
3.188101725
3.063259975
3.124124277
3.3984562517
2.847680193
3.047869488
3.277919672
3.242781856
3.805448342
3.443500197
3.329828326
3.338129453
2.953203299
2.985368933
3.119338241
3.113147652
2.854378055
2.782048352
2.602114531
3.542034491
2.786699115
2.903738883
3.589974083
3.221362661
2.752889456
3.226439877
3.314128243
2.686227473
3.125810962
3.997599445
3.627290169
3.43123378
3.9808086808
4.023489049
4.159794895
4.082996992
2.822051237
3.932621251
3.692827162
3.380158755
4.13673162
3.928390496
3.9387812
3.610432988
3.65660974
3.303292183
4.43385391
3.130555653
3.580346772
3.949729478
3.870275057
3.499707931
4.094143374
3.613916005
4.328944339
3.36448702
4.1444008137
3.747278712
3.99075448
3.402922778
4.194426148
4.291948939
3.655080999
3.3418014
4.21149374
3.275856996
3.42319793
3.9335807635
3.24958832
4.022535617
4.432572159
3.4755923
3.572545854
3.684639942
3.4231053625
3.189616581
3.969317758
4.387160669
3.7753095
4.275958565
3.76568433
4.088299031
3.95611271
5.212527254
3.97724387
4.0743424605
3.1574532368
3.87994806
3.70867787
3.568975498
3.825425223
2.9855560425
4.0743965267
3.69616002
4.267851869
3.826312577
2.828151073
3.80881273
3.9997809
3.5503552647
3.904999145
4.597399245
4.14766125
3.312322141
3.251310011
4.31011467
3.957366894
3.2652004864
3.63580474
3.989222768
4.180279888
3.16910805
3.186749084
3.860667198
3.55949837
3.101725424
3.535405871
3.22212773
4.196114273
3.819739982
3.203126649
4.37990924
3.787314385
3.442399411
3.471092591
3.967252402
3.63227857
3.711762735
3.907015075
3.0079417516
3.5628085784
3.3608352054
2.2213780224
3.9769235966
3.0172620366
2.3816171764
3.2562855896
2.5657628876
3.2168044139
3.2281558341
3.0512294254
3.2421068866
2.2050366936
3.0864667304
3.1750253884
2.6470110536
2.2964057416
3.2694121754
3.3880196456
2.9356840194
3.1389475844
3.6197202504
3.7798995806
3.5184487966
3.1086389084
3.0994405956
3.1975972516
2.2339851364
3.4825297086
2.99583857982
2.9937982036
3.8925897551
3.5134980564
2.9956892446
2.8642974514
2.9217040936
2.8969843764
2.7533843539
3.3853261466
3.2675955836
3.1004927556
3.9865909454
2.8376311944
3.3449824646
3.7531669396
2.7871369216
2.3737782254
3.0296789616
2.6795330236
3.1648661884
2.8197506844
3.0475522826
3.1503751684
3.5066737596
2.6985455442
2.3447525805
2.8412598774
2.7482059404
4.0210488644
3.1006105506
2.7732116126
2.9259650256
2.8278722631
3.5628295984
2.9725338836
2.9386572544
2.9022950036
2.5488368924
3.1624447164
2.9017803786
3.3103930247
3.5102114226
3.547897034
2.9432997074
2.6992747504
3.1651223746
2.9531446806
2.9762101772
3.0950577096
3.1155871614
2.6792613614
3.0118211164
2.8625719024
2.9050709126
2.9164544447
2.9784297596
3.39471889127
3.0763942906
2.1839532284
3.2908539014
3.1497611176
3.5316100834
2.7740063775
3.6072606836
3.3435736954
3.0992906734
3.5546211736
2.9079658704
3.6044252226
3.19253672
3.1995322045
3.054175454
4.1127372593
3.9400747985
3.060425991
3.93627523
2.574897694
3.519723188
2.932352391
3.2425777258
3.286748893
3.952748004
3.456240978
3.462838825
3.52445927
3.887020448
4.052900946
3.8337051668
3.3153037498
3.654558474
3.32722835
3.4570243635
4.0005737431
3.531842689
3.4221766343
3.851062724
3.14467171
3.764179267
3.462149702
3.2562192
3.900133791
3.763940569
4.108915496
3.809688715
2.868915719
3.284532902
4.249687219
3.2814941824
4.139760668
3.495199563
3.967581874
3.329030577
3.757882053
3.7741335961
3.6894283593
2.858429813
3.688320862
3.5319011803
4.02078866
3.491303551
3.941377643
3.758117885
3.688451868
3.440483182
3.535473956
3.486360218
3.2017596293
3.749088002
3.849286131
3.969508753
3.346492337
3.27191154
4.21798254
4.129565012
3.898876291
3.510345291
3.539837348
3.994162376
3.954804149
3.463225056
3.852939718
3.27454443742
3.6881755533
2.981424306
3.761806441
3.5880035046
3.5746473623
3.889948139
3.603482292
3.158483288
2.878266717
3.657099331
2.795610897
3.201448223
3.2816794954
4.374551133
4.673097514
3.249597107
3.831044258
3.350815855
3.591984206
4.128725676
3.87622065
4.123112975
3.46099106
3.420947314
4.167136135
3.971319332
3.3850174
2.839964412
3.4169557205
3.336429572
3.661877402
2.240254225
3.135520993
2.818093316
2.83429777
3.351177495
3.176503351
3.356687928
3.525389054
2.89814968
3.498002727
3.789058886
3.289935852
3.742895877
3.3628489365
3.460046522
2.802975732
2.896820166
2.432104107
3.540886379
3.107611628
3.340999932
3.39377947
2.749881735
2.908020676
3.102961668
3.295170473
3.002388432
3.168250289
2.993045352
2.993246576
3.231914488
3.011110396
2.559446912
3.572266502
3.432019142
3.601101979
2.767584618
3.032316024
2.857735407
2.954992005
3.551349501
3.750792828
2.788839206
3.93902086888
3.265174938
2.872329317
3.507019632
2.588701822
3.182309159
3.133343412
3.6297495288
3.283399468
3.5273935672
3.305965646
2.954915284
3.911760942
2.870400262
3.36721871
2.280034993
2.968790383
3.669776096
3.319340548
3.677148128
3.762902766
2.830987718
3.232745013
3.307546547
3.375187004
3.340837817
3.549224832
3.466299208
2.962325409
3.140439456
3.435441613
2.654258369
3.085159924
3.624624118
3.70088303
3.529537935
3.082508829
3.125488792
3.359409378
3.084039244
3.271010154
2.518714701
3.199694676
3.50768466
2.6705230427
3.462730612
3.511799192
3.1870885622
3.115119252
2.705343807
3.472664873
4.047352166
3.1570520509
2.857268722
3.47304159
2.510834671
2.47152152
3.1645844284
2.985685677
3.218193894
3.069215878
3.38158237
3.631975104
3.380987626
2.965499174
3.268464423
2.333145032
3.253475747
3.840265892
3.258148739
2.875275588
2.780667221
3.283894465
3.686211871
3.7351565351
3.695362177
3.778383382745
3.247295151
3.528254451
3.522527281
3.2441894088
3.080523279
3.602632458
2.587581043
3.167218931
3.863313928
2.709982009
3.288109897
3.706415126
3.785612308
3.229613255
3.155550181
3.790000812
3.4805893859
3.104622002
3.2703784813
2.482967581
3.191086751
3.2229005247
3.010593111
3.432617391
3.063968734
3.246802205
3.377643154
3.390086531
2.936724781
2.985771209
3.4382287676
3.078317423
3.915687641
3.113244221
3.409131733
2.956209626
3.514022367
3.240527069
3.177451172
4.207821984
3.318410254
3.1400990764
3.1762298516
3.192046229
3.589796071
3.305539421
2.885545776
3.716103851
2.931835706
3.854781229
3.376901225
2.964118763
3.705150631
3.67147485
3.303360343
3.249436107
3.051347841
3.4191394158
3.649603951
3.521822269
3.273880313
2.745231801
3.448484349
3.305973361
3.396615061
3.385015175
3.7142425287
2.727270831
3.265711507
3.390145497
3.11438483
3.3597433333
3.061663023
3.028151676
3.056846414
4.2392355416
3.892189361
4.13700498
4.169905814
3.889923753
3.532312018
2.78645226
4.237304143
4.053161497
3.504642594
3.63591861
3.301442761
4.286987907
3.575726093
3.169056873
3.569321484
3.379629951
3.56505959
3.78349093
3.024616165
3.488405552
3.0432505374
2.939114022
3.30929288
2.9929226
4.154948287
3.681123888
3.698704837
3.271124569
3.177433459
3.208178263
3.7486210135
3.516973605
3.45900806
3.87718476
3.298294264
3.0031605979
3.700153929
3.395479037
3.533246896
3.007790649
3.132013829
3.187118909
3.28590111
3.600898116
4.160376208
3.74804734
3.612472651
3.537671108
3.290357003
3.927914667
3.698346976
3.815303749
3.70230891
3.4673024529
3.487047793
4.212783902
4.186804614
2.946680295
3.186146151
3.909266299
3.67884357
3.742504666
3.197434919
3.867588402
3.035086211
3.199625156
3.349668375
3.507419566
3.361721986
3.7822888
3.540488472
3.513846136
3.42597084734
4.605736168
3.33056955
4.090361771
3.939588476
3.444884688
3.46634174
3.52938220157
2.963871063
3.6303551
3.589959749
3.5052201454
3.56575302632
2.837523491
3.252957114
3.553404824
3.680974102
3.286330594
3.948162465
4.0998688879
3.338524298
4.291481664
3.562890494
3.2178176902
3.34527456
3.663545823
3.046306179
3.694484777
3.073007726
3.1964887244
3.229724403
3.5373317855
3.515265998
2.9919709
3.285781147
4.00953642
3.279955091
2.857338247
2.712570415
3.208295587
2.607250236
3.643322507
3.210062629
2.7247552961
3.406892323
3.5911776859
2.862732413
3.115501137
2.7544487165
2.677509466
2.863010133
3.3172817599
2.8246636618
2.828323445
2.753492413
3.318244689
3.498086146
3.1329930759
2.730390471
2.968723207
3.116860154
3.5206087179
2.804876514
3.225759573
3.135766999
2.96784996
3.284625507
3.033251389
3.907942885
3.918010152
2.575602339
2.946100534
3.5146494138
3.39520838
3.467824508
3.068251991
2.895783082
2.855006914
3.654757421
3.304794344
3.281041181
3.434276284
3.337812327
2.80587688
3.372807317
3.68261012
3.032747852
3.104920101
2.8920683877
3.065820792
3.4443517253
3.639649796
3.333735742
3.598086181
3.296011619
3.79280632
3.834577528
3.541415
3.0823790219
3.35237801331
2.763684576
3.5590415788
3.559430131
2.938152092
3.110376183
3.3033326634
3.410587828
3.145869859
3.269554815
2.8059342145
3.418249587
3.282024552
2.4026805646
3.499373176
3.140530694
2.98904931
3.48092839
2.61802347
3.198796248
3.012191247
2.677716541
3.391055917
3.548562941
2.608645645
2.805306715
3.171699216
3.4791468161
3.3855949209
3.67829487
3.574401724
2.806891132
3.253622631
2.9075424944
3.580450051
2.435181226
3.102836231
3.4213019857
2.401427862
2.818043961
2.979687259
3.020524295
2.687810342
3.268598131
2.956421964
2.349498699
3.1166496022
3.311274544
3.12544974
3.425797648
3.1865040365
2.8251356399
2.972088389
2.478027352
3.226423144
2.737056705
3.304607919
2.923241511
2.634225218
3.077515259
3.576962869
2.843301781
2.948897375
2.695072029
2.523723021
3.089763181
2.66159509339
2.970999467
3.2742258909
2.704212079
2.930183487
2.7209001964
3.010649068
3.530986458
3.431472039
2.919131784
3.0189115908
3.280856001
3.00969667
3.113009171
3.01850792206
2.904538938
3.058484291
2.840899148
3.199693641
2.323544841
3.011532701
2.919494391
2.548117676
3.132740824
3.810603619
3.521042986
2.932991283
2.8452170722
3.273635589
2.738201282
2.997953201
2.871803718
3.414435951
3.550030222
3.447284186
3.11210069
2.875218305
2.296558756
2.567351172
2.5953030691
2.6890356942
3.456109161
3.4531875222
2.803874007
2.877956994
2.9635382391
2.883408722
3.020348279
3.131077224
3.242379248
2.889523941
3.01462905
3.322851323
2.565481621
2.81549365
3.085632799
3.554646189
2.432329354
2.776000482
2.404504405
2.812101129
3.497794661
2.967084645
2.542573837
2.78249096
2.972144778
3.57325875
3.57874872
3.0070638809
3.514242904
3.01320262
3.30123064
3.235345801
2.678198286
3.483070404
2.856073733
3.143280512
3.294678555
3.188152655
2.985256037
2.832282759
2.95374674
3.632790631
2.901495314
3.140595939
3.923147717
2.635242764
3.3917638854
3.165253789
3.100510042
3.626010288
3.4186739466
2.971062744
3.174355295
3.122940153
3.0062022397
3.314992503
3.199542038
3.133179564
3.527830854
3.087323585
2.74505587
3.442837424
4.16349233
3.66351477
4.08829611
3.404416096
2.997510453
3.272529621
2.671051289
3.297221616
3.22087259
3.192651862
3.310732606
3.10161212
2.775245824
2.908848644
3.366566728
2.89736927
3.2033977534
3.4903003497
2.91121568
3.69460985
3.149960584
3.28410618
3.817209742
3.615197519
3.185058375
3.035738675
2.9380331329
2.571637851
3.227103369
3.769481534
2.7971719817
3.3073304562
3.271720037
3.124711446
3.59134526
3.583719393
3.9591463198
3.61319494
3.778599207
4.142427858
2.97235519
3.424937723
3.74239062613785
2.8309273817
3.4655951249
2.883197981
3.025846513
2.795960988
3.677156415
3.56828799336
3.213740569
3.56318999
3.513502841
3.341435495
3.33351499
3.771036225
3.54581944
2.98678837
3.447660398
3.366734633
3.13958916
3.604227912
3.555090676
3.852396067
3.334996623
3.157034235
3.039657586
3.880133005
3.44637961
3.63691948
3.71780199
3.35961211
3.373519588
3.59950323799999
3.181154416
3.786690546
3.64353869
3.884063534
3.043929135
3.25727106
3.2830332282
3.742622818
3.09763885
3.365960134
3.479173505
3.97759191
2.92939072
3.94585735
3.34395733
2.87934959
3.954049224
3.703654942
3.346425965
4.245878125
3.173171636
3.3994896
3.26991751
2.7377593241
3.61832808
3.83911174
4.139349697
3.058186316
3.723529203
3.36234524
3.7074681
3.22639615
4.3437202
3.03017919
3.52713783
3.68936538
3.4515669424
3.932181382
3.31615605
3.50773732
3.4212641114
3.220373432
3.3133246478
3.154680306
3.396518178
3.451309053
3.711459151
3.346536189
3.80859003
3.832906107
3.67777821186
3.280335828
3.014255632
3.272190735
3.563210575
3.363732161
3.91551669
3.941863715
4.34270856
3.66022265
4.719214469
2.906385105
3.07708725
4.24443412
3.473337552
4.126736593
4.05066552
2.62909324
3.888292905
3.677337276
3.412209786
4.280060281
3.582101875
3.72024511
3.8370771463
4.478435799
2.880225918
3.2757562
3.50562921
3.191916973
3.13285228
3.69634486
3.11882542
4.0449959147
3.32474886
3.391383989
3.688812547
3.041445737
3.840187457
3.372236863
2.850407552
2.684702506
3.273207417
3.853937176
3.356701107
3.272354663
3.831528656
3.504933035
4.006777423
3.748338311
3.531219957
3.784719047
3.587165339
3.527792257
3.605854347
3.575479629
3.812583025
3.141131839
3.692609659
3.525819952
3.314721211
3.109809427
3.730080747
3.375309216
3.431037069
3.321374992
3.642235623
3.55867947600001
3.086553017
3.666046947
3.426890237
3.127088557
2.95773532
3.459609926
3.726939773
2.92619074
3.950486997
2.9600613369
3.096227947
4.295552599
3.254292919
4.148011167
3.110906771
4.36174756600001
4.451156373
2.740193663
3.921401764
3.934398487
4.022816138
4.426153366
3.027184555
3.129383734
3.060792507
3.60748148
3.569002927
3.913603807
3.894902666
3.010065166
3.523055238
3.430173157
3.545212687
3.786647678
4.141219777
3.57387923
3.63694228
3.779805121
3.445393321
3.764259835
3.150023863
3.184346699
3.294361173
3.94276761900001
3.90763736
3.923208137
4.275056403
2.668089989
3.495988701
3.309154845
3.202126794
3.57557645
3.876853761
3.070550957
3.960367837
3.5158783876
3.495807853
3.099653147
3.719115673
3.821850007
3.578239987
3.223676891
4.263679987
3.576087367
3.543168395
3.457870976
2.544487117
2.784517085
3.28429388
3.28666419
2.343504187
3.448372192
3.14777776
2.86745018
3.10539594
3.2076737
3.543961699
3.915952998
3.66784003
3.346125847
3.34180838
2.90717269
3.50795269
3.616515597
3.04136648
3.35182182
3.179611761
3.49309873
3.3778792081
3.35187267
3.090830248
2.85606111
3.409922893
2.701436568
3.462175273
4.330573292
3.399213194
3.24401969
3.867663228
3.680164759
3.91255074
3.3011282932
3.436160463
3.3645024
3.51071034
3.02361096
3.61764951
3.172961584
3.04970394
3.004837745
3.81411479999999
3.65300979
2.808867222
3.35313198
3.48159226
3.57369334
3.83886515
3.68000559
3.49166776
3.401120285
2.9402639113
3.324188802
3.775541298
3.35629436
2.935108106
3.843219872
3.741768047
3.54848903
2.74964682
3.231575395
3.90528157
3.47009763
3.21051807
3.082059265
3.26734361
3.11271075
3.39073996
3.89491171
3.06594636
3.13187487
3.41531809
3.17314821
3.960149339
2.985266286
2.938538005
3.52436186
3.88785341
3.95232628
3.196269396
3.69444684
2.68170647
2.80487714
3.77946618
2.90116447
3.42544076
2.936120648
3.9320155669
3.059070357
3.281895434
3.049615704
3.333724295
3.203267428
3.08843785
3.04875451
3.3321731791
3.079309073
2.67403175
2.738698909
4.015524586
3.9166525478
3.512775483
3.173984395
3.426882131
3.738776996
4.183852682
3.566307693
3.270607821
3.9263063132
3.713844573
2.985946246
4.004184086
3.924450035
3.550058954
3.78273855
3.583491888
3.876031645
4.473622467
4.26293315
3.601107409
3.043850991
3.86248729
3.937314326
3.7132090982
3.551315092
3.92542168
3.766843573
3.674467595
3.635149108
4.2996747849
3.1431274538
3.551614698
3.726451896
4.632701703
3.965542567
3.050056279
3.479396734
3.337050435
3.613386742
3.475260147
4.063561465
3.28711796154
3.564043074
3.798654157
3.3143234
3.690953751
3.139244775
3.486564091
3.57987371
3.9668718458
3.594335877
3.631446623
3.788853906
3.336582868
3.3048280343
3.198503721
3.810827776
3.603328888
3.550707675
3.739670291
3.7776266762
2.890582286
3.234529737
2.877984645
4.485647206
3.4977555608
4.289954354
3.375731434
3.589616436
4.223676342
3.814786884
3.476383837
3.159059953
3.897105554
3.4400642771
3.537405501
4.041369501
3.199914894
3.976535975
3.315279457
4.066510885
3.301112712
4.001755952
3.430535138
3.5961991637
4.039181933
3.198506144
3.479116417
3.821670591
4.474198029
3.730610388
3.469122794
4.142006076
3.365474565
3.4251312518
3.634461179
3.557358935
3.467204943
3.560971861
3.688814692
3.9045084843
3.029508831
2.8431421796
2.769678004
3.5221553
2.968239058
3.6944473126
3.7577202257
3.318600901
3.02007567
2.61795217
3.053504893
3.190142424
3.872010081
3.313871594
3.337326833
3.2190109369
2.953619899
3.252384744
3.136886308
4.088688072
2.859070458
3.28245725
3.319643339
2.680455699
3.497384771
2.71108441
3.2822279903
3.766253262
3.833099246
3.5937530787
3.325820404
3.358022286
3.1404163182
3.390493774
3.528137616
3.319893707
3.970389348
3.11730901
2.823080027
2.9770204996
2.965363442
3.241980337
2.555777449
2.912702798
3.170750001
3.7528643088
3.938543806
3.599938739
3.531906009
3.959925769
3.515669068
3.3174911926
3.2811790569
3.1309161628
3.133412814
3.46041642399999
3.361013501
3.384915613
3.2688921881
3.2756132401
3.429945112
2.8580118878
3.533719332
2.73681607
3.8261064687
3.049615777
3.575811117
3.586497454
3.311697154
3.143350274
3.634092647
3.043008209
3.890342721
3.209155016
3.133797053
3.707814646
2.863145534
3.929200258
3.02213148
3.138124657
3.304622844
3.273762124
2.7717464973
3.135559204
3.37394537
3.1149413581
3.352711169
3.410099761
3.161799792
3.042420884
3.2473255336
3.4846137271
3.977442995
2.859258817
3.290269356
3.420045895
2.982528833
2.886621874
3.268046378
3.539872886
3.399065334
3.3056282485
3.81601482
4.054603916
3.471819222
3.080190228
3.733429326
4.089777375
4.096712816
4.126212759
3.617903466
3.91088949
3.603219798
2.902507483
3.859360627
4.119105182
3.961348156
3.435140218
3.619150861
4.061690268
3.874985443
3.527605424
3.933962626
3.912729215
3.874259696
3.207313246
3.483306546
3.976119726
3.71780154
3.559941984
3.78361017
2.570711288
3.441521526
4.509328985
3.899766354
4.128141882
3.220192896
3.628729128
3.539788199
4.0897910512
3.462116534
3.023007158
3.384339742
3.468842446
4.017904184
4.296964654
3.798577658
3.493896396
3.477511624
3.869441146
4.202655816
3.532377906
2.550982214
4.581016122
3.5766685722
3.081582136
3.248091434
2.977095244
3.727621034
3.450777266
3.682665175
4.051185878
3.66807266
3.589465337
3.05921077
3.924148766
3.738500816
4.608316226
4.051309196
3.529507322
3.69388685
3.651357735
3.800067186
3.477590521
3.717309238
3.451010996
3.582171274
3.582860899
3.845943312
4.02894332
3.770350622
3.948993247
3.323591975
3.871601099
3.312044175
3.444620826
3.4479717517
4.200337024
3.746782316
3.778473716
3.760642111
3.100100588
3.223045085
3.799248006
4.034271082
3.303171622
4.56155083200001
3.543332936
3.5830139047
3.3227506768
3.3158200136
3.5559776407
3.5312190907
2.756298651787
3.8570125714
3.4673576583
2.7773300413
3.2617244355
3.1504376213
3.5526533953
3.7100396937
3.1935799413
3.5270678293
3.1945153547
3.6413639416
3.9597245993
3.456652209
3.4171914293
3.6088632023
3.1883822003
3.0824035807
3.7823244637
2.7952341713
4.2625300233
3.0140635893
3.7220016277
2.9058232667
3.575477566
2.9742423834
3.3540257413
2.9759356613
3.6530019273
3.3236721713
3.1948468986
2.6218544092
3.0347046676
3.5894991013
3.544210778
3.1093157633
3.2905057383
2.9254441046
3.5764590493
3.6345009913
3.3477038767
3.1568773243
3.8429506897
3.2408143543
2.7903847763
3.1870849607
3.1547892643
3.3922501058
3.3470611699
3.6578906726
3.6329893083
3.7008293933
3.2322770113
3.0818420893
3.1763519727
3.3340187022
3.3220302643
3.4671504293
3.2431874907
3.4251668213
3.0537001607
3.274306531
3.0970200243
3.0337278042
3.6070814837
3.0047302493
3.1833674407
3.3323685903
3.723895336
3.5457496627
3.8895442587
3.4912334133
3.2110482464
3.6072288581
2.9901107313
3.6903797873
3.3227272803
3.9277007663
3.3652061443
3.1835393633
3.5257195813
3.2173262352
2.5440712033
3.2306224993
3.5508739507
3.5359394207
3.4533415103
3.5501346727
3.5881391821
2.8575415183
3.3423680837
3.6264870673
3.2176637613
2.6043066013
3.1998098507
3.60857876477
3.059009536
3.957800469
3.244168611
3.243684619
3.384872761
3.611748701
3.382205061
3.958904273
3.526676721
3.694500111
3.816730014
3.899392256
3.860245592
4.08339966
2.562574388
3.380937781
3.7217373434
3.598205461
4.451361831
3.7140926648
4.232647144
4.1094264483
3.278398053
3.2412634958
4.053678611
3.970568341
3.606894329
3.631125522
3.325828204
2.854072885
4.100433755
3.689991449
4.309463946
3.294681586
3.123929639
3.233633705979
3.551410489
4.1398441385
3.395437167
2.8047271107
3.738218731
3.274167401
3.629542641
2.886547009
3.5820084556
4.053372956
3.664027295
3.864352671
3.31089786
3.100012209
3.737467481
3.239220864
2.973315626
3.614835939
3.4702548209
4.211001914
3.953043861
3.5897883993
2.867164869
4.184917002
3.251611354
3.489360683
4.285869559
3.964821209
3.65807594
3.786521411
3.583403589
2.803590215
3.571149277
3.744087791
3.820849383
3.71467444
3.040199824
3.518359131
3.803902667
3.410070896
4.267224038
3.9413019754
4.166442622
3.3366261333
3.134789449
3.494998837
3.942244369
3.494293311
3.702463847
3.26935506
3.153374621
3.416381617
4.234946006
3.235284511
3.334952485
3.547182397
3.608517426
4.026100298
3.662809487
3.606289531
3.660825301
3.828346808
3.474643512
3.6349444605
3.8233465148
3.2532956207
4.1266274015
3.4486370495
3.7464217075
3.6471105615
3.4926096945
3.8872218555
3.5296224075
3.6904470715
2.9742254405
3.7019684975
3.5800255495
3.4450944747
3.75076947050001
3.6955688775
3.4014918135
3.444349474
3.3707060375
3.6393948735
3.0417129105
3.8308150595
3.2273046905
4.1107880129
3.1166140445
2.6888932345
3.6607661355
3.1660790965
3.7993619335
3.7585017105
3.8250754025
4.0089220357
4.4572560605
3.7220369605
3.9495909295
3.6865904905
3.8967615375
3.7393565815
3.5948152665
3.4332583465
3.5542179005
3.6303809005
3.4788725925
3.2446584525
3.3615660435
3.8241679575
3.5003828865
3.7342767675
3.2937816675
3.9366850095
3.3466018295
4.21378443
4.3037288175
3.1878696115
3.3719589155
3.0825546449
3.6805189655
3.9427140785
4.0650685614
3.3653564095
3.6821234865
3.2062323255
4.2306380605
3.9939905795
3.0339798395
4.0477071775
3.1933885005
3.8829424882
4.1879174585
3.5067386715
3.5048910275
3.8974730775
3.3920574695
3.8436344615
3.4205645395
3.7005521415
4.2508690105
3.5564434075
3.5157572176
3.9664146395
3.2242496725
3.0888458675
4.1134103475
4.2339084693
3.7584827215
3.3559270065
3.8766871855
3.4493568195
3.2546735625
3.4128457845
3.5179633645
3.4517763009
3.7637738075
3.2599483005
3.7057566655
3.7275230135
2.9204897125
3.4369140935
4.0596680365
4.250063214
4.369937915
3.709986123
3.494264585
3.629643583
3.3875749926
3.892473567
4.10889511466
3.817303815
4.079021563
4.366000218
4.0185043853
3.664092711
4.15013273
4.613380693
3.99624847613
4.510814804
3.89473768
3.52969459
3.803544878
4.169845483
4.044927437
3.727469793
3.861278642
3.921613776
3.391610823
3.8294418852
3.474325591
4.174583168
3.879088653
3.2577986221
3.9702917924
4.0166421103
3.88073318
3.966033345
4.3342674785
3.9684894225
4.438598183
3.425671658
3.569422143
4.305126471
3.998027023
3.918015662
3.856138834
3.894887548
3.6869543101
4.049648603
4.08196077
3.894437718
3.66361760579
4.489141157
4.197991071
4.039226023
4.186259958
3.144460947
3.492460259
3.8523505752
4.140270967
3.459441049
3.830538983
3.686589165
3.810864263
3.603556783
4.0909046726
3.941326418
4.083000254
3.657550135
3.899162321
3.65381108
4.1274271151
3.773379654
3.857154796
3.938872773
3.601160274
4.3481284554
4.130321221
4.330724473
4.394273903
4.129195786
4.2446918421
4.066324943
3.863280552
4.170771118
3.562958496
4.190867085
4.588796243
4.072457974
4.141114977
4.137320294
3.9766989857
4.07416164
4.196405693
4.005336049
4.2413131821
4.126539322
3.7241671062
3.997415753
3.856693667
3.511267932
3.173987493
3.325992866
3.408275478
2.960545119
4.618182696
2.4259860395
2.970311549
3.226093921
3.264312831
2.991645806
3.058086389
2.916423531
3.005021749
3.0236782206
2.763579821
3.211673171
2.845445001
3.419491611
3.348459889
3.797934358
3.207373809
3.344789025
3.472150532
3.284029961
3.015543631
3.037295181
3.623822719
3.2014258429
2.928703291
2.930810473
2.901997086
3.165987139
2.820008071
2.965050101
2.733900705
3.447257829
3.198412391
3.230698001
3.2528399726
3.433156236
3.116030001
3.533477191
3.8181071698
3.348288561
3.175142225
3.271861999
3.188731021
3.606506606
3.406212259
3.883209839
3.734947229
3.242555276
3.194783963
3.13009993
3.524754473
2.539092579
3.740215377
3.549696209
3.504327069
3.049912721
2.946234088
3.524477641
3.404699556
3.880138413
3.521067737
3.220071908
2.972933171
4.057220569
2.615755478
3.009634894
3.135503355
3.529780441
2.952600891
3.361299151
3.728482767
3.171717179
3.151519752
3.47208038186
3.023821199
3.637392001
2.714698351
3.623409569
3.743568457
2.945110229
3.542145839
3.593481909
3.317611341
3.903356809
2.704627257
3.19329135
3.311497441
3.795324969
3.130916416
3.609835619
3.301312631
3.681894829
3.53412224
3.664472251
3.3341962606
3.3711101486
3.481577001
3.664793104
4.004954902
4.23145911
4.6067198943
3.195561806
3.912921507
3.6887920765
3.867758093
4.660512766
4.578558729
3.999495206
3.677823352
4.332753682
4.052524157
3.678205012
3.660544802
3.862173417
3.318117577
4.049940835
3.472201971
4.430528879
3.634841913
4.33107476
4.0708254614
3.941669961
4.638661072
3.940301745
3.493279664
3.5786220916
3.819145349
3.882606734
3.865256716
3.947277037
3.522665025
3.34586751
3.991530462
4.400462081
3.891193545
3.090974047
3.412309132
4.18421099
3.844742897
3.738279194
3.463940516
4.522295329
3.80933435
3.582179369
3.75564779
3.552297096
3.51758676
4.094014432
3.712195398
4.024733975
3.3456643868
3.3368882634
4.456554393
3.183138174
4.002929392
3.400090744
4.539217407
4.25390602548
4.1617906231
4.086612389
4.248094653
4.0752885445
4.472349939
3.601718093
4.306368774
3.351048586
3.6097702
3.673858323
3.327199114
3.593497249
3.84658591
4.111110615
3.80133561
3.756867841
3.97046397
3.295497014
3.96859155
2.98953936
3.8874197966
3.731032472
3.63381208
4.172086963
3.86338932
3.223775853
4.01294857
4.439078509
3.049838627
3.6742868743
3.823552053
3.365237146
3.954833594
3.9300884391
3.4084746723
4.102966907
3.160437885
3.94448907499999
2.964816096
3.941606133
3.81002608
3.864992093
4.298867568
4.442575304
3.498726416
3.951774884
3.912533743
4.177994893
4.068381843
4.092965397
3.50387532
4.227095109
4.051115383
4.337364893
3.690149611
4.002954443
3.759863708
3.8644335627
3.058493889
4.477020499
3.501894683
3.654091423
3.850511779
4.038050182
3.68642081700001
4.190760334
3.587257503
4.4189899112
3.990260743
3.753385643
4.436402804
4.012369963
3.533368233
4.548460803
3.816502099
4.054091513
3.7750282679
3.704464445
3.250459023
3.757023634
4.550352985
3.865136941
3.542238132
3.873911454
3.861801251
4.061490417
4.216710882
4.247629611
3.378610119
4.186312989
4.20100177599999
3.814453383
4.7429660007
4.240147252
4.262965626
3.88579312
4.732295004
4.4054652369
4.415086083
4.495361533
4.19391867299999
3.776133087
4.445646189
4.206928201
4.6081661465
4.072127331
3.935755761
3.48473969
4.197620023
4.1175462309
3.426815624
3.8435019698
4.363512253
4.371440643
4.528928603
4.180340777
3.7125017787
3.460470892
3.630245341
3.543480813
4.823387263
4.037954408
4.459725952
3.742333743
4.266473327
4.372673093
4.327194223
3.9901521904
3.884146397
4.06996828
3.762687242
4.441580589
3.884897837
3.867834183
4.908838783
3.858565451
3.861264963
4.687233673
4.911089883
3.8189239855
3.6849004303
3.9459278923
3.2954014463
3.3139450155
3.0050731143
3.5087190153
3.2798518903
4.0673903643
3.815293828
4.6213226453
3.3806084852
3.6096380855
3.4897274515
4.0187637053
3.5931350705
2.9372040795
3.7981542563
3.6890912371
3.3252154063
3.3375006761
3.1616529283
3.4666830205
3.1223434765
3.3661337803
3.7244573563
3.4102497357
4.3401331425
3.7555248188
3.8218348843
4.4517355913
3.4431240713
3.7076363955
3.3168216763
3.8270538285
2.7445712463
3.1650716319
3.6385057493
3.6723966073
3.2518322802
3.7848445063
3.4630910943
3.4403174965
3.5441986653
3.2850980185
3.5365387763
3.8052273213
4.0468464663
3.2533908273
3.5406607185
3.5541905243
3.7928456263
3.1961996045
3.492761142
3.95298823598
4.0116884763
2.9172599563
3.1897732972
3.1294733235
3.3474498149
3.8555703763
4.0341919503
3.04447294094
3.0570094155
3.4549678963
2.7959073913
3.2144511497
3.1719501913
3.4565124463
3.1680714863
3.4950200425
2.8898576147
3.6501652673
2.7190892695
4.2284092583
3.4117763883
3.4574175345
3.7058897813
3.4671206311
3.6666979655
3.2420338837
3.3013709743
3.6913876663
2.6989874655
2.8695166663
3.6490252841
3.1925596013
3.6868478005
3.6831169324
4.2035975055
2.7748194253
3.1102488695
3.4346080283
3.9177922665
3.5396975699
3.2651130955
3.332610782
3.6467556833
3.9338724773
3.3288295305
4.34387698
3.451407056
3.629592376
3.7849834073
4.452771954
3.0974890721
3.56608774
4.26019167
3.37336217
3.692295248
4.114930182
3.939249892
3.697941744
3.553504318
3.5096007539
4.124853382
4.179071348
3.80664902
3.956532912
3.718443918
3.218119024
4.636206587
3.7548487675
4.041388413
3.721956153
4.092728584
3.559488228
3.324482417
3.9390880624
4.989320466
3.291030829
3.245015805
4.332123964
4.412963988
3.755826127
4.068454256
3.7006961568
3.186608388
3.286519991
3.981100031
3.480029463
3.875125223
3.26957338
3.484520625
3.1786288627
3.719112018
4.0698235436
3.5404135585
3.390659733
3.740473245
3.769485336
4.32022182
3.424903432
3.9504249
3.247458741
4.4813099
3.234992148
3.6008764733
3.932417812
4.267842316
3.784184916
3.526529732
4.018768292
3.779596163
3.5417846467
4.398466326
4.4057410365
3.993231263
3.656030707
3.6630026458
3.77372796
3.432723171
2.72382364
3.5326625462
3.825676009
3.793985841
2.934036593
4.19314617252
3.462028654
3.554414929
3.410191005
3.865650116
3.5636952672
3.720476358
4.283987781
4.055107925
3.906895327
3.428908683
4.37172663
3.56722572
3.989781777
3.891055545
3.538214852
3.85274721
3.389279886
3.231113511
3.905995285
3.365282974
4.55774601
3.32702834
3.403106023
4.23477771
3.10288169
4.100288004
3.36979183
3.74631169388
3.407127459
3.5069737008
3.405748769
3.402647276
3.7008047346
2.974981549
2.58594117
3.387006457
2.7021038568
2.769195554
3.266771004
2.526584575
3.55817145
3.267101724
3.61029835
3.11583568
2.934792272
3.138781476
4.190501329
3.242007465
2.94995563
3.30234726
3.49466998
3.510776708
3.328531326
2.69180203
3.357334459
3.303148458
3.6253996
3.447209249
3.384844232
3.941130393
3.421465974
2.850505987
3.45553925
3.09516227
3.245471188
3.02678168
2.89499207
3.19163404
3.289490032
3.85012252
3.749884721
3.6836357255
3.18529216
3.621586422
3.2488491155
3.62701866
4.2831539635
3.46555488
3.41420151
3.86581752
3.369783282
3.719001941
2.73239385
3.049174521
3.901308444
3.622254189
3.43619948
3.425737518
3.610708528
3.30146596
2.489767157
2.883528694
3.615047051
3.186383185
2.7669371869
2.601733689
3.358714735
2.688948935
3.015059168
3.55399792
3.0044339657
3.56039483
3.2551435047
3.7573232
3.2044022758
3.830356621
3.393122092
4.005236738
3.704901255
2.82518975
3.85887569
2.854202266
3.833107889
2.649785006
3.674533208
2.56613964
4.2362399
3.47415032
2.556004868
3.464698377
3.328672249
3.097023778
3.70428961649
3.77249153133
3.50722507367
3.72082314967
3.01815675933
2.60366327033
3.26066687967
2.98177268833
4.00027949033
2.83939855903
3.53524387987
3.25373565533
3.51483044333
3.42400357733
3.22022627633
3.60644536843
3.52173683567
3.42462055867
3.26384975567
3.66514551547
4.22048596067
3.14940131033
3.30814245333
3.33221170233
3.79896065267
2.82010422533
2.29006154533
2.53216373883
3.20030237233
3.55232400777
3.30631390967
3.38939763447
3.57155040133
2.99542247443
3.44313957233
3.51951490533
3.13083105233
2.89412924267
3.38552463167
3.43667724467
3.08381646933
3.22039111067
2.59722248233
3.03367566767
2.94497879367
3.79473893167
3.38883112733
2.74708401767
3.70080345233
3.66468989767
3.13433810867
3.73051749733
3.79008349067
3.47546549733
4.11863597067
3.42620111233
3.15818102033
3.69926724867
3.40843095167
2.74684303217
3.03739601967
3.45534968233
3.33101578233
3.13901017333
3.95188315733
3.16382683617
3.90329018667
3.84354745413
3.01343362467
3.66167816933
3.64882570933
3.28211353567
2.75419475973
3.08853012033
3.39678914867
3.55076823933
3.76199956277
2.95658170867
2.84689287767
3.56771361133
3.59424288933
3.47699792623
3.36466640557
3.74802145233
3.59554135617
3.67909197033
3.08725898633
3.49554683167
3.70434115567
3.64059636533
3.00145443633
3.14863488313
3.92507104633
3.35932332867
3.14331154767
3.10035776967
3.59411830833
3.41144600267
3.12200434807
2.73982565867
3.057341138
3.03942984
3.0889851959
3.0412840779
3.7597278485
3.192407996
2.85671992
3.192595539
3.323635377
3.063101984
2.903820517
3.253604391
3.65092206
3.633638566
3.963863265
3.5526135868
3.326249438
3.972410301
3.469478966
3.58399212
3.400960947
2.82087362671
3.70062679
3.5529292381
3.1748800377
2.798649006
4.0968499986
3.2380213291
3.161857213
3.1709846097
3.013903149
2.91681559
4.019881364
2.634682274
3.1505953932
3.698909114
3.18414474
3.473386023
3.792318804
3.62599746
4.161541986
3.266808321
2.388283413
3.16266689
3.0022667306
3.284470536
2.633342254
3.485723351
2.640837219
3.338016617
3.209641288
3.745457456
2.86450669
3.247319269
2.791026366
3.705419937
3.633014027
3.31028104
3.921945367
3.233502705
3.3263129767
3.631196807
3.940797889
3.1846118101
2.977024781
3.8532852286
3.840386222
3.396472821
2.367710978
2.742686324
2.712968039
3.295572551
3.582102697
3.43539645363
4.353304847
3.370144056
3.108085406
2.594483281
3.012482328
3.790033526
3.236748637
2.953944233
3.342673546
3.870474017
2.7481390526
3.19563188
4.182198433
3.615972376
2.9951437601
3.603191537
3.276116578
3.499281702
3.2195593029
4.574987555
3.409343194
3.465373783
3.33469655
3.42336101
3.39095864
3.734814827
3.567750505
3.341704688
3.725423825
3.1911400849
2.8889189655
3.267175
3.398805176
3.389879338
3.00037924
3.55049187
3.55132939
3.29010305
3.058456237
3.71661874
3.58897561
3.06014942
3.206485943
3.975961564
3.17829983
3.219091943
3.06526974
3.14221329
2.640861241
3.681229213
3.127903907
3.39838161
3.45069385
3.15117995
3.977637482
3.68838404
3.999679734
3.56076304
3.28035948
2.883683081
3.96130177
2.894073122
3.42626004
2.959055849
3.290713376
3.2651217115
3.401173815
3.73492102
3.62141981
3.321579367
2.978167996
3.133855707
3.39506214
2.683624196
3.287050966
3.4466122
3.318003031
3.33267645
3.55244135
3.446861052
3.870285647
3.643402335
2.681559465
3.500505184
2.9160147455
3.0261843
3.450034445
3.018024116
4.08957987
2.93051048
3.64771322
3.523268731
3.308425208
3.561500539
3.378642058
3.248489483
2.727161233
3.188293249
3.570625324
3.6597166139
3.63766271
3.484197868
3.2351393
3.744069591
3.341844586
2.93810864
2.851550547
2.70075705
3.69253959
2.787063455
3.177176565
3.1566778314
2.98557792
3.455399842
3.003286586
3.760299925
3.21742886
3.632263707
3.28516489
2.810333118
3.1238846875
3.452071816
3.789204475
4.103416619
3.34250262
3.72413373
4.4554267047
4.5044216213
3.8788644427
4.3790404073
3.5344410117
4.1750294373
3.5096730023
3.7848960233
3.8615510027
3.2032152037
4.2278973303
4.2603662973
4.7343403627
4.0005268077
3.8574020337
4.0867069353
3.1859470073
3.9121715773
4.1998856527
3.9487263027
3.7554576273
3.7717313427
3.3926616067
3.6718840843
3.347340489
3.1767567793
3.6600667227
3.8712809227
3.7736245087
4.3853560727
3.3068409447
3.6589622081
3.3438486327
3.6009487947
4.4346534757
3.5240638527
3.9187891897
4.0430138783
4.4433312633
4.7162826473
3.9934975843
3.6003516187
4.2246642547
4.3868596317
3.2714028073
4.2081273383
3.2567187063
3.5931563236
4.0760947267
3.3276038487
3.8531198373
3.3849992313
3.3917377122
4.6743305037
3.7462781714
3.5210571743
4.0066560817
4.1755727873
3.8944506163
3.2780636637
3.1404787213
4.1524868073
4.1451068973
3.7920164527
4.0164267427
4.3641552967
4.3480211508
4.2528280893
3.7662109473
4.05538343044
3.77141207139999
4.2413025627
4.1121107573
3.9224784727
4.2639366073
5.0029891327
4.1629573283
3.7875608253
3.7115838317
4.2870963047
4.1794317087
4.0727079493
3.6036039529
4.1555119727
3.9655909705
3.9174347243
3.6897227927
3.7526806373
3.7784502873
3.8713999797
3.1535896483
4.3094279777
4.0057569673
4.1013030673
4.3014002797
3.9024344353
4.0501059127
4.5084158427
4.1925350527
4.2038989863
3.341269824
3.890273156
3.638683257
4.3360397805
4.766170455
3.55211702
3.52623539
4.3688283252
4.248561315
2.995642869
3.124063517
3.5200148865
3.695430708
3.281591932
3.35560996
3.659897556
3.71852597
3.245565142
3.430458213
3.658361406
4.1451262216
3.835698492
3.5180588364
3.447048408
3.450167135
4.43244544
4.120645734
2.833525052
3.8784905175
2.70079734
3.267365196
3.735248274
3.495743001
3.119928134
3.229684426
2.93014445
3.288748272
3.096511438
3.4893661315
3.841039165
3.29208662
3.5472409575
3.916404
3.569875445
3.550827278
3.40510388
3.732051966
3.334768963
3.52876266
2.736153787
3.148687778
3.27255039
2.8760456848
3.750495033
3.618394845
3.528900909
4.469399992
3.595396829
3.463512946
3.53465862317
3.65393999
2.904185772
3.074390607
3.006445192
3.34503262
3.493343039
3.36886072
3.666366029
3.870913368
3.81416337
3.179856586
3.61983081
3.4714644062
3.857658706
4.45504344
2.854373815
3.94804988
3.63538337
3.069643385
3.387951807
3.0870359081
3.502959463
4.624068881
3.137529524
3.291149946
3.99836314
3.39343498
3.72958232
3.9673780002
3.2062430691
3.789107887
3.2150317
4.184667925
3.535040559
3.61347502
3.17205005
3.648791286
3.163143123
4.204986211
3.150603295
3.165405212
3.19794439
2.988252303
3.562907727
3.033856595
3.938016308
3.394171136
3.5068871856
3.670971118
2.692814395
2.79269377
3.822197802
3.452748061
3.7239628181
2.9190719805
3.331803688
3.264401932
3.370326462
3.237734721
3.250170413
3.26529398
4.388488724
2.79634793
3.509389532
3.300471233
3.742847739
3.16673730738
3.587808502
3.493787751
3.460674398
2.635039266
3.75180713
3.591423121
3.256363948
3.350848527
2.997917418
3.291212308
3.1975043
3.235103752
3.260517281
3.3741700768
3.676432831
3.363655551
3.491264853
2.406421105
3.46930768
3.117140434
3.8306603498
2.811844201
3.777746615
3.236859644
3.101596993
3.6409148071
3.269504139
3.3762927
3.42386467
2.967928323
3.380621667
3.427788859
3.1296453015
3.35006998
3.068488044
3.543017974
3.087143841
3.398462569
3.686124468
3.4387201287
2.86425927
3.048892099
3.119148362
3.745186632
3.733595608
3.634217985
2.8793319885
3.3721863007
3.8045904409
3.467316455
3.4868361367
3.277273322
3.825242236
3.69313674
3.931266227
3.22447383
3.818323067
3.512635929
2.97919941
3.791602278
3.54551716
3.7909684
3.554066683
3.633661366
4.03876739
3.71764402
2.67119065
3.307795132
3.70967654
3.08717009
3.306375385
3.319363994
3.583481217
3.721907794
3.617102738
3.271060721
3.560701162
3.366573011
3.436061139
3.51275698
3.091292161
3.459067814
2.982196417
3.910568061
4.198972244
3.543696719
2.97087081
2.944060113
3.469756753
3.2233146171
3.747552736
3.000585293
3.463978323
3.218614079
4.135879477
3.570989927
3.99205234
3.329207531
3.011199901
3.679154831
3.335171387
3.763737621
3.749296886
3.56981875211
3.434243782
3.777999158
3.298180907
3.621774219
3.33725098356
3.8641364758
3.673065202
4.14151452
3.485409321
3.670547072
3.987189875
4.02204088307
3.9163962569
3.3952563889
3.478770119
3.238177631
3.6866771812
3.597240541
3.339592459
3.3138497084
3.32753886
2.882175044
3.436205057
3.015156873
3.547321707
3.031367043
3.281606359
3.874302823
4.100626449
3.7965798291
4.158800364
4.127440581
3.634493142
3.569254398
3.345736461
3.667161647
3.163111709
3.998946651
3.330587176
3.148281287
3.965515791
3.265450479
3.358897901
3.35658372
3.744284807
3.954862975
2.556413171
3.425573206
3.683716951
3.849053529
3.363152939
3.623866427
2.707925984
3.86054639
3.620773295
3.731993153
4.478713369
3.6962487875
3.282284075
3.278209759
3.544749371
2.99544543
3.132740041
2.704350143
3.089109774
3.901095806
3.734553518
3.25812657
3.272382498
3.6156044969
3.5842662089
4.0129728667
3.2681681539
3.5442760795
3.2047250129
3.8543072427
3.2766167999
4.3545695367
2.9664172177
4.0952616009
4.2121642711
4.1163581019
3.0534085173
4.2162936099
3.2746503893
3.4778991429
3.9356715419
3.4310690709
3.4217467308
3.4771654383
3.4408556323
3.3050122007
4.4307093689
4.4254265339
3.4144980524
3.3086687723
4.1549628273
3.4930862339
3.6493211929
3.6585936999
3.5811736421
3.6755254329
3.0972177931
3.2350159483
3.6917622941
3.9226144839
3.6799634234
2.8966734627
3.1485834157
3.3322926929
3.3907958719
3.3710431856
4.1679702863
3.7525936889
3.3497013867
3.4693072429
3.5900569689
3.7231593759
3.8710479383
4.0364102294
3.7552568974
3.12709277530001
3.3818047768
3.0996799799
4.3570752229
3.2164857473
3.4143352119
3.3610236599
3.5041871372
4.0335086929
3.9975801331
3.4630757479
3.7325523719
2.9132417547
3.1263440375
3.7616455649
3.8513155463
3.3521616146
4.3424801413
4.2894899069
3.3709111919
3.0787731199
2.8642560933
2.8044083637
3.5511370673
3.8631152313
3.9480517491
2.9343633673
4.1037563629
3.4291619629
3.3440048799
3.6951104556
3.8166227179
3.7520306889
2.9584061093
3.5284391877
3.9353255718
3.9859623919
4.1116092267
2.9724569937
3.1295820409
2.6695863223
2.7173223588
3.5143948719
4.3586918849
3.5330995128
3.7952573239
3.6775816333
3.2590703123
4.10525874
4.002827668
3.0128282347
3.84621429
3.33578936999999
2.97284695
3.719387
4.300844999
3.661362835
3.67091678
3.767455069
3.19413793
3.90758014
3.25713909
3.75401431
3.52458158
4.131263689
4.008008339
4.133323351
3.257112472
3.683243098
3.992676452
3.852196205
4.0556251444
3.162099735
2.979954498
3.4861947185
2.65011976201
3.3137255277
3.8485218476
3.0940327383
3.696945593
3.3391028819
3.91614659
3.502458184
4.795963556
4.1259272425
3.93191020801
3.253818248
3.28025185
3.36054836
4.15603684
3.58790968
3.91337139
3.52546185
3.493477786
3.52747583
3.40834409
3.649180018
3.750858311
3.080235922
3.97750915
3.817472535
4.19305193
3.6874783
3.51539399
3.899021877
3.52465974
3.710683285
3.834355803
3.56108093
3.187046261
3.784038736
3.87062785
4.618048217
3.663200731
3.47232221
3.663169779
4.2561935984
3.654698383
3.503493985
3.78446398
4.042124627
3.611892217
3.97651816
3.68169021
3.8860171914
4.189337644
4.1369987423
3.56070706948
4.22950567300001
3.50814656
3.977868851
3.48705875
4.1386017293
3.56845169548
4.074454466
3.674431501
3.90643522
3.45515425
3.67105171
3.64303656
3.564866261
4.296073212
3.12534982
3.627979049
4.67998901
3.108217139
3.69699208
2.918912252
2.80900829
3.616918265
3.668405744
3.141352716
3.5835469209
4.01771936
3.260725158
3.05823095
3.31766374
2.93149165
3.99921575
3.7600810711
3.31525663
3.645593438
3.735071444
2.974418893
3.5181376025
3.0496660779
3.624666055
3.755691319
3.400775473
3.601939198
3.0089018
3.3952631217
3.0607777389
3.47198023
3.450881256
3.490212181
3.375871242
2.986420439
2.606525181
3.24452071
3.111851409
3.15277661
3.035707387
2.859453535
3.696405778
3.4579258488
3.174687887
3.581190985
3.900056635
3.212575056
2.496304439
3.148192487
3.420283311
3.3822693548
3.009614764
3.223218747
2.8235070204
3.823793976
4.10135273
2.756872012
3.54312297
4.0827259706
3.400749086
3.05186365
3.74881153
4.18070364
3.75338868
3.86013729
2.80907595
3.671005641
3.780560603
3.266964576
3.0089310694
3.085683234
2.81217354
4.199046268
3.635887624
3.745525503
3.930035643
3.821737188
3.1491156213
3.623461096
2.85145308
3.74009532
3.84895827
2.987549481
3.4911937665
3.7180061851
3.784777458
3.414697222
2.86027305
2.714295936
3.4079653722
3.459593694
3.455850206
3.62568924
3.601238285
3.096488833
3.5096749
3.3173447
3.212367534
2.84637054
2.945236789
3.431865456
2.51831246
3.4828162087
3.776767369
2.953661508
3.643342862
3.274397983
3.328884597
3.254909567
3.224959121
3.127120583
2.670835232
3.416830804
3.792019007
4.093364929
3.541801444
3.825196338
2.8945726675
3.0445355649
3.497976963
3.936916847
3.935086381
3.269997748
3.904075241
3.76018446300001
3.485401355
3.834068705
3.866752972
2.79356024299999
3.174172358
2.58766314
2.897211727
3.595602479
3.675997065
3.425681186
3.667276868
3.5826121059
3.496933857
3.3570410964
4.013904775
3.129135307
4.304419245
2.7977761751
3.4297502059
3.464433749
3.953541121
3.468678447
3.2080911004
2.9897953174
3.164461087
3.324588986
3.186577387
3.331942228
2.522026579
3.021788109
3.231802529
2.903876967
3.327840859
3.50228225
3.275357177
2.978691767
2.882791839
2.9633513775
3.276159859
2.758720137
3.070679157
3.3871126939
3.924255561
3.531962222
2.97097473
4.092383928
3.677140085
3.014386101
3.3624034257
3.741716017
3.539942345
3.284435318
3.131421297
4.0062345226
3.634017896
3.850030455
3.049431137
3.179760408
3.612788047
3.44890158
2.854999383
3.154993007
3.79969157
2.835853741
3.9469719632
3.429891502
3.334243227
2.818639102
3.172858507
3.241096937
3.1682595609
3.5110482365
3.768215816
3.546150047
3.205221983
3.483416405
2.835809067
3.41121725
3.365255513
3.385588224
3.727195865
3.178912523
2.838619173
3.9699216049
3.871538592
3.049503858
3.8716880372
3.909834013
3.11762674
3.99101512
3.309618767
3.269945512
3.740112067
4.1343280706
3.905016365
3.429860339
3.371819232
3.410331766
3.687411805
3.219483693
3.02733460924
3.7631471332
4.007301693
3.365968773
3.348552427
2.9883574472
3.883842491
3.634998597
3.4472922036
4.161468593
3.651250888
4.267495101
3.6035806508
3.1348343118
3.808049892
3.436095636
3.060662857
3.3254684626
2.973738136
2.85067863
3.6942482344
3.422780676
2.885017768
3.084600955
4.131544112
3.332567106
2.934490562
3.2326524929
3.88007465
4.3665780961
3.466532223
3.2813413115
3.160607929
3.467184973
4.022891338
4.326886494
3.4261659257
3.434182829
3.842523742
3.088031843
3.954456905
3.1951503985
2.559031515
2.951476543
3.850581617
3.698981337
3.664555197
3.113488334
3.807116026
3.339728567
3.885845717
3.156727486
3.589061933
3.56947002758
3.953154066
4.045196159
3.956813877
3.211329851
3.262867127
3.349388611
3.470720465
3.1326760888
4.148610722
3.899426363
4.002977082
3.235315527
3.779057975
3.566535337
3.099998293
2.699963089
3.729670357
3.830017233
3.035839747
3.823573007
3.496820157
2.7760257464
3.2265473383
3.803195568
3.82736331
3.707527663
3.8016846
3.980768144
3.103669379
2.554448661
3.534311661
3.4490978342
3.942380974
4.013598929
4.37781082
3.583327069
3.204428263
4.46575837
3.803386876
3.121306454
4.028746822
3.607901934
2.865451441
3.511746199
3.038452569
3.487976428
3.738162541
3.8577620287
3.728814944
3.062946449
3.842058489
3.63698135
3.3455532958
3.625511716
3.348268437
3.186957465
3.654445893
3.377665409
3.838255875
4.012965899
4.058517016
3.234011481
3.7917096791
3.31195795
3.1638834543
3.432788874
3.7801008344
2.968230414
3.553998893
3.548988278
3.538070228
2.977185274
3.3817613314
3.561917955
3.014944703
3.50691588
3.861369288
3.307912532
2.751941866
2.980503319
3.6529216266
3.154562273
3.511181493
3.862045632
3.416337859
3.7121894916
3.51409207
2.923754218
3.537739812
3.3653800443
4.510312362
3.8279253688
3.237410658
3.547245557
3.274782652
3.480120354
3.338453698
4.166405746
3.231195969
4.313826547
3.403191633
2.890145773
3.864969923
4.201708243
4.461009157
2.926480377
3.311010614
3.770867762
3.8586388227
3.68816966489
3.740638819
3.810704759
3.38656678
3.0816789945
3.1232344023
3.873560685
2.399032129
4.383480902
3.537338454
3.569613299
3.5406522884
3.170512814
3.891579133
3.659568842
3.948858992
3.9793433218
3.83930184
3.526657015
3.301111914
2.86358275
3.16546904
3.402513381
3.207072365
3.1929727755
3.59005809
3.8190533694
4.143348966
2.9738564
2.92420506
4.04094013
3.588376731
3.31289906
3.736759488
4.122724696
4.00845623
3.607829454
4.115472077
3.240882698
3.193443176
3.452149612
3.509780052
3.725327483
3.035984289
2.98295479
3.8723617969
3.992071442
4.03170593899999
4.287071862
2.77832812
3.687102957
3.552392038
3.501939653
3.867884422
3.4385642036
3.708136746
3.397515702
2.98919401
3.097439728
3.84979401
3.780877492
2.93355589
3.2942079693
2.965077424
4.619405474
3.520154507
3.13987291
3.019917025
3.13431938
3.84192586
3.3569322859
3.15757947
3.682336443
3.711246915
3.25113277
3.202758715
3.85016147
3.470849395
3.3323383
4.094563473
4.208757851
3.113364842
2.719713558
3.370220077
3.656714466
3.58520488
2.89374028
3.783669342
3.3479509333
3.0158386026
2.886042926
4.05273722
3.343260765
3.833396311
4.01783507
3.721746293
3.53144236
2.485201005
3.534852227
3.85935794699999
3.707686542
2.926818889
3.88868347
3.48199318
3.85293466667
3.62218396700001
3.618654388
3.391202233
3.97899106
3.714004435
2.519435413
3.5423311897
3.061468598
2.864675702
3.21215125
3.292157155
2.75601628
3.0527382952
3.6322356288
3.0093908722
3.6879654228
3.1956518058
3.1982985274
3.1134855698
4.4084488192
3.5265399782
3.7324293708
3.3844605112
2.7345381182
3.1492010182
3.4310714858
3.2834796052
3.4920866237
3.0160930912
3.5094117622
3.2765191092
3.1268758878
3.009733916
3.6283349352
3.1464708942
3.5136248292
3.3046765492
3.4778657842
3.4926488852
3.1047981262
3.6139642108
3.5644702908
3.9759192508
3.3064516892
3.6891405942
3.3048952122
3.5044551936
3.5583900008
3.0984114272
3.5437102082
4.1338150408
3.1462683898
2.9077492008
3.0795662692
3.4049425304
3.5296471452
3.6948522692
3.0490425188
3.3798521922
3.7858922608
3.1638562708
2.8922654442
3.3772284678
2.8159105598
3.5078446408
2.9989358548
3.9482935262
3.0856716722
3.1596363862
4.4881866422
3.2272045322
3.0077753892
3.2446369092
3.8574486808
3.3572940468
3.9803769392
3.3189030288
4.2065067948
3.0741885192
2.9841984122
3.4250009692
4.1780349608
3.4192856292
4.3004922254
3.4504285883
3.7516452132
2.8928133202
2.6376526008
3.3484099772
3.2111390692
3.48187615013
3.3642693529
2.9753251612
3.5472270492
2.7616142362
3.1612676872
3.8887185138
3.4624025362
3.4762666868
2.9090309508
3.6615326508
3.4864122592
3.3536322992
3.3322638992
3.0111162492
3.6279064428
3.6417550162
2.7564331572
3.4330213392
3.7220156372
3.5882208388
2.6244182408
3.243073407
3.257243356
3.825339749
3.3739752768
3.707512501
3.289661089
3.490443201
3.597708209
3.683068158
2.563662241
3.39437429
3.323417618
3.159540748
3.502496724
3.3843968269
3.459629997
3.656227021
3.822225678
4.514728786
3.349954009
3.163644814
3.404440013
2.949643526
3.213604705
3.4406290786
3.419333874
3.8322259
3.234795511
2.581334451
3.131882686
3.658963929
2.60286869
3.19848956
3.076482371
3.581560122
4.107376011
2.838375615
3.929850199
3.534818672
2.871923888
3.467994527
2.9654460666
3.223884565
3.828743147
3.36364216
3.78117063
2.936004382
3.583271382
3.746874139
4.265522098
2.96524488
3.3967454472
3.864331107
4.184065517
3.299446122
3.5462748355
3.115980986
3.3052766741
3.06064142
3.266563815
3.328440081
2.885549197
3.06626090913
3.9277032302
3.86362486
3.993271581
3.76078564
3.233774018
3.597679929
3.202366733
3.645085921
3.496317472
3.863272285
2.5467416935
4.696603031
3.5390624877
3.517728898
3.7325070682
2.943686433
3.394773196
3.469611515
3.765072501
3.737742393
3.212332962
3.337072031
3.626007621
2.9963014125
3.4711333014
3.693681269
4.525299665
3.447675668
3.18429156
3.218988735
3.472724472
3.521489039
3.5033934907
3.42764992
3.002937704
3.685503497
3.809956983
3.746883579
3.6836076065
3.701405084
4.597495785
3.477235812
5.074224224
3.7068315187
3.6129903843
4.323738093
4.2418855601
3.378840835
4.372325121
4.048125964
3.506521572
3.460013117
4.0757868148
4.495738823
3.077819659
4.818727754
4.213976373
4.497668825
4.0549969218
3.148711358
4.096191205
4.310646449
4.233548235
3.276912579
3.87575745
3.347260668
4.140062692
3.033504096
3.349971893
4.063328163
4.038933087
4.136911032
3.6727214
4.4019247593
3.774884642
4.061980963
4.690991837
4.2826998493
3.833797576
3.4947483671
3.9470104218
3.678156627
3.397461155
3.6180364999
3.315105083
4.403700005
3.952484843
4.210668014
3.463601239
4.14813784
4.149611375
3.795738028
3.734271493
4.23848475
3.980425205
3.69078339305
3.6326282173
3.954470022
3.320729737
3.8788309098
4.0424127791
3.935162913
3.670831961
5.136662026
4.52885579052
4.137389876
4.7159959
3.272766241
4.249165942
3.291079585
3.478721762
3.407536525
3.7453011264
3.56487497
3.49754727869
4.270307251
4.49657628
4.860042969
4.3397913098
4.612533243
4.0253062176
3.911007816
4.153052053
3.8655727135
4.385801008
4.835298999
3.977284508
3.8730355411
3.6336743352
4.274868196
4.330874735
3.1329106581
4.317424613
3.777645785
4.299369865
3.242208661
4.252029582
2.787274623
3.182292532
3.575715893
3.152878578
4.052346555
3.65013778
3.497863559
4.045965319
3.39539554
3.148595362
3.162971513
3.440928333
3.4531150295
3.362574955
4.422185326
4.10243388
3.09024283
2.946781823
3.191378612
3.26553070741
3.202261854
3.817272525
2.961550106
3.3712726089
3.61547267
2.998590411
2.756305409
3.32490308
2.450235041
3.0974234919
3.93015389
3.072531634
3.5233849809
3.2148941883
2.8484115512
2.979821717
3.431392754
3.436886837
3.42591543
2.81205465
3.0608893109
3.47433812
3.31500439
2.895254334
3.377565383
3.326646417
3.2075703042
3.192244464
3.36510889
3.044547575
3.621406984
3.01706615
3.437202146
3.14965034
3.89525118
3.656240812
3.11176756
3.748876878
3.013604434
3.295747848
4.23500745
3.467705306
2.402396449
3.181285062
3.175181897
3.8945516646
2.7883487156
2.890142339
2.98190326
3.62707666449
3.100910202
3.60365717
3.462392916
3.42962346
3.2249364182
3.05829422
3.777453715
3.30730663
3.7276175039
3.052625277
2.825578507
3.7178760968
3.183989864
2.5153877382
3.332214711
3.4655434957
3.21391055806
2.835457887
2.982466891
3.660770262
3.429794665
3.61249219
3.58460921
3.694717833
3.349584587
3.440584992
3.180279443
3.87551371
2.93268318
3.304674634
3.645882985
3.10470267
2.764569266
3.443970994
3.371429822
3.6373014
3.138595531
4.162364672
3.199444799
3.769721649
3.556780615
3.414718563
3.577294842
3.402344396
3.44798463
3.106904404
3.4054173522
3.73007222
3.672393501
3.452295595
3.634099266
2.919249801
3.737432583
3.444825459
3.11757057816
3.597977075
3.410311954
2.80836441
3.304403618
3.090792128
3.095867051
3.282916771
2.909934822
3.611210467
2.790556391
2.793229815
3.512780961
3.65782744
3.077719994
3.0690054403
3.558443098
3.0659377802
3.196351221
3.090532894
3.395656851
2.940222161
3.513393084
2.902237119
3.409328504
2.589726513
3.275483599
3.159406468
3.6167220395
3.720508188
3.760455101
3.393928542
3.250462949
3.59903241791
3.673412411
3.325984562
3.3350654433
3.6109559548
3.4863594666
3.084579963
3.303295572
3.692612231
3.332080913
2.743415109
3.61961527562
3.383379439
3.321319571
2.802185169
3.967561097
3.7321878763
3.503437555
3.332231912
3.368800861
2.94096195
2.8550927808
3.758755016
2.758044047
2.79258913
3.024315514
3.637250875
3.4143024019
3.515799277
3.7027843203
3.481586725
3.070056101
3.01023549
3.6254947226
3.000276879
3.355135679
3.124252207
3.054203097
3.411653923
3.1312145505
3.314683429
3.027638897
3.831412260635
3.1190356785
3.9025063067
4.017387617
3.113672398
2.873944471
4.089925184
3.0343759117
3.785628037
3.40387471
3.187527366
3.839074611
2.898104142
2.5007883847
3.359966418
4.044073266
4.375950163
2.6186391253
3.786267058
3.489099218
3.4214429467
3.438481604
3.036132109
3.147500712
3.623745106
3.497061475
4.0932563438
3.243545077
3.377829781
3.3596531826
3.719772188
3.938483548
3.822255579
3.610281184
3.339638627
3.385161511
3.011195931
3.499601392
3.326142018
3.224713711
3.055737778
3.688175669
3.840324935
3.231015599
2.8409627313
3.2161195608
3.601318663
3.132888264
3.689162289
3.785341321
3.721219573
3.8780880469
3.5788048868
3.525836651
3.334777443
3.194674569
3.741343649
3.818738714
3.811435782
3.304620758
2.6056013367
3.137763691
3.649763327
3.09730335
3.257561185
4.42122437
3.2399256296
3.229916049
3.448950829
3.524864293
3.376570178
3.796576014
3.550689894
3.8342767617
3.0379353328
2.6747896854
3.572519282
3.4088207126
3.835832947
3.283810617
3.222762029
3.688682436
3.50849078
3.249434576
3.204096566
3.344968453
3.285206753
3.0699710534
3.928648343
2.78341044
3.062309733
3.1058551786
3.076988778
3.351177589
3.471638179
4.282890659
3.538761719
3.728979771
3.975431715
3.508004663
3.518202773
3.1989869
2.93598293
3.926412194
3.680075281
3.3441748171
3.356088286
3.16385084
3.46988746467
3.553111208
2.81729753
3.242438106
3.473689264
3.513101196
3.3965038
3.875587525
3.406728892
3.8175294
3.660755449
3.455244064
4.00063032
3.911785329
3.79209095
3.324693623
3.515219258
4.000118394
4.045272824
3.553064167
3.942629738
3.4907141198
3.089364655
3.409516468
3.72030563
3.035043078
3.6546652872
2.963860498
2.902405975
3.46329215
3.4748784195
3.540642622
3.668983119
3.644671025
2.814390693
3.682810598
3.578177241
3.506504953
4.025815772
3.496852408
4.324781139
3.20352945
3.8370315075
3.276413006
3.166657894
3.545348725
3.270696776
3.23665235
3.228798348
3.5982445
3.883336441
3.531187863
3.47115532
3.922921836
3.043280399
4.126591645
3.676447598
3.319154258
3.368805285
2.836822453
3.36143802
3.779275385
3.453756469
3.4985934938
3.43021379
4.403914163
4.2457513
4.089954154
4.210131438
3.353691441
3.144727286
3.355013404
3.98545131
3.626468621
3.7220277078
3.6208774949
3.132113051
3.858052304
3.53501734
3.77333301367
3.558925959
3.70003764
3.72033395
3.915632237
3.771514257
3.678937675
4.24940498
3.738489551
3.1260695
3.423041547
3.978038173
3.336246058
2.799120967
3.459917205
2.807615422
3.545822671
3.628437374
3.510085349
3.042244671
3.073239407
3.617460177
3.264095881
3.062187263
3.31975878
2.987804099
2.538003527
4.072544366
3.4046538805
3.227050301
3.108556302
3.251576811
2.442847861
3.620757761
3.356092707
3.608386835
3.575698842
2.690207889
3.372476202
3.868708209
3.407929616
3.748928373
3.526081269
3.4578244339
3.65619584
3.090611768
3.395724076
3.965368751
3.390072607
3.413288815
4.181325079
2.970642199
3.569290044
3.883853361
3.109677382
3.438634396
3.258072291
3.80456872
3.435996545
3.688337161
3.361781249
3.4860358029
4.443084115
3.630990105
3.779110802
2.940040788
3.7461723125
3.116138185
3.548983561
3.494777935
3.260294479
2.941581811
3.571123939
4.209705941
4.075870571
2.9983785909
3.103541479
3.474121631
3.403093501
2.814832194
3.2986683074
2.997255237
3.6327372903
3.843464913
3.527205662
3.126905849
3.035650968
2.988659719
2.923282352
3.249390181
2.836393005
3.838193936
3.439371125
3.394687941
3.587917039
3.6343421075
3.486079049
3.087737441
3.324448443
2.964774092
3.113070981
2.97140086496
3.214623791
3.216685201
3.940559227
3.594684991
3.713685699
3.638745519
3.048428321
3.725007039
3.609237838
3.115922671
2.996475073
3.409888959
3.9964911383
3.599893735
3.531532864
3.282634021
4.02791994
4.41644335
3.07739686
3.41979344
4.0569927
4.076101505
3.51966614
3.319685802
3.755520654
2.990222559
3.155091041
3.70314569
3.662596797
3.98632378
2.9702864
3.605742627
3.261516747
3.071661398
3.41766038
4.101194525
4.05110203
3.24690129
3.90476595
3.36709941
3.51504223
3.104303818
3.39984354
3.188780552
3.36366179
3.30759576
4.33238282
3.418869477
3.188129643
3.36363181
2.367716399
3.172306112
2.97121336
3.79240436
4.039020495
3.433943698
3.453279102
3.7161059
3.53942094
2.83553829
4.21092351
3.49174319
3.72420755
3.20373603
3.63897828
3.307067126
4.15162172551
4.100094744
3.68312956
3.784724342
3.57559264
3.49056993549
2.758561087
3.34304457
3.504545095
4.26741784
3.98301239
3.09821139
3.264256927
3.630486074
3.473631072
3.9313974
3.02795869
3.109623695
3.15937018
3.341391056
3.572723215
3.216444578
3.793366772
3.440800559
3.0996045363
3.45122063
3.6286351121
3.681666843
2.948428399
4.03518503371
3.882674825
3.2021642
3.42824332
3.506930589
3.39182577
3.7723890946
3.43637530505
3.05114485
3.47081155
3.99450166
3.143742874
3.92388312
3.551944309
3.067004083
3.568543787
3.01462669
3.020716537
3.703228797
2.663921257
3.49428754
3.740365368
3.634869682
3.9145578417
3.201485027
3.916771056
3.252092636
3.416759219
3.058466776
3.886600212
2.9364083098
3.134999855
3.5422267674
3.555213447
3.076973979
2.924844863
2.991139931
3.734413937
2.931725266
3.500181862
3.45878839265
3.282189436
3.752897621
3.68727623
3.720613164
3.196151427
3.450438642
3.108342365
3.784300847
3.0473844
3.928050487
2.963409878
2.8096392938
3.170122588
3.26864271
3.262240223
3.214357963
3.507369097
3.550958764
3.3547035115
3.295107654
3.456493343
3.198994934
2.776848057
3.173425094
3.613252603
3.328155764
2.858310008
3.556224733
4.362037168
2.6620025285
3.943383724
2.651260503
2.98522209
3.06496503
3.6386329585
3.407805637
4.036475435
3.3905480562
3.973442947
3.487002431
3.160862567
2.965970063
3.4652344713
3.447904459
3.792737564
3.4156741443
3.879995675
3.638691106
3.210741859
3.476779812
3.440763216
3.633069919
2.959008842
3.460679028
3.606435967
2.91574432
3.334950332
3.750805725
3.43731621
3.270505129
2.866082382
3.6851220674
3.80996034
3.426807288
3.540017038
3.901067535
3.808093677
2.720182693
3.970898757
3.330679607
3.100212043
3.593159745
3.307210587
3.439104614
3.332185327
3.889954112
3.538168247
3.679470656
3.014022198
3.728383864
2.632580575
3.755072279
2.653469163
3.621060838
2.884755907
3.053088486
3.44378554261
3.059656045
3.741306961
3.450085546
2.52420377195
2.5855658399
2.720347055
3.5318871524
3.054796517
3.666626756
3.225446588
3.4392460235
3.393951375
3.258953315
3.1895775125
3.28503131
2.846086584
3.931083345
3.9855551285
3.275277651
2.896790705
2.883991243
2.914288377
2.994681972
3.600501344
3.5676366045
3.294501145
2.808889176
3.750246178
3.670504825
2.8319824395
3.658587698
3.622698412
3.474455915
3.831755523
3.15384963
3.653770902
3.439467499
3.465873547
3.203638807
3.12650437
3.34995015
3.321578207
3.681403306
3.373683025
3.458017349
2.941015605
3.522919627
3.321857046
2.863626793
3.348215446
3.343155077
2.981728152
3.88413583
3.308114152
3.259610304
3.802308234
3.530311135
3.6467990531
3.599320637
4.053981503
3.486764935
3.454815823
3.7192250245
3.1496570261
2.711087248
3.137217827
3.1158257645
3.088418153
2.7788330611
3.013515344
3.228811265
3.652747885
4.24910159
4.322696495
3.780983425
3.150195136
3.415378333
4.288424684
3.294170555
3.479454284
3.378570004
3.219843353
3.41317789
4.255742566
3.057121905
3.860040167
2.967594633
3.531828016
3.5720138256
3.57252523
3.606986979
2.903008637
4.143310465
2.750761604
3.20329592
3.299808124
3.350572574
3.780206858
3.77335471
3.4015968805
3.84476446
3.062743605
3.787604862
3.7349773
4.207570817
3.460540825
3.039058015
3.645158675
3.184527326
4.12602122
3.378160685
3.1898995136
3.52646637
3.377427232
3.92155885
3.67908925
3.21818962
3.94958624
4.12837223
3.58843018
3.895127551
3.93926428
3.12990877
3.286697243
3.393182646
3.210567915
3.61668779
3.258853851
3.3671437641
3.35824329
3.681427194
4.13192956
4.002662366
3.79895241
2.34714933
3.328351445
3.66135642
3.431873164
2.68339944
3.56429328
4.30168054
3.701065254
2.71967471695
3.282828063
3.37803147
3.521109315
3.458289693
3.264011934
3.298386055
3.130720047
3.705353149
3.734941655
3.05609708
2.979793031
3.71602336500001
4.741454442
3.372885635
3.53948045
2.912292068
3.37938551
3.13409079
3.702420475
3.979413106
3.44345087
3.439421985
3.82162082
3.15477694
3.545433373
3.359640405
3.020217241
3.116167455
3.027216108
3.844035544
3.8158019975
3.20554137
3.377149756
3.92239267
3.391733715
2.88342592
3.775291006
3.25081129
3.367349051
3.53122019
3.855513687
3.65633974
3.526528614
3.349456127
3.1637807548
3.108086205
2.883491137
3.988344267
3.557756638
3.421368807
3.897352487
3.369510747
4.009344739
3.399731789
3.4394043203
3.359603983
3.488235323
4.090470841
2.760392186
3.4450907707
3.728272672
3.586528107
3.039125427
3.192367027
3.248263185
3.778330958
3.701813627
4.115414591
3.300372608
3.932567683
3.539746986
3.425500062
3.057357543
3.745439416
3.714128849
3.726140007
3.5830374344
4.049708118
4.195613941
4.0357555976
2.950748433
2.518383253
3.708836773
3.886198688
3.703823707
3.731537877
4.402279827
2.887272965
3.0510172131
3.171014817
3.721426453
3.251977946
3.601573113
4.117907023
3.51247971
3.412609292
3.463379827
3.43130156
2.992741696
3.695696601
3.82943667800001
3.364193497
3.413901338
3.926324065
3.369004297
3.277097614
2.914938273
4.2096547023
3.777091352
3.816137341
3.590346982
3.949489832
3.2747171031
3.378415437
3.021482997
3.23656848
3.185056372
3.087820867
3.6538249124
4.126109067
4.314351988
3.900336926
3.452928412
3.568530465
3.815869582
3.845579101
3.655523577
3.0968018289
3.218076785
3.841212959
3.705546158
4.204825073
4.044203721
3.566202733
2.9542426239
3.303104237
3.680404544
3.416327877
3.851437047
3.782264707
3.938826661
2.653393115
3.010824583
3.179992819
4.440912747
3.535229881
3.145791181
3.487728458
3.451840127
3.435826195
3.055974321
2.935904859
3.432734017
3.349870375
2.722603199
3.32980012
3.1066638639
3.0204534037
3.2265460155
3.311251771
2.961603035
3.377371333
3.513870782
2.916716804
3.321757361
3.267724051
3.600352489
3.414721525
3.159744833
3.030463113
3.501457154
3.1993059608
3.852886093
2.8182482819
3.2522125404
3.467213549
3.340016133
3.481274418
2.958704318
2.822224183
4.0068183507
3.782738951
3.468582512
3.246504113
3.558556036
3.110298247
4.406342453
3.278633451
4.296252763
3.542735816
3.445183841
3.537774854
3.550988933
2.662956173
3.621817209
3.450921168
3.016270331
2.782770901
3.100787385
3.6496392239
2.898530843
3.326928152
3.305660922
3.045069722
2.835120657
3.19445005
3.139539168
2.987515608
3.884673535
3.403244795
3.178541399
3.872000018
2.821672563
3.124720971
3.396511815656
3.213912011
3.1308218214
2.719332635
3.232691749
3.152361647
3.340008883
3.675637032
3.382826957
3.583968098
3.385104569
3.373849764
3.634042161
2.861937916
3.4359124811
3.685755665
2.9427323876
2.715365887
3.39777466
2.803114731
3.7304189712
3.836681947
3.02702223
3.147359428
3.8447298034
3.3475735618
3.7951416208
3.45484971899999
2.803078279
3.572502841
3.167866268
3.369267971
3.413922348
3.9593740872
3.347093948
3.736574469
3.247332575
3.502469078
3.764470498
3.268733142
3.834598322
3.355435092
4.011894382
3.330779666
3.308118268
3.318378534
3.367781308
2.493740124
3.427062638
3.696853858
3.496940243
3.466206213
3.073465058
3.239145462
3.637257609
3.601996568
3.569693021
3.759760908
3.227969362
3.296059694
2.975272615
3.683747648
3.646195298
3.931401613
3.107732106
3.625246588
3.74250844
2.995503686
3.107544481
3.668786047
3.590455676
3.015107722
3.974876338
3.462744177
3.423020102
3.995776006
2.834976488
3.656669188
3.599298706
3.177575638
3.115992561
3.090440117
3.1183977192
3.986522728
2.918809702
3.395958336
3.124702836
3.275811522
3.594020493
3.302104502
3.973323892
3.706399132
3.558539352
3.600074004
3.677276998
3.032583125
3.669774581
4.253459476
4.062430262
3.749622466
3.773591507
3.439585552
3.543360914
3.826065732
2.830220987
3.020079903
3.39924317
3.345573818
2.725595118
2.581424875
3.200384998
3.587627598
3.016522258
3.707622142
3.605711205
3.582271314
3.1261798183
3.6137916302
2.92738107
3.512677876
3.516147508
3.601679274
4.006200635
2.670537388
3.210886596
3.360568872
3.587114914
3.682848862
3.340645398
3.528196722
3.784744958
3.0613902367
3.500512799
3.227409288
3.632515407
3.310970819
3.957542158
3.331278023
3.236636408
2.797150184
3.634465905
3.786962219
2.964401392
2.7011131919
3.285130739
3.308809754
4.205439238
3.337603695
4.208868715
3.2925554611
3.350541141
3.799259447
2.885729686
2.818840294
3.4738655095
3.9792209146
2.898278422
3.184449613
2.806655969
2.890163145
3.335666634
3.540867159
3.411117158
2.465980348
2.54537219078
3.175496838
3.884878639
3.598555368
3.111469198
3.378740498
3.3484510354
3.200011543
3.72253241
3.184963898
2.807712369
4.0043606081
3.3417957617
3.194721402
2.8288197
3.238486367
3.077635978
3.646547359
3.109225164
4.080498888
2.815993293
3.685414844
3.697103107
4.319143722
3.571042758
3.673919738
3.5772810316
3.288390424
3.024437885
3.356852182
3.360685392
2.866043303
3.048953701
3.222067944
3.382441478
3.542802128
3.3507812498
3.237301038
3.656109108
2.663669863
3.267364648
2.816932422
2.548189322
3.035933168
2.954984035
4.281128993
3.172935202
3.372085578
3.429357548
3.8137811381
4.0261474643
3.340756993
3.292347962
3.27353293094
3.675193896
3.3877638
3.8283204295
3.371938164
3.478245837
3.579903632
3.316745278
3.129736895
3.75296012999999
3.24620813
3.609840278
3.465639789
3.399088897
3.219660398
3.612802276
3.473694019
3.835445062
3.662288906
4.181307241
4.153962546
3.943477772
3.460921546
4.22679914304
3.709996396
3.66625612
3.338092736
4.131704317
3.512998763
4.358011144
4.142119986
4.833279666
4.491931458
3.771992242
4.987369346
3.839293619
4.105879341
3.981595326
3.089130332
4.318846659
4.042838294
3.447054783
4.017540241
4.236590167
3.428187652
3.6483445986
3.482754619
4.611637991
3.943557296
3.641306466
3.49955315
3.611571836
3.854734761
3.331949164
3.697472736
4.225832247
4.297600496
3.48349161
3.295077741
3.673452442
4.399828056
3.3942483418
4.154916756
3.233192728
3.32455734
4.6859935966
4.016162735
3.445069693
3.801747969
3.877939366
3.68934417
4.278435426
3.558806297
3.817495183
3.161830912
4.2583406206
3.567216894
3.6902237245
4.2739895955
3.472973576
4.241328261
4.2768235235
3.910406624
4.232664711
3.451523206
4.301651616
4.019779464
3.398444313
4.32435127
4.048683572
3.928899986
4.551469008
4.172609134
4.129912065
4.636472526
3.928835606
3.7235403687
2.997719031
4.118865292
3.901880797
4.208321434
3.708795184
4.955813766
3.846626378
4.47398904
4.478192629
3.708297765
4.122437375
4.150824614
3.539699944
3.987088293
3.547002863
4.114029701
4.384004787
3.633763097
3.314335618
3.299541571
2.899719562
3.256591759
2.981311398
2.653264606
4.103980117
3.704692568
3.613495968
3.101913212
3.667543498
3.8680757599
3.58595394
2.857971346
3.225398952
3.666337613
3.405822749
3.011576527
3.00191924
3.571762223
3.199879324
3.547043323
3.469218106
3.444849916
3.046924224
3.630610331
3.035482795
3.257578788
3.413999204
3.2828860627
3.631308671
3.776799051
3.820006674
3.506890002
3.114637311
3.476671343
3.433526405
2.89444723
3.313816085
3.070998459
3.3119682999
3.2566828368
2.897952239
3.628609819
3.103119948
3.913347607
3.92200565
3.5873528584
3.25041314
2.879534598
3.6964948085
3.360471388
3.257737032
3.343256319
3.308675772
3.641052331
3.093861548
3.602130317
3.437568214
3.537212398
3.760349701
3.200492042
3.8065323
3.167199479
3.534716048
3.557904372
3.450991356
3.31609415808
3.639084763
3.75819043
3.496460828
3.541498267
3.999070228
3.511492164
3.183229237
3.683628548
3.695480423
3.433200042
3.658960782
2.80447683
3.763095848
2.852968804
3.028383152
3.736862238
3.437099148
3.537475128
2.938850364
4.26231
3.138949666
3.416809268
3.658164143
3.54283784356
3.542342318
3.112102392
3.9371304212
3.529420376
3.429692028
4.320432258
3.16377602
3.788527025
3.050886203
3.3348178862
3.569784439
2.630884582
3.844694128
3.412538716
2.637471509
3.481815845
4.144862991
3.284539213
2.55957916
3.074138022
2.974694897
2.927016735
3.346063599
3.773698123
3.066109632
2.818616205
3.230500824
3.555583962
3.218529321
3.871518674
3.1002707714
3.57868835
2.7353200751
3.314831152
3.5258418475
3.351981139
2.76600816
3.9384162511
3.4149961103
3.4308021344
3.1121837327
3.228773922
3.29629334
2.947503998
2.771470664
3.1493255281
3.276202209
3.421121638
3.327967946
3.2504907373
3.294522371
3.514109224
3.239874706
3.329599794
2.875122475
3.381561839
3.711805488
3.00290042
3.369509171
3.347586572
3.5116906828
3.797916596
3.492311331
3.308419888
3.488556825
3.3817027823
3.557448843
3.150492626
3.046759905
2.916982953
3.030416506
3.44032247
3.493151323
2.516609104
3.031506411
2.61904278
2.871050367
3.4514260534
3.226849844
3.075329209
3.087542931
2.928191311
3.35447860302
3.553940864
2.860714
3.143140872
3.114124273
3.482279099
3.173915641
2.894055047
3.3973729649
3.486652319
3.619748189
3.000646829
3.650759636
3.601759621
3.166635561
4.635747178
3.184325051
3.7016594074
3.306791022
3.017872545
3.2057318508
3.064142314
3.5298717977
3.184457543
2.8978089163
3.437826394
3.35467817
3.3144548
3.426487314
3.221862286
3.749757979
3.714379473
3.4171452857
3.739277984
2.890014996
3.64886661
2.6261434944
3.3039095387
3.391103379
3.472697191
3.5003828379
3.6951377779
2.815467994
3.829079773
3.778343984
3.71260648
3.237863913
3.520419633
4.093400968
3.411866624
3.724346548
3.857165525
3.0916985746
3.614893994
3.285430715
3.222649218
2.828799904
3.185831743
3.041375403
3.293407768
3.786404824
3.185174554
4.003820454
2.849385657
3.773065094
3.694593072
3.3113359214
3.301606404
3.140567819
3.778702853
3.695564443
4.054451868
3.16748134
2.972141014
3.611657079
3.818179018
3.8826899764
3.490864653
4.000847984
3.6588948002
3.754464979
4.6547557953
3.456079936
3.579509761
3.3897607875
4.20147297
4.083731418
3.490325007
4.006149008
3.784500021
3.66621011
3.217622444
3.984070914
3.468115524
3.130740934
4.257948982
3.8866008161
3.6619015709
3.35077463
3.358242593
3.936764478
2.7923631371
3.290180665
3.6630524048
4.5518178678
3.489691802
2.963760977
3.589152856
3.260323245
3.987014881
3.77659984
3.4186031075
3.377466136
2.622597295
3.471829274
3.103265984
3.349416381
3.605936206
2.5756904253
3.145451094
3.308408005
3.236265966
3.766674737
4.083093588
3.189661319
3.757409637
3.321756563
3.763231042
4.270625088
3.109786472
4.454443398
3.9050535657
3.56358172
3.360203041
3.238898228
3.160680616
3.714483485
3.272224775
3.686745305
4.298139325
3.98113033
3.521541723
3.05843082
2.78161852
3.405869495
3.376672433
3.874787249
3.47222551975
3.3682605
3.00680364
3.23935364
3.762824575
3.3930406714
3.137308768
4.058969246
3.6550649199
3.333249503
3.855429753
3.6868245323
3.510759055
2.840913899
3.383960887
3.529828542
4.232460705
3.465549421
4.116022881
3.545936578
3.514162461
3.852542627
2.841851208
3.423513897
2.822223934
2.47831205
3.5377855726
3.854254452
3.130607466
3.985404685
4.135029709
3.5123584298
3.323072453
3.7181408513
3.625931273
3.40436615
3.8838632
3.16265047
3.866633486
2.839875709
3.222246256
3.476361853
3.7492972923
3.79215486
4.05655406
2.946665123
3.15262873
3.6221672646
2.753932847
3.226258325
4.01670683
3.650325008
3.774964778
4.07070273
3.268948094
3.584481424
3.627368177
3.183981266
3.491923702
3.670406122
4.06116998
3.598190929
2.94198107235
4.20291333
3.378394081
3.7608715369
3.380954118
3.9983456
3.575512913
4.044858703
4.240759132
3.408537274
3.7100882838
3.74490986
3.633443072
3.54811398
2.8650437825
4.12225982
3.64202658
4.008371367
4.062200846
3.9589223762
3.163552963
3.617678493
3.478582552
3.2029305944
3.773645796
3.062200364
3.354006474
3.279872113
4.20429617
2.855719947
3.178800196
3.172247194
2.847296663
3.104641871
2.930080136
3.51027905
3.714390816
3.526558248
3.180687319
2.805803736
3.352218943
3.680990033
3.377594105
3.033322076
3.368272001
3.514604733
3.027142346
3.0144817
3.044846953
3.632443905
3.181540073
3.298784156
3.872857684
2.974620424
3.0450968677
3.590049916
3.06979945
2.689797246
3.499821724
3.178284681
2.865172696
3.032724304
3.659180104
3.823105077
3.688289118
3.163809974
4.299984988
3.318880474
3.186002788
2.996938823
3.760097574
4.568934616
3.747740116
3.425856519
3.253341155
3.6895913849
3.742430708
3.255340626
2.766866383
4.2135519565454
3.652519796
3.186279116
2.826501786
3.085691866
3.0924008298
2.981971293
2.883071452
4.154533596
2.906654476
3.54012687
3.1665525041
3.745040286
3.5230014588
3.230809246
3.446190366
2.783547709
3.864420055
3.3317368833
3.280699957
3.926854294
3.440913977
3.882107706
4.001958854
2.706485176
3.644623496
4.173465266
3.368135158
3.306758118
3.204369528
3.529717146
3.921316866
3.965496884
3.430175504
3.19161257
3.252027916
3.516986672
2.567134198
3.58549261
4.0052929
3.34128725
4.2065962928
4.193358621
3.34262711
3.82164001
3.895138585
3.35223889
3.81189982
3.838212722
3.293673904
3.74056563
4.274494369
3.40634404
3.318103673
3.554977227
3.829616083
3.091321809
2.94337553
3.322778352
3.00826213
3.52257635
3.3846523775
3.4221614711
3.732678667
3.921321936
2.9129119777
3.970985429
3.571443212
3.88605225
3.78341952
3.7872217739
3.405773729
3.03774474
3.678820689
3.192297531
4.09897044
3.251174485
3.558889902
3.243221415
4.348110295
2.999621311
3.017933331
3.322519775
4.162805296
3.524341116
4.360838488
3.434988988
2.831423069
3.805619337
3.345143582
3.684715497
3.3904702554
4.001921395
3.828909706
3.817153851
3.1170866684
3.6993286
3.967427686
2.98393554
3.78288195
3.9927596
4.061315815
3.319217005
3.489953417
3.67899595
3.3176052965
4.477596095
3.107541042
2.701980662
3.5830799489
3.57705667
3.6820615788
3.726990768
4.12787647
3.50664719
3.500918423
3.54066361
3.601248788
3.2404048595
3.582739353
3.41631268
3.870307614
3.702287212
3.15534766
3.626555303
4.669347299
3.227581169
3.387454085
4.157764322
3.4198295908
3.02559603
4.06856428
3.1391825396
3.721019731
3.41957501
3.311708769
3.68796124
3.51139068
3.621812415
3.383790827
3.7346113301
4.083264373
3.653114869
4.490495015
4.394981655
4.600548365
3.900833899
4.10213538
3.671622702
4.045560685
3.590136035
3.301566855
3.955049893
3.983887535
3.869436429
3.538097355
4.199850695
3.160424697
3.7989655
3.128205222
3.859370691
4.0073302081
4.113343995
3.788599075
4.293479845
4.105239984
3.658032025
3.533196265
4.082352531
4.325764142
3.615056465
3.433726655
3.548474565
3.838014136
4.18710319
3.8969213002
4.301347276
3.918909257
3.003156285
3.3080809
4.273957518
3.1388516084
3.76815258
3.139563345
3.475334325
3.393139036
3.674743915
4.906526035
3.39296046
3.748437948
3.91381332
3.405299933
4.248915076
4.271114255
3.710758033
3.710230705
3.70814115
3.860002682
4.454701092
3.731584204
4.103056905
4.083527136
3.507943689
3.925355065
3.691992705
3.737378474
4.513215605
3.762890966
4.408921854
3.564977023
2.936675215
3.778539285
3.930669045
4.20188703
3.941650357
3.624822453
3.460967904
3.785405173
3.845625715
3.929772945
3.442864991
3.55830722
3.506880375
4.16979244
3.53466694
3.894723325
3.37823022
3.997272885
4.080087665
3.83368188
3.562092625
3.679714993
3.786104447
3.620051685
3.92886178
3.93961581
3.6394554
4.428884385
3.404878288
3.531297924
3.276613219
3.482736697
3.01889345
3.1739042
3.84906699699999
3.244202432
2.95064046
3.10628051
3.568712797
3.37755561
3.316670918
2.3867933908
3.91323323
3.529910911
3.6212914138
2.803684001
3.369056616
3.549571527
3.061423533
3.940150924
4.362380106
2.75085651
3.305243522
3.491768106
3.539784553
3.8542116092
3.390161677
3.293509112
3.31996428
4.14080168
2.9714239538
3.832486761
3.899797001
3.349961812
3.5402713157
3.362299038
3.416208381
3.6606314843
3.14704078992
2.874141617
3.73897515
3.795944896
3.908430106
2.97246076
4.184770715
2.84639836
3.317425344
3.89201979
3.43761867
3.41125493
4.010305733
3.237591372
2.9075658247
3.528953959
3.6316388901
2.90443149
4.19264105
3.149550422
3.562947933
3.43777924
3.1061026781
3.00256006
3.11970655
4.751172723
3.938596843
4.32950852
3.98820073
3.505680684
3.167230825
3.347592672
3.291084496
3.642421893
3.2803199704
3.072616733
2.91559865
3.807691257
3.2608272
2.963053085
3.719169107
3.382116935
3.528169634
3.25923618
3.800147984
3.230706758
4.415796741
3.345107564
4.198169297
3.431283581
3.06774978
3.38280758
3.67931397
3.3126641378
3.46358101
2.7061513
3.523647209
3.646922177
3.187242175
3.748833568
3.322441892
3.5034709077
3.712897323
4.04639858
2.661587017
3.148832048
2.749633173
3.098923569
3.5272354291
3.228931452
3.012463265
3.093669252
3.036048033
3.6337737908
2.745365752
3.430457298
3.2707628973282
3.4945926123
3.169722702
3.362378015
3.567854654
3.4045504696
3.832171427
3.0785038948
3.047906372
2.69091177
3.575695337
3.253415322
2.909961528
3.675551612
3.124636987
3.3985409096
3.544955142
3.643596981
4.235505365
3.587231785
3.510274008
3.5351559322
3.581275496
3.380920149
2.917242845
2.9508338169
3.391660409
3.101632332
3.289111949
3.556121793
2.914576044
3.860645153
3.649653632
3.252755895
2.940159828
3.40479597
3.447787932
3.648211497
3.9289900138
3.30008949
3.611174835
3.325413403
3.213283465
3.307509044
3.565816645
3.073049413
3.90803838
3.819277426
3.716746322
3.065929811
3.668176891
3.452658259
4.251379352
3.351729457
3.104069546
3.408815422
3.218475209
3.0435022555
3.289635022
3.009549652
3.634460812
3.080708192
3.1181507759
3.921448292
3.127452444
3.22581420781
3.740295426
3.508489625
3.000512392
2.744708805
3.175457279
3.108222064
3.517589202
3.346511755
3.645183808
3.094952633
3.230530588
2.685540868
3.246177177
3.205659722
3.699453596
2.931323537
3.031245872
3.201383139
3.127651214
3.2920195831
2.846070182
3.342897031
3.277954228
3.190362122
3.814182507
3.906264886
3.0788045747
3.371603881
3.3465395242
3.648184761
3.327593895
3.582116828
3.315541517
2.934259701
3.083955468
3.21952486
2.7382392513
3.318136036
3.154445793
3.58486790221
3.072238662
3.422685092
3.777725277
2.917379204
3.437201457
3.737506745
3.75144985
2.518107765
3.336444815
2.475644327
3.322148236
3.601002938
2.655756971
3.094049799
3.183481244
2.896778507
4.204930251
3.127132049
3.051800167
3.234428663
2.851547273
3.658673177
3.209101248
3.320368356
2.837846318
3.303098829
3.227373829
2.728927585
3.806669674
2.990497328
3.22010486
3.452187481
2.949919481
2.887350497
3.154867007
3.178429182
3.610717017
3.417107597
3.954798487
2.896442106
2.908927266
3.200008168
3.06175761
3.170319211
2.933709717
3.404281028
3.828223588
3.787760388
2.964379261
3.080218778
3.348698797
3.123678379
3.199969058
3.694309128
2.8344181
3.28720135
3.404455186
3.421140899
3.270327015
3.050804377
2.933736551
2.6587601363
3.2027905227
3.5699881437
2.896420142
3.618137814
3.318563527
3.218939073
2.782305009
3.3101677062
2.793737269
3.23389486
3.241567139
3.269615811
2.524257301
3.005919318
3.69201743
3.3341126803
3.3820079878
3.5446299036
3.541821253
3.482767317
3.302699699
3.1116995602
3.979404627
2.740488082
3.239919111
3.642557583
3.402781417
3.201983013
4.607370768
3.349734483
3.5524324423
3.405219893
3.218259621
3.663693623
3.317727837
3.185415747
3.2527283014
3.187499859
2.631018312
4.067702228
3.9505149803
3.0574846626
3.530295789
3.6336116804
3.156283208
3.737446739
3.736193556
4.295100757
3.208173311
3.6719706279
3.400041544
3.647279867
3.7578577821
3.563392567
3.810802654
3.699210541
3.46732369
3.62469849258
3.465461513
3.460566667
3.446052152
3.256021715
3.006676019
3.404761975
3.391471517
3.0673029823
3.302193615
3.619682724
2.920497466
3.5706562416
3.903192345
3.445959395
3.734355707
3.7246495147
4.21138338
3.027388432
3.485342225
3.746278688
3.596072715
3.104140949
3.221880175
3.15732861325
4.029912956
3.304368367
2.661325277
3.317309941
3.999930252
3.149755097
3.501469194
3.357265813
3.152422321
3.253123277
3.775869358
3.638225796
3.931366502
3.510311521
3.794963133
3.483378969
3.381809907
3.520751117
4.216972866
3.687029072
3.77180981
3.3319099365
3.342546899
3.342333181
3.833251081
2.9140947455
3.707848121
2.778933549
3.833415317
3.097578667
4.051249401
3.444401626
3.383972123
3.969673725
3.108314205
2.890596048
2.946504222
2.5918907369
3.13283857
3.182554575
3.073626144
2.787013791
3.129941595
3.076714778
3.135060519
2.994919906
3.518050925
3.4530386203
3.243649256
3.085321325
3.19364543
3.23826903
3.23918588
2.988873646
3.090671651
2.935363939
3.66455108
3.308357553
3.521129335
3.16332265
3.16458997
3.850092936
2.8674729772
3.476444266
3.155063995
3.2031707385
3.033485589
3.201574991
3.053036336
3.10925961
3.01138012
2.780415561
3.1575412625
3.053162642
3.095728692
3.04516002
3.05339072405
3.692804416
3.01523561
2.671273301
3.035678773
3.354879773
3.444100782
3.610925294
3.220917473
3.552943437
3.3935725043
2.958040962
2.8207860155
2.912914031
2.7977153877
2.981236091
2.96285818
2.812304304
3.6748533
3.293452489
3.19955689
2.98005468
3.528019482
2.927213941
2.79121599
3.6184046128
3.305915815
3.055586184
3.399138109
3.347171437
2.760779071
3.195546986
3.14920006
2.846556176
3.772325529
3.25865025
2.470614729
2.793293846
2.84404209264
2.9873228683
3.120959785
3.538320275
2.985068319
3.05732098
2.80258301
3.515494571
3.495305874
3.05033787
3.053166453
2.812427639
3.098852216
2.953828849
4.30602326
3.647894083
3.392368339
3.7093173385
2.948968446
3.302186045
3.299212576
3.766418168
3.426106592
3.220257904
3.069433562
3.856069673
3.802668689
3.794229612
3.230319502
3.518175038
3.273732702
3.872349124
3.489938399
3.403768513
3.440069732
3.713706533
3.590511992
4.786468618
3.19152491
3.713143609
3.421818284
3.185618528
3.328225016
3.526393508
3.573129568
3.848326637
3.795197168
3.357173515
3.724733982
3.43415702
3.545688783
3.7954615746
3.213685402
4.156532472
3.271031628
3.1562429835
3.0240838722
3.378962482
2.942510342
3.748667888
3.297567885
3.316573508
3.75033172
3.99949459795
2.981855882
3.83581378
3.798372328
3.154367128
3.554668757
3.540878598
3.900341747
3.582721213
4.001489121
2.748460426
3.092426148
3.8928958
2.689998281
3.457923826
3.417313498
3.134462554
3.723194062
2.881762338
3.127301839
3.515235191
3.832560175
3.219383382
3.1182381624
3.600142288
4.034612
3.3684665653
3.066997898
3.542402258
2.965987377
3.266403547
3.347821778
3.121863663
4.095207742
3.671968304
3.20634422
3.433437912
2.983139274
2.963636339
3.394825642
3.151956363
3.450662908
3.706819603
3.4447301209
3.757161603
3.707878002
3.345389172
3.763694217
4.083235232
4.0047527156
2.8724405965
3.171654112
3.474969402
3.41400034198
3.421227668
3.317777984
3.508780262
2.913853541
2.975939292
3.305268433
3.034865744
3.423942252
3.336353536
3.764866712
3.731140458
3.2460867026
3.607260405
3.414280304
3.31812428
3.168341007
3.085375028
2.819261174
3.434168251
3.400358087
3.6048473455
2.877487217
3.421309147
3.105846619
3.568008303
2.549393472
3.355251787512
3.756071133
3.542933995
3.369905869
3.781709875
3.725828467
3.132600634
3.075443161
2.994005286
2.852088275
3.233756156
3.090351781
3.39381993
2.923237135
3.55889024
3.332785178
3.161637101
3.133018699
3.5613881224
3.916905352
3.908611416
3.838512431
2.892162025
2.987768757
3.0221141832
3.326373321
3.42995222
3.873411699
3.4720765267
3.253362307
3.698404687
2.673680488
3.352286052
3.558534749
3.572266061
3.803661515
2.936555359
3.460146436
3.391990837
2.931049015
3.098083243
3.042187883
3.202098708
2.747003407
2.959296184
3.88510718066
3.935844303
3.460854922
3.432775031
3.256586314
3.220782882
3.688974413
2.871488254
2.940007774
3.003356165
3.0870857813
3.4796270135
3.0200274532
3.046985275
3.262493641
3.276589094
3.845187583
3.3546647054
2.983522532
3.163768455
3.028789213
3.473457951
3.158011135
3.007641344
3.854319633
3.31388735499999
3.370431446
3.514323589
3.6316182998
2.857470244
4.061324173
3.79746925
4.323386832
4.041008044
3.954307498
3.932704981
4.575340726
4.80082138
3.835212003
4.047862451
3.825749656
4.043101151
3.883631451
3.476661525
3.685867411
4.471413284
4.027880692
3.291069821
4.081645521
3.918225375
3.605951291
4.21304776
4.408423402
3.787016261
4.758441915
3.729065382
3.511169439
4.2539526192
4.550085621
3.554797903
3.921116516
3.8955847793
3.792730201
4.210929398
4.114212873
4.220041176
3.705874472
4.911138548
3.637603311
4.10746886405
3.82480711
3.606725221
4.157004987
4.332239165
4.064055127
4.654695796
3.525050101
3.944771101
4.186717881
4.297181203
4.244307471
4.292012541
4.029988861
3.332881335
4.372960116
4.185052465
4.172764321
3.958833981
4.119635927
4.4218982235
4.066639271
3.91471094
4.019396048
4.597316609
4.223531521
3.862962371
3.3133936753
4.012118373
4.160110782
3.4328438736
4.085892911
4.48420187800001
3.853858217
3.521285171
4.568700205
4.439533779
4.224963161
4.360683247
4.671083041
3.871249631
3.986647604
4.440575743
4.136210319
4.3054187608
3.656744611
3.818138667
3.628799667
4.407354186
4.415469962
4.380617411
3.595564678
4.0023424856
5.11755421800001
4.564392251
4.538294714
3.766682971
3.941677268
3.571640224
4.4812717206
3.652022051
4.791190303
4.1352213
2.96916729
3.344547676
3.83792743
3.8073771
4.109185543
4.0123553894
3.199591847
3.41113066
3.20729242
3.23296777
3.23323903
3.851843242
4.00039116
3.30370457
3.662631531
4.14725998
3.23195457
3.530440659
3.57889236
3.931834276
3.49910279
3.13691451
3.237396624
3.355176542
2.91152901
4.01759269
3.16104485
3.18552004
3.394879414
3.21587361
3.564960221
3.755041351
4.0175543014
3.63501084
3.7838526048
3.571149443
3.66181299
4.12291629
2.918732696
3.355369473
3.977038088
3.665248155
3.384261428
3.71158463
4.0553655
3.104371835
3.741166763
4.067561371
3.682256012
3.4682246355
3.37966073
3.216154147
3.56503123
3.73231494
4.21072215
3.738069989
4.02282429
2.857369549
3.639305868
3.31168215
3.51502595
3.49066104
3.161947096
3.50679099
2.90105301
3.563803906
3.47945195
4.09699434
3.880045381
3.868525937
3.364896833
2.9859830433
3.523724747
3.491997119
4.111156257
3.3515723323
3.21532482
3.81105737
2.980402258
3.847732174
3.864060707
3.598755567
3.738856838
3.38616
3.161752602
4.213490083
3.8436039069
3.271199456
3.5151180562
3.779078062
3.6402183
3.598625749632
3.65543076
2.982014842
3.536495087
3.10316143
3.37908896
3.57839991
3.57912329
2.968229179
3.856380277
3.395500008
3.521836453
3.356201615
3.476104323
3.177965757
3.135833927
3.31413983385
4.070135557
3.611702025
3.258308294
3.727686747
2.827286949
3.560502858
3.04506812
3.2273055797
3.176834567
3.766410624
3.545548914
3.686177494
3.148538754
4.046703268
3.5265643314
3.53318835
3.348961184
3.625830933
3.797511392
3.479344677
3.3566118523
3.821307641
3.717938047
3.172009747
3.679468532
3.7839489033
3.208769375
3.398893466
3.44140768615
3.683422231
3.528985841
3.92190413363
3.879737109
2.601609339
3.470860087
3.254527716
4.01155533
3.008495907
3.897683173
3.624275517
3.1872299665
3.209793157
3.6843901725
3.598645232
3.3495176376
3.471928947
3.3601331676
3.730123388
3.453840137
3.436125654
3.209483866
3.7890704105
3.669178744
3.448836093
3.834777847
3.8579841039
3.721915007
3.059852443
2.806453767
3.871166257
3.525790305
3.605091477
3.704946023
3.752416553
3.608084462
3.406754704
3.521888786
3.567885832
3.515125207
3.212270096
3.341466745
3.524984971
3.503829046
4.18297426
3.415396303
2.874535337
3.902887753
3.716403377
3.355269563
2.955242914
3.869210395
3.740594882
3.754002408
3.956510274
3.632030595
3.632846407
3.547732237
3.194145848
3.233898423
3.569645758
3.081701307
3.874846613
3.177168024
3.037207611
3.117141853
2.61623474
3.174013543
2.986130987
3.141422198
2.9559105075
2.873279369
3.055205496
3.237740722
2.978780545
3.025930462
2.79673805
3.06435676
3.2292333733
2.374483303
3.304796136
3.625382229
2.99135699
3.1979249
3.338607977
3.07473194
3.182582928
2.71490946
2.946783643
2.968174226
2.987564825
2.920482517
3.606815912
2.798793128
2.110955033
3.244988176
3.433291094
3.58590282
2.7683760882
3.484584117
2.189785087
3.4495794893
3.134124875
2.819313787
2.943963213
2.843086242
3.3618924306
2.9398607269
2.931414554
2.943475072
2.9865988771
2.72939597
2.69443855
3.018421955
2.82918728
3.472094663
3.076494457
3.46444681
3.446675487
3.603487455
3.34129093
3.230152604
3.337362509
2.817015917
3.027137175
3.10331967507
2.896719568
3.268321696
3.067268545
3.223554881
3.494241149
3.213815129
3.422068772
3.183720356
2.8905381068
3.036312038
2.801172407
2.777656189
2.9674724029
3.607792083
2.714841567
3.537805351
3.335646813
3.30342184
3.990690708
2.92842988
2.764051973
3.546777257
3.43372314
3.272019039
3.302871273
2.734913377
2.88555907
2.987315269
2.7197109
3.133189173
3.311731427
3.194179634
2.911151277
3.117250775
2.932187539
2.941290351
3.030378949
3.651972725
3.5066948619
3.092575867
3.179633506
3.3089300727
3.47043016
3.408071575
2.81161296792
2.5874323619
3.66772431
2.754156505
3.236619791
3.315933583
3.113585914
2.70141605
3.399515148
2.725745669
3.224454512
3.074297186
3.29545277
3.47965524
3.068409409
3.290873632
3.7137215673
3.766681341
3.6254661945
3.217679197
3.164111782
3.44791413
2.487007469
3.106685065
3.239740698
2.8927581738
3.2128978272
3.02691759269
3.1713400137
3.062364628
3.311101317
2.9260203
3.501483981
3.302197335
2.904040093
2.913183859
3.310168427
3.39933908031
2.498014192
2.459923838
2.9664702007
3.465249966
3.141794889
3.417585417
2.896082934
3.42405738
2.922645351
3.26682377888
3.082323301
3.156293919
3.166925022
3.389210544
3.035234636
3.016366429
3.093962978
2.634708304
3.498468422
3.222262351
3.206628393
3.640557578
3.632519318
3.165727364
3.003131244
2.926274988
3.68490277
2.950122478
3.887572749
3.226856047
3.1641304967
3.25317995
3.339605886
3.317370417
3.29984669
3.519918405
3.51827081
3.7815362577
3.393470099
3.1318290186
3.29949933
3.397819831
3.024189201
3.3384591372
3.219743136
3.713021781
3.5475040917
3.2875190582
3.231392701
3.234160269
3.725208311
3.6238994268
3.275290583
3.885019818
3.040321831
3.7783459994
3.2168873176
4.3854140904
3.3490197226
3.1294080034
4.1859182696
3.4984116204
3.7669757134
4.1096611246
3.9176280073
3.2305993214
3.6002268574
3.6070511836
3.1207436314
3.5693988484
3.3440678666
3.5816898984
3.4227781586
2.8253798696
4.3930975444
3.3517461326
3.1496291616
3.7759380412
3.1184021264
3.1960820906
3.8848219764
2.9741623556
3.5322484634
3.4864306626
3.7795264256
3.4152023446
3.8433337474
3.3026001684
3.6173720136
3.357528844
3.2076012236
3.3580917236
3.6052382168
2.93192650984
4.2106493116
3.4744761304
3.6320818431
3.2189567364
3.1244700686
3.7562418106
3.6119012884
3.1416494631
3.9790580416
3.7156485074
4.0198016853
3.5156958394
4.1270879804
4.63370618
3.3792236976
3.6552124516
3.4611547956
3.3762600249
3.0361935924
3.4035810264
3.40467838424
3.7394370951
3.9905439726
3.8787135296
3.5971013154
3.5633849836
4.3488661756
3.2212070896
3.4815775094
3.9627681091
3.3717579567
2.5931798306
4.6708494306
3.3931369851
3.3411065076
3.7795531246
3.6236825753
3.1867274326
2.8730312956
3.4372844224
3.3827161154
3.8361115806
3.36331656881
3.3112189599
3.4362388406
3.2455070116
3.2071938646
3.4578751904
3.8107384696
3.5553505336
3.5593101314
4.0791022524
3.3131372296
3.0131245086
4.1111028336
3.6418686275
3.4177205914
3.3651075006
4.1181338166
3.1459514756
3.7862537836
4.074799937
2.946847658
2.995934043
3.2102383386
3.3224397374
3.859535536
3.526999151
3.1640091126
3.358860166
3.718978052
3.504070733
3.5233581575
2.979545647
3.034082908
3.270782361
3.553686811
3.9648112324
3.389048583
4.098131045
3.572600097
3.074877921
3.705624503
3.795880987
3.404421967
3.571482777
2.733844628
3.886219637
3.328047402
2.8937432727
3.848637608
3.122167171
4.293588151
2.984817947
3.654879819
4.17068296
3.157049318
3.56488639
3.655301061
4.138911843
3.09036202
3.436525712
2.646353669
3.492407363
3.3950364708
2.79246261
3.095537849
3.399376604
2.74573435
3.4329637805
3.201546634
3.4431847396
3.121167289
3.123291511
2.780426637
2.767732713
3.238653643
3.017428932
3.462627423
3.565247919
3.515163033
3.6575566765
3.3768770574
3.43182387
3.880337242
3.0880440397
3.006942217
4.388583859
3.290306195
3.7046178066
3.437587882
3.692671304
3.9854941385
3.303824113
3.177143892
3.124640237
3.3715804665
3.025044102
3.171613263
4.258905616
3.776209537
3.393278137
3.834799653
3.362321121
3.685763801
3.425136485
3.446068144
3.306170237
2.763341008
4.026557409
3.859105267
3.1731883771
3.674306937
3.328350106
2.910901634
3.508980049
3.2541032281
4.137081434
3.681715896
3.668913108
3.642304188
3.6500231459
3.2183297409
3.6949567049
4.1386756517
3.1853540329
3.4158840559
3.4749987509
3.8607806674
3.2889220154
3.4367197814
3.3453783689
2.6137646489
2.6848711219
2.8681247226
2.8417346519
3.1076458429
3.2853240514
3.2396671539
3.0468127189
3.1244995076
3.1518121819
3.0368687969
4.2256832859
3.0059471319
3.1665529469
3.5194578709
3.3081093969
2.2011435528
3.6164196832
3.6942363699
3.3458976259
3.9533222779
3.3737035627
3.4808111139
3.3093741469
2.8906977129
3.3655854639
3.5777779829
3.2223378659
3.2053543039
3.6391553349
3.986108544
2.9649620309
3.8508854479
3.5214146059
3.2453211739
3.7600006139
3.002395606
3.6910446319
2.7224028318
3.8455554407
3.4401264189
3.8733317209
3.0677440129
3.1629434189
3.6474236299
3.4082976529
3.9027592934
3.2637286398
3.1158561179
3.3778158989
3.1029561399
2.9675862239
3.4337266156
3.8190721019
2.7935156159
2.8347210603
3.3921274689
2.8797272751
3.1590832839
3.0864653529
3.4956955739
4.1543049019
3.2767182119
3.4278719859
3.3390060509
3.8110563429
3.36048485
4.0846590233
2.9515120089
3.1787168431
2.9482984279
3.1632699409
3.4728652649
3.9943296119
3.9021613379
3.7382497659
3.7944774709
2.6555260929
3.2302709599
2.9427780609
3.4885117199
3.4523866964
3.0028542037
3.1145118009
3.5660949289
3.8507194053
3.3476166379
3.3813985319
3.8851597869
2.940527188
3.335996629
3.0481293845
3.045489232
3.518946168
3.333886672
3.340900951
3.335701222
3.155887289
3.5611794839
2.867144717
2.931592146
2.3492135211
3.157686906
2.565697545
2.805918433
2.781174279
3.3054564082
2.565297809
3.138351943
3.7808223604
3.587752738
3.254110815
3.237060911
3.897063235
3.216297808
3.175759969
2.979459441
3.413421974
3.320972198
2.854937696
3.343055544
3.005831038
3.010422344
3.118550787
2.755517171
3.084354905
2.870834574
2.875744899
3.849761753
3.229276775
3.588915633
3.295895998
2.92272183
3.409052901
2.925406309
3.055421837
3.384553429
2.856253968
3.7557445409
3.383609388
3.712572905
3.206722038
2.889137802
3.709955188
3.086865881
2.818009257
3.575220625
3.279694617
2.9625904
2.906628861
2.907286732
3.451262826
2.173190186
3.498589264
2.802152775
3.067976935
3.393910442
3.1114173034
3.0969379966
3.082306295
3.206390978
2.753910757
3.4633755132
3.470111099
2.396894139
2.988897513
3.3805113955
2.906525482
3.477633237
3.074218175
2.645774489
3.8062350689
3.032642293
3.506568765
2.913779691
3.161634046
3.366356983
3.403215211
2.750139941
3.173363784
3.793820322
3.359535405
3.050400157
2.989394757
2.97205607
3.121566275
3.541840188
3.261369166
3.103514989
3.891158651
3.482392525
3.471862286
3.718516441
2.903419584
3.932481097
3.6467142555
3.33535046
3.4660673149
3.019286081
3.827152524
4.1568502146
4.177938589
3.786218713
3.706008969
3.817939424
3.9916485675
3.19723606
4.067589636
3.004353576
4.142287407
3.4567299142
3.46642782
2.92601516
2.791146082
3.39851977
3.079857423
3.304141524
2.792847678
2.91070617
3.64135664702
3.2714677727
3.805602907
3.070939873
3.93325978901
3.244065138
3.9780790895
3.2694873823
3.4777504461
3.29020004
3.8178188225
3.432861024
3.507249477
3.078388654
4.596028882
3.927774127
3.693470654
3.141765082
3.075589404
3.152912561
3.174802547
3.282686231
3.520866134
3.270531081
2.694422568
2.88740849
3.362197925
3.100836335
3.738903287
3.0432379943
4.102971971
3.182651113
3.4854758755
4.0450551708
3.639382683
3.748932145
3.971999975
2.856713831
3.367589848
3.381861197
3.92657348046
3.159958665
3.5945897797
3.82407666
4.181351442
2.96721046
3.640920625
3.6110083868
3.767123215
3.215611216
3.133413753
3.294289379
3.3997732725
3.565297753
3.45133665
3.484006743
3.26963559
3.337521653
3.1699569295
3.220895484
3.763844905
3.0651024242
3.970057247
3.710568428
3.80205579
4.353136208
3.484734205
3.5943549111
3.500495934
3.244231304
3.9043857437
3.641579613
3.421158001
3.3457226
3.693789322
3.392855758
4.155681641
4.042649499
3.375138319
4.186777611
3.710409118
4.0814594539
3.261649683
3.549466998
3.876935064
3.4727521999
3.8046106504
3.425733898
4.43087783
3.68160878
3.221904611
3.682493281
4.342516676
4.056191122
3.752975848
3.888682177
3.469354633
3.328263841
3.905686548
3.319197497
3.553139832
3.086083642
4.114406678
3.894785237
3.753094156
3.8893897432
3.71045284
3.431044197
3.623396609
3.8276906655
4.579187178
3.6698338
3.730728056
3.799897769
3.571660878
3.932983253
4.295294783
3.409802666
3.657872251
3.5713153531
3.395144367
4.104910208
4.125997955
3.617028568
2.915211888
3.428416758
3.026256263
4.4678642459
4.083735366
3.933773472
4.0188034638
3.898293272
3.641019198
3.513259688
3.573355131
3.742922922
4.561901698
3.983496072
4.049986422
3.5008196324
3.882543765
4.0926747503
3.690332682
3.857079494
4.013817658
3.662767642
3.952087738
3.87014177651
3.5226954659
3.551150523
4.2390819788
3.736720904
4.370806232
3.369634631
3.800787943
3.589407872
3.438507204
4.315677282
3.835950008
3.662610718
3.394602172
4.214098912
3.926348931
4.250939179
3.9926661368
3.547310775
3.831154128
3.898573997
4.150703115
3.7335741797
2.906292186
2.971823352
3.5601618238
3.57300756
3.4901724
3.594943556
3.502078572
3.705677328
3.786519175
3.614646931
3.650868021
3.70127891
3.717167781
2.87951196
3.39399793
3.98764619
3.747788299
3.298792001
3.958594154
3.791948677
3.392617761
3.346544309
3.362651764
2.85006419
3.446712431
3.693878894
3.95858618
4.047621256
3.4648597
2.719563752
3.0010450782
2.830781239
3.19725769447
3.99702213
3.896560889
4.349096842
4.0919396762
3.842104989
3.4205912101
3.583173129
3.327786691
3.6500329062
4.207145324
3.280592923
3.638012221
4.129862265
3.588382349
3.51093931
4.2021803083
2.999356743
3.350092782
3.806030511
3.689944932
3.654144387
3.677324155
3.53606125
3.745435191
3.504715056
3.115717635
3.559815004
3.417742507
2.94116384
3.1892143236
3.639869851
3.9243859179
3.887418909
3.4280655973
3.759753213
3.7264347964
3.542041486
3.686643429
3.8401950473
3.660060494
3.677443505
3.641996182
3.712815952
3.418583437
3.163273279
2.745860087
3.923780037
3.39197638
3.278623748
3.641947287
3.195680117
2.965419934
3.579910147
3.488324758
3.222797509
3.380048639
3.294507857
3.328663604
3.286622069
4.083944942
3.611366112
3.141762054
2.92642947979
3.855916985
3.380282081
3.382683174
3.371487418
3.418428933674
3.60723819
2.648688827
3.472912618
2.597395636
3.503894805
3.250939736
3.984590498
3.239694771
2.909339321
3.582164571
3.840332432
3.440482804
4.02425512
3.502011769
2.769866971
3.745067846
3.502428105
2.878384158
3.606774205
3.349353554
3.876151815
3.228868839
3.1962654803
2.879073605
3.795019854
3.653395057
3.396865353
3.8429554554
2.524756565
2.9173578266
2.948881195
2.971799474
3.833378863
3.327467229
3.211889652
3.3727748829
3.070173884
2.860123979
4.0115625697
3.460756456
2.951857353
2.938535117
3.10342916
3.362605056
3.399812191
3.1435349115
2.932180221
3.048343255
3.470881565
2.85442152
3.2559720546
3.4083517167
2.953984697
3.229221767
3.614322819
3.035739044
3.587752349
3.3292347499
3.2892172045
3.328494239
2.837886955
2.847472233
3.516905665
3.18283281
2.486850322
3.649725309
3.1981040545
3.23890764
4.071340531
3.331078648
3.536197861
3.701434757
3.812246078
3.304776812
3.593666451
3.790256869
3.05764258
3.4219509284
3.640705477
3.261169983
3.232564115
3.260583247
3.396860609
3.113906451
3.579999763111
3.0153718342
3.4020192056
3.4186095714
2.912502231
3.3937081051
3.587590544
3.675632981
3.30174339729
3.395376543
3.40096001
3.884607356
3.667017381
3.358738382
2.83069919
3.609549724
4.1276417071
3.248424667
3.996590359
3.581529133
3.7966686265
3.307945359
3.970356494
3.242432339
3.895027885
3.902000982
3.287171134
3.580234572
3.614549271
3.1976582967
4.065177916
3.7937845
3.440213426
3.822297616
3.2128882197
3.613537484
3.276818136
3.350354721
3.325494852
3.465049552
3.951978527
3.356244049
3.473956681
3.611442004
3.62340476
3.389718049
4.009190339
4.3247048225
3.668530556
3.34403347
3.0343409015
3.81336285
3.490571902
4.1720405635
3.549370088
3.152144006
3.539868744
3.4268689632
3.309872778
3.592973789
3.240311126
3.038719104
3.404433974
3.758794985
3.5201183935
3.413679394
3.0514281719
3.131635734
3.4108139
2.767698692
2.8370923597
3.442764844
3.503187205
3.557672836
3.832447625
3.7847783391
3.735141184
3.947346698
3.179832397
3.104275905
3.2985424135
2.564567419
3.275889863
3.358614761
3.672638604
4.025435967
3.7973819737
3.644137326
4.185927349
3.255075939
3.3001653117
3.894285491
3.680240168
2.998341503
3.038999263
2.984138504
3.204294784
3.255022994
3.218144817
3.232149234
3.468743836
2.911118876
3.767868489
3.765449699
3.8809266284
3.811133035
3.062845214
3.993897322
3.103845702
3.19867428
3.650327159
3.664823142
3.762597509
3.323504382
4.041448176
3.301688801
3.207319739
3.40215619
3.940337781
3.29629288
3.385071439
3.092265076
3.69276887
3.1438321952
2.91618714
3.735474644
3.703270876
3.3427638685
3.494011769
2.561183876
3.306204809
2.72490867
3.72007157
3.247127649
2.6167852515
3.259986631
2.675339223
2.78642905
2.244893883
3.580108325
3.070434361
2.497381889
2.96389403
2.98746351
2.928445928
2.91538407
3.217511169
3.427448467
3.32025771
2.814500707
3.34131313
3.24880727
3.434514877
2.4385868335
3.282440338
3.489534235
3.578641021
3.57886182
3.251718715
2.84056487
2.5871651857
3.25610038
2.91439384
2.951247042
3.103852728
2.5751726386
3.001392793
3.100158462
3.200780547
3.014723362
2.590384595
3.15679834114
3.446819658
2.996175068
3.100150871
3.315989083
2.702783897
2.5181788236
3.014363417
3.1262905553
3.654303196
2.612749746
2.815493621
2.681030437
3.549155299
3.539976566
2.896837837
3.067306379
3.31204761
3.842665515
2.998719691
3.3517468124
2.964618308
2.68623564
3.161432497
3.186002097
3.440199948
3.079748651
3.53100313
3.524459363
2.788974295
3.07625296
3.1263622021
2.4315956285
3.263122269
2.5722481137
3.0909784663
2.245951789
3.21309657
3.534788703
2.87061846
2.8830162182
3.191358699
3.2083496818
2.81005347
3.589605969
3.82153294
2.739331492
3.91117697
3.69246604
2.66489183
3.6797460774
3.37460129
3.73113508257
3.4670802417
2.61110036
3.210215498
3.50808493
3.57830153
4.06454384
3.94470058
4.338909327
3.108707816
2.91672803
3.48775907
3.5771403476
3.82273889
3.562779516
3.59198866
3.886476575
3.257071105
3.17042407
4.07938992
4.0087131035
3.85400791
3.476600427
3.55217907
3.63363426
3.80963454
3.169942846
3.4764936
4.536949051
3.90176965
3.190668819
3.380860909
3.59210916
3.228493908
3.432149248
3.178505854
3.496996574
3.37774239
3.96932476
4.0943747734
3.256207728
4.001239937
3.095920267
3.67157515
3.81555535
3.301901944
3.82600684
3.42396117
3.106601791
3.538807957
3.1142976
3.544286751
3.755128388
3.422258329
4.047614637
3.51526702
3.613859021
2.907678513
3.78741187
3.1672286
2.926096943
3.604974825
3.88265119
4.279686383
3.121337206
4.16706128
3.374509396
3.47211455
3.253437486
3.20250499
3.21882965
3.04273014
3.45234887
3.598933695
3.72311871
3.159203727
3.669930501
3.89581389
3.200488621
3.81293908
3.563586319
2.518643388
3.897318013
3.27182888
3.59602194
3.77464017
3.05111303
3.41144304
3.270821975
3.564079326
2.77635055
3.904842561
3.737395623
3.722099913
3.854445894
3.5047817957
2.589206544
3.270642625
3.744989167
3.359164093
4.085943076
3.308295373
3.025569823
4.1070879303
3.166222343
3.239780279
3.2107106772
2.738507792
3.3977546062
3.316474943
3.270107245
3.801559082
3.638449444
3.1636655558
4.030426388
3.213008339
3.265999233
3.149367946
3.475299524
2.93383522
4.081057336
3.402696353
2.907142477
2.838255643
3.384149865
2.62042651489
2.391086243
3.112814929
3.253038437
3.492358703
4.086336033
3.257950221
2.7633841643
3.183250393
3.001536673
3.227599483
3.316732463
2.779914573
4.465207533
3.676752586
3.641012673
3.391344337
3.409831583
3.201281862
3.488542597
2.900625713
3.626576723
2.989764676
3.571838188
3.424934968
3.351707753
3.725023513
3.804580194
3.182101439
3.907075695
3.0659897008
4.102943694
3.767845538
2.912128472
3.411353393
3.083691511
3.351945363
3.342294636
3.208235567
2.971092284
3.56725951913
3.4535445302
3.8619203728
3.571224327
3.274113338
3.230276606
2.957646262
3.542606288
2.765993677
3.201212259
3.284871333
3.396875586
3.015603429
2.898807929
2.96249133
3.334293233
4.151495125
3.637699779
3.229563393
3.0398098199
2.917588086
2.983475371
3.411787473
2.814531363
3.30973331
3.844547851
3.548165603
3.626806689
3.457515665
4.136701309
3.637534659
4.106107519
3.522971477
4.244182189
4.307214549
3.652923765
4.105196223
3.687731631
3.579514975
3.447142619
3.655840369
3.123288423
3.660942849
4.045205156
3.624253
4.138841043
3.751257144
4.04695492
2.967140384
3.139031571
3.3513552553
2.943150121
3.567567409
3.9949995866
3.144011929
3.034168604
4.472602149
3.720253335
4.442775049
3.393730431
4.20617339
3.0356728561
4.075705139
3.640222409
4.117568129
3.3928179965
3.151867007
3.714130746
3.964617489
4.068367134
4.125558699
3.305137321
3.85597982
3.294004329
3.961569592
3.945236478
3.964570972
3.549905259
3.6279324143
4.224359379
4.09802152
3.631289317
2.8925805249
3.201653094
4.0283025253
3.507751775
3.933153981
3.465116629
3.397495569
3.969971419
4.020950489
3.3377848296
3.306570569
3.271125373
3.143880592
3.603819712
3.408440259
3.084053118
2.953820279
3.527451574
3.679054551
3.790718431
3.489908599
3.6540865971
3.787060639
3.603705599
3.632921242
4.056454174
3.943703811
3.487056581
3.477143609
3.870846149
3.945989527
3.947910889
3.493508929
4.115741455
3.730215965
3.732330839
3.332510452
3.629581579
3.883601659
3.848272999
3.991550281
3.919245499
3.654601039
3.207618452
3.563684289
3.270356591
4.793101987
3.832621812
3.769489851
3.781082888
3.254919372
3.598439172
3.788078561
4.39481073
3.799889334
3.736987707
2.99470683383
2.970949308
3.828438288
3.993612012
3.60350009
3.988981831
3.625945668
3.236923092
3.444013812
3.619599192
3.893862302
3.225853759
3.383733727
3.912546188
3.707256928
3.364351232
3.110671004
3.947637708
4.029373178
3.9742563735
3.514939068
3.317276375
3.413592005
3.961081309
3.50591254
3.524202034
2.992258466
3.814158874
3.643336606
4.161133326
3.727887448
3.738472147
4.051597507
4.000083943
3.7121261208
3.664091882
2.907791077
3.355528378
3.926285148
3.679129831
3.720749472
3.855487418
3.029701912
3.729324597
3.253852652
3.481479987
4.38566040587
3.905146678
4.033047238
3.274130338
3.640302377
3.479006544
3.268380953
3.867009638
3.417952412
3.552668372
3.496630812
3.144171831
3.19450931799999
3.66135228
3.611289442
3.680426503
4.294953062
3.838722178
4.002781152
3.535622457
4.2832674747
3.632773936
3.3887408825
3.2622523015
3.5856931349
3.434249891
3.200617332
3.26558949
3.314883398
3.133288582
3.534299857
3.849915717
3.623123568
4.299982533
3.404664132
3.724684782
3.440151295
3.5990287084
4.222456137
3.408940198
3.308050543
3.483247673
3.270607852
3.189024461
2.864608349
3.230211057
3.082042329
3.315861068
3.452654979
3.045382589
2.768590039
3.78113503
2.267885189
2.885278029
3.24454790018
3.2874001248
2.91694425
3.106609099
3.459131434
3.236382307
2.706568166
3.451279452
2.722745217
3.139538737
2.7537838806
3.017829299
3.295975769
3.411007193
3.455372989
2.991045069
3.1181195189
2.998166898
3.296966559
2.874839629
3.609278639
3.4453159714
3.6032297387
3.77504366
2.572885622
3.48203771
3.261906919
3.162067049
2.895281192
3.275837582
2.7642634574
3.4750039395
4.011526501
2.8000958244
3.566995139
3.244660213
3.607129799
2.938768783
2.78656736
2.96590548
2.798605576
3.7477774815
2.898114453
3.07384274
3.604709196
3.164908861
2.779261531
3.138368315
3.105452889
2.819771696
3.138421866
3.0126380031
3.302819699
3.410296013
2.608002649
3.220895428
3.193818299
2.653418509
3.488726181
3.2727554658
3.09695482
2.97637039
2.7211145228
4.112757334
3.016309752
4.0136480401
3.466893421
3.2076493504
3.522227091
2.771859988
2.803596688
3.309324799
3.6028102642
3.781312617
3.47328558
3.144040339
3.495071416
3.820736886
2.975539314
2.902323519
2.823789623
2.925324518
3.105152254
3.174829828
3.08917535
3.580687916
3.235695073
3.021905729
3.1987647421
2.853466603
3.276434499
3.3162517239
3.564159789
3.526081931
3.091410419
4.040764215
3.956985461
3.753007505
3.683657639
3.33005211
4.001415836
3.512377728
3.1148283027
3.230369051
2.824662161
3.000303143
3.1551425963
3.06865283
3.272025689
3.9126077123
4.006423619
2.89165454648
3.445364469
2.796768017
3.839237541
4.070040309
3.287214611149
2.973892895
4.490371134
3.858819419
3.61045287
4.106161896
3.442177012
3.151096819
3.760330887
3.803509061
3.739773266
3.668521614
3.2692630353
3.801075547
4.324219713
3.066192429
2.942861376
3.204781382
3.148081097
3.612314929
3.281763294
4.002365303
3.558661179
3.65124214
3.365365112
3.147498935
3.416962584
3.303939231
3.419485427
3.65481236298
4.305491209
3.118106199
2.8765470908
3.02103907
3.3142201724
3.248225449
2.944731519
3.719569467
3.780761902
3.420023999
2.391844875
3.825755864
3.555956247
4.273648344
3.583650708
3.026534764
3.960407278
3.81528319
3.445397207
3.4941673799
3.499143449
3.341149347
3.8211195113
3.719069159
3.782504898
3.708530779
3.919640131
3.744978169
3.4872849309
3.4891639093
3.143874601
3.98557133278
3.072207371
3.7010831693
3.998887778
3.309019261
4.000291388
3.584569986
4.126656029
2.90814442
4.224820902
3.349146418
3.084061337
3.390565968
3.017562123
3.73663095055
3.288076314
3.0466998965
3.6732893028
3.322212112
2.979082584
3.204409817
3.921846748
3.75632248991
3.324154873
2.860581338
3.0824799
3.197268626
3.514930574
4.0194092875
3.898188917
3.5100924674
3.061653075
3.3939320055
3.787160693
3.2651465475
3.523887874
3.284120673
3.234267941
4.016759511
4.204276734
3.767721702
3.687979888
3.833316952
3.425288609
3.109194212
3.180849125
3.423096971
3.533009173
3.843187121
3.221275953
3.345247252
2.515310991
3.090219112
3.273138943
2.987179423
3.162017698
3.7585605585
3.150519935
3.6008208656
3.729322167
2.765755165
3.210466928
3.3862466186
3.670650813
3.028400887
3.593786027
3.340913601
3.607486346
3.456355615
4.031856191
3.223926968
3.394507783
3.361037789
3.804574988
3.242165768
2.811842841
2.789163867
2.878663092
3.398993149
3.4164320478
3.452041104
3.292335197
2.838137538
3.218161864
3.602694166
3.477703346
3.015082515
3.0415263369
3.0741574019
4.128572356
3.658823745
3.330474719
3.432183258
2.7730975497
3.871588468
3.1313863616
3.223600275
4.052493791
2.8122709115
3.429333612
3.150121979
2.771936802
3.510898134
3.099024704
2.577254233
3.538035723
3.031138734
3.978705129
3.04708736
3.681039022
3.492980973
3.934107293
3.247796118
3.900199302
3.526799504
3.293200934
3.1249630533
4.226283241
3.855889132
3.716790714
2.94418029877
2.921037429
2.818932112
3.098381651
3.259432795
3.755564328
4.025043738
3.766807308
3.7972301255
2.753035659
3.987288658
3.396345382
2.882906198
3.678403482
3.67433117067
3.300343661
4.037956448
3.322877293
3.349537932
3.345323713
3.605326044
2.721940324
2.877154486
3.295200248
3.747091258
2.937843982
3.370725376
3.191527569
3.9250260991
3.647234939
3.592384732
2.737460046
3.965208745
3.6805803677
2.836764739
3.200474098
2.808781868
4.016204803
2.474823066
3.390010282
3.188742959
3.544409106
2.5472287531
3.589999605
3.6755676083
3.238765142
3.722073041
3.03841933
2.607295721
3.27091813
3.885251912
3.487099897
2.789707612
3.0539550856
3.043645385
2.660485625
2.903086042
2.998089593
2.988917653
3.012701573
4.224361628
3.215440142
2.59645458
2.877871242
2.782993632
3.293025548
3.282026416
3.744313205
3.158328491
3.411061372
3.146125803
3.866476885
2.965888838
3.142593736
3.017294159
3.042558988
3.756224308
3.174132002
3.383583409
3.456201314
3.064190004
3.9060405909
2.474786537
3.030045887
2.827594419
3.6331614102
3.948512963
3.197880838
3.0512374186
4.1153517251
3.133557497
3.121923348
3.889670543
3.494728645
3.365688168
3.507904444
3.389879318
3.908348049
2.854800507
4.082366758
4.059713898
3.530531483
4.281836093
3.696436018
4.272664311
3.337687117
3.923285124
3.553962661
3.024397168
3.469601273
3.962568575
3.539549826
3.854622366
3.982270341
3.939530792
3.587678218
3.6225525788
4.0670039826
4.0131621
3.536306903
3.872359116
3.337839542
2.761643982
4.062912951
4.203951964
4.074363678
3.460721156
4.254988135
3.659767568
3.476929446
3.505003254
3.493711207
3.625482796
3.892304442
3.9859010985
4.122863046
3.715427019
4.067623454
3.659882791
3.63623812
3.47945708
3.594469284
3.211016274
4.355820356
3.5963072813
3.020837095
4.0787542062
4.095858494
3.571281536
3.921897188
3.414946818
3.1091344002
4.221494548
3.845368996
3.553017898
4.429172439
4.057342858
3.952442038
3.405631378
3.798681078
3.529538254
3.952474518
3.240685987
4.731777825
3.598227831
4.067071275
3.511531908
4.217557808
3.775255465
3.051433209
3.572695853
3.905726068
3.88506047922
3.27740361
3.870319546
4.051949976
3.145370842
3.62877137477
3.046980642
3.626589857
2.916797725
3.821471858
3.912823722
3.902453303
3.7691561752
3.408148029
3.423312105
4.172461473
3.623687228
3.29282555
3.884836476
3.581642336
3.533159556
3.57969248
3.433393706
3.485828889
4.497911043
3.464227708
3.336409862
3.215818477
3.019678526
3.654918462
3.218509418
3.713296108
3.583269106
3.123122086
3.301156448
3.911476132
3.840961466
3.07828065
3.576285305
2.790786088
3.903619098
3.512465032
3.002473846
3.529758029
4.053986977
4.015062584
3.412801326
3.567675816
4.5965325441
3.16619647
3.095735672
3.5841650729
3.267097884
4.611243626
3.717011578
3.396479807
4.159097456
3.627729833
3.3649495902
2.618265866
3.124141289
3.751204546
3.383929476
2.840831548
3.304255749
3.460207786
3.669993445
3.212718761
3.771243239
3.750258501
3.069092296
3.4233848312
3.866133447
3.256392442
2.969947596
2.98607575799999
3.434763762
3.347560739
3.247140888
2.546595757
3.577791131
2.971873654
4.3892463025
4.018403659
3.310770093
3.680580701
3.4454660017
3.99045337
3.918464129
3.42710494183
3.22771865
3.781119996
3.793724926
3.563463797
3.882036712
3.875698317
2.800878039
3.41603602
3.756859372
2.923016647
4.134114415
3.448814913
3.864435404
3.3158986745
3.367370291
3.339151212
3.605502488
3.70683531
3.566950708
3.443819832
3.734101178
3.704070576
3.735686721
3.701216703
3.457912048
3.259732911
3.825705492
3.420636148
3.28873154
3.36767828889
2.91340844
2.832979896
3.687241509
3.43132274
3.086394095
4.26613567
3.29835846
2.95806538
3.6706233895
3.03310298
2.750701611
3.533815027
3.291572964
3.365101445
3.37602075
4.074654084
3.09180711
3.555688342
3.9660756
3.644300018
3.5924747
3.47289699
3.234470502
2.85427477
3.4257307323
3.3768309
4.047182518
3.604061067
3.043961356
4.21879772
3.11255839
3.213296934
2.89639892
2.669619281
3.12167541
3.499362228
3.558995603
3.137065527
2.864047726
3.50057954
2.8016160476
3.61033204
2.970288052
3.34680136
3.66588138
3.295226401
2.98029037
3.31182639
3.45981705
3.404721569
3.316199999
2.773043647
3.860215063
3.43123657
3.384346066
4.160709975
3.6923418
3.261462219
3.4248774
3.329168755
4.029207174
3.423005555
3.210989049
3.7805826
2.947909572
3.12039335
3.077232147
3.471594299
3.29919191
4.120838568
3.519936182
3.49073747
3.572880395
3.236844254
3.227386162
3.47477655
3.862035177
3.447854973
3.61761205
3.456906
3.33734269
3.36405013
3.286130431
3.544818113
3.166539076
4.057304736
3.36542649
3.409459053
3.667263655
3.793227804
3.5473226
2.825847119
3.413610527
3.633888828
3.680660827
3.162054711
3.02774241
3.790294522
3.33379065
3.463172737
3.20815248
3.74604872
3.108426957
3.10958306
3.0130813481
3.247180819
3.252725524
3.356500867
3.092322569
3.7538797191
3.187324198
3.590554307
3.854122667
3.519768717
3.70151531
3.25403373
3.31202902
3.219457227
3.2818919169
3.088233385
2.846557547
3.071915109
3.18951706
3.50122677
3.010855518
3.329819864
3.788959881
2.79953505
3.4854364
3.35802911
2.68357451
3.61536026
3.468090839
2.6882929
3.606741497
2.90462981
2.584850264
2.4561723119
3.455799688
3.45257547
3.36387064
3.514238943
3.389161944
3.411663806
4.2819113158
2.776695451
3.139330411
3.1891953143
3.624212665
3.166933352
3.3281395753
3.1668352132
3.62014119
3.95153432
3.525976029
3.157923032
3.130285856
2.934327821
3.47519595
3.759067867
3.1670259
2.872018957
2.426519608
3.279943499
3.108375985
3.026334809
3.567325695
3.529927552
2.962840242
3.49834574
3.6953420078
3.259585119
2.698668948
3.740225048
3.69215723
2.640628033
3.71084211
3.50152941
3.07473703
2.846722087
3.170470413
3.2834832321
2.93879281
3.30837384
3.172954142
2.85051097
2.9941149697
2.4121234851
2.938388137
2.9265309504
3.502484116
3.29814858
3.79507243
3.1823119902
3.625634062
2.946971999
3.00018749
3.027048316
3.71752371
3.67421765596
2.496121723
2.860145097
2.665714087
3.923659167
3.552564897
3.467962438
3.454199124
3.087463146
3.719502047
3.0120518163
3.318892237
3.028070425
2.863729865
3.682351547
3.925194673
2.54603311
2.928241707
3.525638707
3.042670174
2.946507923
3.281771645
3.228441387
2.744699423
3.875654407
2.718124337
3.20099956
3.764504167
3.753363765
4.030133531
3.059518371
3.264348487
3.592159057
2.961638167
3.1134192014
3.945858475
3.317278567
3.205755322
2.719221037
2.896528207
2.9775506475
2.61385138
3.571340743
3.966774155
3.632241717
3.071585703
3.483301237
2.966217047
3.165583582
3.470817847
2.737385364
2.8854029494
3.414552481
3.803844667
2.796777757
3.365769757
3.527609249
3.078058987
2.961947557
3.262798177
3.030079223
3.021766466
3.6594158866
3.7808940543
3.865165597
3.433224437
3.621019217
3.253470387
2.982232715
3.644899927
3.813287284
3.485559777
2.8293225655
3.1975797093
3.706530215
2.754580493
2.963069717
4.202570157
2.952923597
4.012309877
3.620457561
2.492067738
3.192464331
3.495623397
3.690398267
2.992672417
3.9153467489
3.183879117
3.174275411
3.630618178
3.435778017
3.252434927
3.088291447
3.189654287
3.081212517
3.2119520433
2.98436052
3.214402226
2.985602127
3.595728243
3.504183297
3.792513766
3.559682816
2.472550535
3.872418057
3.932046184
3.286610023
3.38922779
3.214678277
2.794179864
4.073927118
3.632411668
2.9880917
3.241488186
4.206691285
2.950503785
3.648862534
2.9085739189
2.993027876
3.039060266
3.047162032
3.396606264
3.119209876
4.022505071
2.844418024
3.6836398646
2.962461677
3.19224167
3.18726469
2.974008456
3.051883876
3.582500348
3.2050949
3.713309936
4.095968356
3.339739826
3.956759556
3.942092844
2.785656872
2.714152986
3.237777056
3.9853241797
3.027076894
2.712379894
3.1847285062
4.061619435
2.790158476
3.5739693895
3.751179748
3.312884276
3.234991856
3.730985356
4.062642865
3.438965693
3.521126072
3.611580988
2.896899049
2.989659843
3.09580971
3.227389979
3.285415666
3.666866724
2.890470942
2.913931746
3.139348567
2.800587261
3.274008391
3.586458126
3.211524897
3.427300416
2.769706918
3.234568536
3.281392885
3.488687126
3.520059992
3.302573696
3.236718216
3.435687145
3.010233226
3.172357427
3.812274305
3.165495343
3.442273226
2.799729171
3.02617231
3.057667324
3.086572514
3.669918264
3.868726525
3.292644576
3.390130525
3.541139194
3.066821014
3.485329866
3.577393876
3.002608205
3.184306608
2.953008452
3.713790934
3.981527605
3.139194506
3.770948821
2.673924446
4.445613539
3.523919139
3.209852118
3.759440087
3.817473796
3.8739848198
3.287417533
3.410600555
4.138077211
3.8257953051
3.785520891
4.028939316
3.674860701
4.541432141
3.606665116
4.430507421
3.740249269
3.431700544
3.606901547
3.667148566
3.589158004
3.082618085
3.8487248292
3.829037857
4.0789917
3.404009923
3.479896735
3.214448223
4.299322671
3.584844806
3.72303866
3.556365015
3.9425073
4.0175561195
3.8090593088
3.723792196
2.894625556
3.791916538
3.938613026
4.487511225
4.221019676
4.189042755
3.24388346
3.530123307
3.31201875
4.558541057
3.120227626
4.005108302
4.07342626
2.960165081
3.952774946
4.161701516
3.784102693
4.2234086922
4.095926744
4.035868353
4.398549313
3.987672775
4.3495757205
4.058297817
3.7321258417
4.155841226
3.423269362
3.051327997
4.00569111
3.716756761
4.26709662623
4.175569336
3.997870976
3.530037659
4.5207944746
3.453960746
4.109281641
3.611799642
2.999858366
4.0421014493
3.394732035
4.140171603
3.576028016
3.769693547
3.642121406
3.354790441
3.127334198
3.5422844912
3.908088674
3.337256316
3.6300152307
3.945069253
4.031127019
4.050454686
4.231952706
3.492332396
3.984889004
3.702680743
3.28156978
3.574528221
3.48684998
3.426114692
3.7663044485
4.02160538865
3.4176669485
4.3065033185
4.0701576155
3.1720719135
4.1075768495
2.7881552545
3.59165450293
3.5103733225
3.9021528385
3.2993866295
4.0781439085
4.1542692585
3.4650935485
3.9420452425
3.7207161795
4.1866882675
4.3546378585
3.4210113105
3.6967015519
3.7126791485
2.8546321285
3.4641654725
3.8685457885
3.5393097885
4.0500066185
3.6041487185
3.7391179915
3.1496926575
2.7683453535
3.4140646415
3.9756551135
4.0840500915
3.7921998985
4.5059374655
3.5260951885
3.8291907995
3.1366600525
3.9480991835
4.2967716485
3.7100192455
3.6516142165
4.4769032285
3.4574165035
3.3289460985
3.4129943965
4.1190802215
3.9114086525
3.2187300605
3.6616714485
3.5663789535
3.5631531885
3.9713371345
3.7907066385
3.6518201504
3.9900556355
4.2020000225
4.1234907485
3.4323675585
3.7689798385
3.5807274585
3.6427345565
3.2340027285
3.3644289585
3.5325144405
3.7683956585
3.7341687545
3.9769928035
3.6953669385
4.0279167685
3.6419927635
4.0598483945
3.9369082585
3.8879970715
3.3424433865
4.0796260885
4.216876925
3.6825573815
3.5950167615
4.3212784655
3.5306340905
3.2137049185
4.5830104385
4.1449777585
3.5652960985
4.3006781385
3.6571226565
3.7535413885
3.7955873885
4.2680027485
3.8537010185
3.3309510095
4.1481983185
4.1858838885
3.9314145215
3.4118778495
3.1379133075
3.414632738
4.0451080835
3.310928142
3.832404001
3.275160035
3.350685871
3.828391826
4.022489954
3.203146754
3.72174092
3.5115623101
4.838948352
3.131554028
3.48045241
3.418333553
4.385262669
3.270414426
2.85663952
4.047136144
3.76551661
3.954603178
3.277506156
3.154424299
3.209007403
3.4155408702
3.683633004
3.355344433
3.721523992
3.602337585
3.521654747
3.730381246
3.793896125
3.50855892
2.925635901
3.374865826
2.734365016
3.259282845
3.801136984
3.677019757
3.721268334
3.776855691
3.9914458821
3.596310468
3.982450467
3.873901839
3.1317922067
4.058627022
4.106279166
3.3786297696
3.445764745
4.1197271973
2.962608176
3.9315439608
3.77678577
3.55187315
3.490035739
3.762207096
3.82433863
3.2264205625
3.293141091
4.1949520812
3.566401008
4.272409302
3.8003642907
3.404418798
3.5386560955
3.382152095
3.530938226
3.35264371
2.891208309
3.674166968
4.005272925
3.95922615
3.614086783
3.571434716
3.596991601
3.316667036
3.107009679
3.386116514
3.663241395
3.756982786
3.878401484
3.769840625
3.352275221
3.810367927
4.024753228
3.725957872
3.668233126
3.5807714096
3.572636644
3.82150243
3.0423534406
3.5121429981
3.81599926
3.552422699
3.626678201
3.295335031
2.974088886
3.780201458
4.086926145
3.278444846
3.284856164
3.740777674
3.855680131
3.544373302
2.997234607
3.806105576
3.377157277
2.530888946
3.268768088
3.139924666
3.492426119
3.32438425
3.452823966
3.223663699
3.347103961
3.435032287
4.465522345
3.1186645325
3.07504766
3.199248041
3.838908531
3.326709527
3.564554796
3.890914386
3.520818685
3.301155006
3.617417953
3.528902995
3.880930442
3.465481457
3.6299925
3.339890231
3.475496496
3.599196584
3.5402807777
3.2318407638
3.399987814
3.530116548
3.244059663
3.877730091
4.103093298
3.676550452
3.967332019
3.864478879
3.926516022
3.737826602
2.98333566
2.734534661
2.916512078
4.102090476
3.36797235
2.979845671
3.254218546
3.670378699
3.817236986
3.168310516
3.269757485
2.91067442728
4.270341795
3.356357393
3.667272438
2.945781173
3.725521375
3.068801926
3.693629537
3.671651552
2.703200589
3.265710707
3.625746072
2.741627525
2.979582224
4.0593704
3.638402016
3.223506958
3.396426836
3.1387318856
2.840580716
3.484900816
2.966816046
2.80151404
3.47973762
2.887649097
3.110998986
3.4530820635
3.4495417971
3.94525202
4.055096346
3.343959806
3.4645370145
3.704423246
3.414380544
3.0412078
3.6436209392
2.981925641
2.8438379539
3.2510751637
4.354860693
3.290038241
3.338931829
3.473953164
3.540414399
3.703346667
4.104783892
4.259461348
3.410560455
3.3088201607
3.551501097
4.037177307
4.319397627
3.846143053
3.480533361
3.0941649
4.255778247
4.176559047
3.799615937
4.340182951
3.9955043073
3.925450047
3.33917275
4.003516627
3.6756331865
3.729383827
3.5249749467
3.874377257
3.407164117
3.776445587
3.663528102
4.205086045
3.631454182
4.147617758
4.09342291
3.711258758
3.906987447
3.920210251
3.283461727
3.201550297
3.749655629
3.648954987
3.981331197
4.172985197
4.487048985
3.619440527
3.480951077
4.071161737
3.719531837
4.038187918
2.889194357
3.313916967
3.648516993
3.478163083
4.173862827
3.95211417
3.497243047
4.134390678
4.083633021
3.724529857
4.199344487
3.668712757
3.865400014
4.042684157
3.143927563
3.935429247
3.915956967
3.810731638
3.450062463
4.1912226385
3.493861797
3.132568578
4.314581157
4.667740567
3.809404089
3.628018856
3.9313876306
4.656672439
3.815239987
4.194019557
4.276346153
4.104640933
3.405387187
3.939235277
3.491074627
3.924510727
3.741255367
3.837472184
3.845787469
4.131918539
3.964257779
3.772849286
3.777365202
3.970609787
3.861841769
4.143007117
3.56745585
3.157521477
4.073531039
3.999660567
3.987175537
3.608994686
3.576793405
4.028525459
3.873761477
3.083238163
2.440440979
3.194093114
3.127501107
3.248407013
3.708402392
3.292888973
3.267572339
3.033350606
3.0323668115
2.847613309
2.906353499
3.15099427
3.119963953
3.256061278
2.88510827
3.495405104
3.008106236
2.564145472
4.2289824839
3.107456099
3.359033844
3.070667991
3.034137289
3.073951642
3.0251929592
3.175004571
3.301242948
2.573859426
2.982663826
2.859037205
2.946750071
3.335979194
2.742724037
3.32808336
3.163912243
2.280539499
2.112141103
3.695558902
2.999888804
2.843535044
3.395892049
3.273674473
3.201760496
3.113473048
3.422641083
2.997118954
3.006706711
2.939746685
2.665611236
2.9974022746
3.116648899
3.080352504
3.7279776875
3.046257579
3.062497426
3.889837369
3.992522913
3.0124170872
3.19272083
3.595072004
2.844595104
2.983009494
2.781403546
3.4860349696
3.461636496
3.7927606405
3.158745007
3.798011846
3.233026734
2.678525995
3.343317263
2.883527204
2.520271973
3.501354254
3.278996444
3.661764835
2.9912252293
2.744674425
3.503911744
2.905075512
2.807573834
2.642089171
2.864031487
3.13928646724
2.9707186809
3.227857422
3.219078826
3.1469689034
3.260808397
2.734255179
3.152748357
3.41894974
3.093433727
3.506321974
3.0539333539
2.662410511
3.367033568
3.192115364
3.609811835
3.468795673
3.00545237
3.482249628
3.0916314789
3.060859312
3.543518578
3.608257733
3.962470936
3.32580422
3.48336416
4.021515071
4.1909674539
4.0370931067
3.27020659
3.99129846147
4.46481508
4.17488068
3.468779324
4.083099365
4.465514906
3.852967869
4.25346268
2.841683147
3.58718674
3.242925798
4.6046234669
3.508178863
3.555648174
3.23012499
4.4903318801
3.892200638
3.447803269
4.291360369
4.267297076
3.927508258
3.961163966
3.453608528
3.500609742
4.107948755
3.26776684
3.97580705
3.835661199
3.8107281994
3.917203966
3.969891693
3.38104155
3.734609225
3.359524297
3.123528495
3.265970642
3.0574303159
3.694846254
4.00163486
4.68551461
3.0350075945
3.39624822
4.140583541
3.974152648
3.519514584
3.1017101
3.79044399
3.27217332
3.4136920832
4.29020157
3.82658631
4.03911513
3.479315771
3.8331058
3.95249308
3.2608206168
3.619122891
3.7533537
4.50434215
3.78739607
4.20289215
3.95624334
4.28701001
3.10595235
4.7078749
4.10769751
3.93854201
3.43882859
3.83419895
3.542130803
2.8577368
4.701450233
3.6544700647
3.30709921
3.801553376
4.261189392
4.035390557
3.44592681
4.27073155
4.349642572
3.518028401
3.19592746
4.0417548978
3.33893521
3.38947156
4.020056602
3.04411023
3.34716235
3.78178998
2.913338288
3.65181811
4.047947344
3.9588934891
2.9566387743
3.915842179
3.24617191
2.974086966
3.878258237
3.56680899
3.4111996914
3.5617103526
3.93453054
3.76573132
3.19549627
3.869599937
3.2766792
3.0229768566
3.4800157063
3.79209577
3.33666586
3.605837941
3.07984965
2.942935324
3.3035885
2.841443791
3.186307855
3.648143845
3.331899188
2.85229121
3.44318691
2.67515519
2.959100836
3.73373153
2.891804
3.327639039
3.16171229
3.34457629
3.167244859
3.08032158
2.893067022
3.618516233
4.15522596
3.35275838
3.772156936
3.769102747
3.4865347079
2.72833545
3.83103238
3.070518095
3.43374788
3.520720813
3.9524808914
3.641078022
3.39124334
3.2306654
2.7403056877
3.481926746
3.58989454
3.282964399
3.129155302
3.478176841
3.47281159
3.4715205367
3.2686003513
3.75586767
3.57973031
2.97671031
3.1735468872
4.059048321
2.802764913
4.138470075
3.43884528
3.121970514
3.381107237
3.008189465
3.9125092583
3.55546133
3.85783435
2.6517883539
3.647601985
3.412794
3.646017752
3.052923631
3.47020464
2.98819018
2.90341708
3.931089351
3.168118844
3.19437672
3.065521338
3.35765893
3.183018793
3.44182151
3.234658869
4.730863165
3.6225172705
3.234906172
4.318824697
4.705423119
4.319951182
3.85792459
4.115074331
3.52782016899999
3.743153231
4.126774869
5.212007951
3.938802537
3.5101558786
4.501325943
3.534315286
3.828550498
4.023286032
3.842792648
3.913536401
3.652647394
4.407736249
4.132422868
4.470797939
4.398172588
4.255160297
4.169254979
4.174349231
3.302815199
4.002442471
4.147925721
3.729810249
5.143169199
3.790076779
4.604283349
5.109842469
4.684315108
3.706943737
3.481895119
3.950145615
2.897867331
3.985205552
4.234834379
4.296353409
3.674334258
4.035637908
3.593022862
4.324744541
3.886878729
4.344248087
3.411956669
3.619364922
4.12060838
4.138915229
4.530130591
4.0590317614
3.6617072085
3.872116135
4.108200087
3.992224129
3.319088539
4.379824045
4.153326699
3.82405471
4.695716181
4.910275269
3.737130359
3.412142358
4.068663942
4.956800799
3.298570518
4.349045789
3.883589232
4.222152181
3.681044537
4.926353892
4.215401389
4.487674509
3.818749679
4.090780364
3.594296289
4.308854949
4.765467569
3.875726383
4.468469594
4.570692938
4.328709945
4.07082027
4.4279175976
4.027926801
3.768347075
3.744075987
4.088020029
4.607360991
4.018169373
4.134483726
4.5980120634
4.299149998
3.620488329
4.2532689288
3.764269909
4.288039289
3.1136516343
3.22384399
3.42240074
3.320711248
3.35634678
3.638243493
3.587121882
4.06335036
3.98110876
3.634371162
3.74820101
3.91351797
2.98017561
2.92064424
4.10426338
3.005001775
2.84863458
3.11870709
3.29757653
3.94587005
4.34493556
3.688550092
4.3331944778
3.405841738
3.107156187
3.32158438
2.835687825
3.792765234
3.95088059
3.094342806
3.0052162
3.58895124
3.01581641
3.203909038
3.98427897
3.0754268451
2.86330377
3.07163812
3.143466886
3.45497353
3.3399726
3.773324686
3.133099579
3.0905666473
2.77533538
2.784006406
3.209652366
3.183028752
3.972598807
3.27737537
3.396058553
3.940058265
3.310513698
3.51586821
2.65298859
4.891032434
3.17080854
3.38540491
3.2566078
3.55626485
4.188127788
3.36829949
3.7478897774
3.67372258
3.13083093
3.132507035
3.62340317
3.303827715
3.98241515
3.1572354537
3.26401991
3.582893658
3.04316151
3.6243821
3.566230095
4.00112187
3.39753957
2.75963598
3.706780547
3.12945128
2.920499324
4.031932429
3.58738978
3.747382632
3.276049068
3.91728047
3.6419644
3.534487618
4.36733694
4.009273413
3.35031137
3.50291129
3.66679987
3.47796465
3.33716941
3.677106068
3.84172169
3.15850521
3.013278173
3.967071214
3.659200667
4.359041746
4.371949504
3.7953967385
3.7182181792
4.07564212
3.6863763279
3.61206019
4.16806161
3.849014477
3.9860230715
4.1071842845
3.664171651
3.96946803
3.1858897641
3.031602286
4.06905008
3.161951226
3.9931448
3.721441171
3.772988838
3.62544549
3.942549436
3.70946552
2.9874574643
3.664410319
2.946848152
3.965065621
3.541137705
3.94463918
3.31710965
3.947007564
3.26546595
4.02654137
3.4973283118
4.2426957318
3.543865642
3.526043226
3.268533696
3.55978096
4.028276446
3.539609216
3.949573295
2.82500092
3.654966313
3.436296696
3.154843479
4.1981349586
3.852855195
4.236237795
2.61020157
3.470731173
4.546308899
3.702316292
4.02237435
3.97713999
3.76991705
3.66370065
4.56726405
2.9522073
3.202166926
3.67632855
3.748087981
3.76312218
3.695366589
4.701083526
3.267566858
2.953883249
3.6653527
3.727803872
4.301716446
3.833117046
4.07401555
3.615882441
3.6605608
3.964771493
3.75360274
3.907030414
3.196345782
4.652259768
4.03891176624
3.482326256
3.259105506
3.150453236
4.188275614
3.083752254
3.58039257
3.3155823799
3.868741199
4.2266094423
3.17545957
3.051845933
3.281334606
3.305555604
2.79067905
3.814888259
3.336568669
3.8625748
3.6464846684
3.761641584
3.51908886
3.1460830955
2.9034688981
2.97962261
4.310674924
3.616385627
3.68992681
3.4674661875
3.454120478
3.365459261
3.01898848
3.4513007599
3.006052897
3.7081894375
3.42599275
3.474019717
4.0450534764
3.876255545
3.3224470872
4.18913366
3.079399766
3.5380329858
3.364856154
3.53533635
3.969650348
3.03099909
2.738795366
3.05594957
3.251616658
4.048680843
3.214022254
3.568681843
3.57245414
3.452840611
3.015279046
3.57217813
3.0537055832
3.018288583
2.859911142
4.111414862
4.0312817142
3.669378461
3.277891068
3.079136695
2.884487495
3.229115943
4.66439601
3.868169446
3.59206239
3.629959916
3.5087846656
3.534075478
3.661847665
3.147039174
3.1171120688
3.594986919
3.5311074495
3.5790232149
3.690246461
3.443383815
3.831950626
2.479397781
3.718699346
3.18643669
3.338948389
3.174918574
2.555482303
3.42792164
3.262455195
3.579973346
3.123225922
3.62038561
3.918642905
4.23952031644
3.3529961
4.04906245
2.710568777
3.424654311
3.850454553
3.114625742
3.459062894
3.2519980281
3.344595881
3.59563109
3.774401634
3.15273265
3.921479994
3.778093453
3.654051206
3.515616893
3.215929272
3.2278298
3.9882986
3.493615861
2.884787939
3.5011397591
3.538603857
3.90812785
3.296414361
4.433051686
3.37265331
3.101767326
4.034545784
4.075786836
4.2855857554
4.497644497
3.387449706
3.41847526172
3.565019976
3.873741385
3.721641566
4.075904446
3.283892966
3.469618238
3.427519986
3.111581614
4.039956866
3.353073376
3.956750373
3.9576673236
3.497320726
4.423828377
3.5537066858
3.835605546
3.789263753
4.577789462
3.142082873
3.828835065
4.256019076
3.9110698454
4.686117132
3.561759319
4.125541337
3.175176364
4.109536046
3.919368208
2.973368007
3.771349846
3.97297295
3.89909734
3.379047066
4.131584696
4.306672791
3.38934061
3.547202881
3.4168331719
4.197165519
3.968685466
3.116343303
3.736945013
4.01070339
3.572262568
4.6594659844
3.787422201
4.009157918
3.4615427763
3.6783205605
3.233021686
3.515133116
4.151269525
3.184557434
3.462782114
3.9593911224
3.747904059
4.222416118
4.511431567
4.1611717033
3.371978895
3.588312556
4.034874598
3.379054393
3.905033489
4.424246656
3.557152073
3.165506843
3.756597746
3.212276547
3.229921369
4.455238822
2.729753279
3.337952458
4.271252542
3.256865609
3.583086486
3.821703154
3.574254041
3.219876803
3.825064339
3.036077874
3.333954223
3.772299469
3.7645087407
3.51814166
3.7911882845
4.103399833
4.0280394798
3.2873897422
3.3970145308
3.50275531
3.9540175878
4.807137453
3.67213128
4.59093447
4.193358408
4.48715677366
3.926267211
3.9620496113
3.672647202
4.096398872
4.7562165103
3.593649098
4.31070137
3.679261494
3.914620339
4.33107177
3.33531326
3.996718808
4.133527241
3.45402566
3.365875201
4.075251342
3.928951053
2.74544746
3.14842132
3.210682445
3.58143709
4.215961852
4.57948686
4.00847764
3.3991893421
3.22753421
3.824965742
4.36874273
4.295534191
4.280108712
3.71344376
3.71979719
4.050210658
3.18187106
3.94333299
3.88366363
3.73994952
3.708527945
3.38657202
4.47452252
4.220995828
3.216485331
3.803543675
3.46344221
4.232784889
3.43756247
3.98122187
3.996151141
4.184639497
4.261786775759
3.87309169
4.10658514
3.24142377
3.55555339
3.28003372
4.34005295
4.23811204
4.01044002
2.9967278
4.195521292
3.560927579
4.629745166
3.64362977
3.436165036
3.62911049
3.100914604
4.063004378
3.655777181
4.207610867
4.385179127
3.314719936
4.084385024
3.469858202
3.89103109
4.067601067
3.577745929
4.020263284
4.22725655
3.649084055
3.557520207
3.73612684
4.1443284795
3.5525325
4.23634261
4.2465806209
3.59131472
4.361251374
3.89644983
3.771216814
4.388052186
3.6708683478
3.792359006
3.86756015
3.63669751
4.642579464
3.256813001
2.972068167
4.068088805
3.380348789
3.807272041
3.600514044
3.733714113
2.371099617
3.712352268
3.370888065
3.570324841
3.600708512
3.125691455
2.647105976
2.628777475
3.364270252
3.763323279
4.327729601
3.397508037
3.194470038
3.528754525
3.496159298
3.214230531
4.400629022
3.09084443
3.320734741
3.79495854
3.338940679
3.424558722
3.273007449
2.892014582
2.981720787
3.338974356
3.537388903
2.861213237
3.1638221577
3.810969519
3.069511926
3.4853184937
3.337114053
3.258480602
2.871567509
2.993661666
2.83743192
3.212461529
2.906728978
3.179622302
3.858627675
3.337566837
3.264561165
3.080455051
3.774893951
3.20958804
3.152812708
4.205628085
4.039706574
3.68123715
3.539579307
3.716293836
2.372727501
3.352004073
3.942576391
3.764118559
3.586029487
2.784598632
3.077933015
2.8104441
3.480489859
3.110702755
3.733942386
3.011261853
3.072954022
2.865089198
2.864285809
3.543718985
3.04273043
3.959573525
3.149948834
3.153576886
3.5362221676
3.171395276
3.619558404
3.720872109
3.817407895
3.9847751045
2.901167578
3.2060117375
3.332966168
3.596267182
3.6666261391
4.478903975
3.625756207
3.276049894
4.1894875107
3.557344719
3.267012909
3.578528547
3.760204438
2.866013619
3.202677647
3.001979262
3.75083278
3.288379921
3.2896230369
3.573597966
4.12902519
3.171674892
3.343739783
3.711722043
3.37269141
3.719300606
3.12408569
3.2758601173
3.157511942
3.0351123828
3.4775221404
3.072243769
3.112337796
3.458416165
4.092859831
4.003294488
3.29887038
3.912310154
3.669074195
3.705708338
3.269716926
2.808154831
4.55402805
3.41643264
3.463474739
3.924901391
3.838073187
2.926120877
3.2456405486
3.78514366
2.84654012
3.639598277
3.653569844
2.8447956308
4.447297755
3.4447098841
3.637392133
3.27711508
4.45079031
3.643605252
3.3914708842
2.879417247
3.3479466174
2.783978279
3.540475656
3.589546872
4.077172551
3.99058835
3.48692715
3.4721890136
2.60784202
3.173179812
3.553666469
3.55090387
3.113086503
3.097055831
3.784035572
3.23787911
3.192072704
3.433667623
3.489590358
3.31326001
3.291177608
3.56169677
3.552997224
4.01967902
3.374080563
4.0452894579
3.98196982
3.747988564
3.4517179861
4.1126020082
3.340244754
4.04115655
2.982498096
3.298409334
3.64402865446
3.7796884933
4.225763471
3.302367676
3.46432288
3.22437536
3.201882661
3.267972945
3.7089462776
3.938505757
3.448393255
3.269248725
3.538767036
3.953957076
3.570198572
3.47073011
3.633570903
3.663665436
3.473956428
3.838561372
2.782436038
3.95591774
3.268599586
2.680889803
3.13007303
3.859000542
3.575917252
3.48410406
3.128802395
3.776318946
3.23179757
3.862541183
3.1960858825
3.49745541
3.519336795
3.3773577846
3.828229035
3.546145929
3.321965542
3.015108616
3.746274388
3.7284872664
2.638618129
2.6844649455
3.219314618
3.489880831
3.328000996
3.212884578
3.775833356
3.661143954
3.636294967
3.059713422
4.019780632
3.28199286
2.74459885005
3.393957237
3.550353863
3.162969978
4.030837972
3.165535182
3.425867696
4.416471402
3.380723267
4.048850815
3.643745436
3.772287566
3.257015388
3.3018232436
3.917903765
2.917674063
3.61015356
3.552776976
3.281823243
3.512991411
3.713724372
3.864665928
2.97562185835
2.768557406
2.8917009194
3.727466977
3.342047285
3.649695858
3.519457032
3.103162593
3.681341247
3.701472158
3.441001022
3.582372958
2.982086042
3.2896081879
3.460503673
2.904109215
3.976389534
3.097018868
3.3760889709
3.954392926
3.281464175
2.639516515
3.527543377
3.451280845
3.371555241
3.222260837
3.394799895
4.329755003
3.071912066
3.526080276
4.17364285
2.8507845488
4.035632576
3.5342927175
3.3890704895
2.710378681
3.302555616
3.110414794
4.0687389844
3.766463936
2.8444366394
3.740307179
3.449660355
3.946489762
3.880586714
3.851061922
3.478101432
3.16203904
2.833886133
3.274442308
3.124799442
3.285703354
3.875722066
3.444290497
3.675840682
2.965602164
3.007017248
2.613946541
4.008236079
2.907789404
2.893673526
3.111101429
3.0208320198
3.392887683
3.17011429
2.932054052
2.934228274
3.33943692778
3.472519999
3.517801794
3.732165074
3.669888103
3.05697795
3.250510776
2.84318275384
3.551913211
3.232357818
3.330580216
4.103868085
3.914370862
3.61584915
3.436817772
2.895649975
2.953131692
2.932738104
3.562806762
3.633000403
2.819811814
3.286391537
2.854195221
3.849037518
3.208218938
3.240427662
3.341680966
3.937009334
2.932679003
2.921676556
3.752547964
3.618709177
3.176185062
3.040561631
3.237205604
3.644214163
3.264430234
3.087417684
3.437761006
2.994714154
3.2791876387
3.261556615
3.1146441
3.701621404
3.155244262
2.998479363
3.460554997
3.640289489
3.882916586
3.017783516
3.958133212
3.847522394
3.060888619
3.4963250545
3.48642622438
3.704627894
3.797327602
4.266093114
3.3329897568
3.629488251
2.998468909
3.513975651
3.723776946
3.186001159
3.626891194
3.436005502
3.195386409
3.628729254
4.179581754
4.1920073077
2.95556107
3.1200675175
3.938736604
3.329834864
3.514175102
3.703180452
3.265020755
3.685297645
3.00970279
3.4394377
2.81473939
3.30425744
3.2203076778
3.42054784
3.631039699
2.850883937
3.249736679
3.157327328
3.40881103
3.00954245
2.98435921
3.475054827
3.677973383
2.95390954
3.3870004347
3.5606173062
3.29831369
2.94027168
2.9303297317
3.4400658556
2.5535159159
3.3571516
3.872277849
3.658905616
3.403799781
3.091642757
3.4714743
2.936012023
2.93336956
3.421675306
3.223385429
2.955131726
2.95191726
2.95654707
3.461575081
3.092354712
3.683825617
2.861148852
3.58188336
3.36402617649
2.96777564
2.742667047
3.219980207
3.296793295
2.971357767
3.419287581
3.01316306
3.55536183
3.235191038
3.386654934
3.107926124
3.39362703
2.61517462
2.822967222
3.646795357
3.081336558
2.823967591
3.3043179774
3.05559534
2.813936089
3.140989813
3.496161367
2.86810313
3.645441009
3.492395117
2.612531163
2.923780808
2.843229532
3.0436115574
3.234093055
3.227585739
3.419185272
3.255161797
2.907185751
3.4689423454
3.051528201
3.57841543
3.2930788671
3.428292186
2.9514368055
3.36666405
3.12634742
2.86195405
3.2032482289
2.560488722
3.210531434
3.40903457
3.345361829
3.385046902
3.203328277
3.214975
3.1450097334
3.29555808
3.30734334
2.867492088
3.366510888
3.42292222
3.474222944
3.530979517
3.055377221
4.040920065
3.578851554
3.10797598
3.5423909
3.793780438
3.229307952
3.773913096
4.053668605
3.696012339
3.378667361
3.24634681
3.159996571
3.126032422
3.55743672
3.122708418
3.183065983
3.502871225
3.771754248
2.74416235
2.8212440241
3.95375969
3.035473994
3.48388981
3.480293729
2.909190864
3.221550671
3.355331784
3.754248459
3.09350919
2.811270193
2.5771113125
2.809305161
3.45760558
3.149028801
3.31136399
3.219799366
3.960905754
3.925103353
3.01059923
4.028415926
3.48947592
3.277087689
3.740784603
4.073823344
3.069728287
3.0926456276
3.0246561
4.20045654
3.44095413
3.27037185
3.692651455
2.932408
2.990872935
3.01556027
2.858273895
3.1270165396
3.36218681
3.260530533
3.20686251
3.874894698
2.9255344279
3.10225109
2.770583693
2.574882597
4.025906888
2.856217501
3.728433816
3.4310994859
3.45779697
3.277813088
3.823062115
3.11711607
3.221344056
3.198111722
2.942461367
3.137560954
3.972932753
3.00332461
3.63726315
2.528770951
2.90481827
3.614365298
3.851379507
3.229353395
3.253981547
4.079261298
3.405312087
3.208548204
4.35636352
3.122092449
3.309464618
3.633247972
3.420680345
3.104156628
3.420553415
3.586577608
3.933104574
3.922223291
2.689495606
3.888683665
3.596405879
3.9605959632
3.332935269
4.082167637
3.907782074
3.697246539
3.287193615
4.063157935
3.943235734
3.641151501
4.015303265
3.36712128
3.546147437
3.907537346
3.709374736
4.822090154
4.081427773
3.760614085
2.770630486
4.121567241
3.365207356
4.442434245
4.37010907
3.420413515
4.212039067
3.456816891
4.114801599
3.323357382
4.1435816966
4.128657826
3.975190735
3.409907403
3.555243145
3.593122624
4.183668264
3.8071638638
3.5743459793
3.154276385
3.6340157447
3.000623106
3.738241592
3.376499896
3.773955616
4.070422835
3.553109305
3.479585714
2.727723335
3.449653665
4.16678308538
3.147629455
3.685339684
3.747783803
3.743682097
3.913500947
3.924221657
3.77340504461
3.597813658
4.256879338
3.8221681757
3.89067508
3.694199249
4.164121882
3.399569659
3.9331705414
4.521523918
4.027181767
4.00788141734
4.177818555
3.8000507165
4.284159374
4.150117979
3.577248704
3.736798651
3.899323075
4.377606965
2.966110989
3.567048649
4.246521666
3.488567978
3.91214491
4.715621918
3.967150363
3.590850217
3.379384351
3.6100880814
3.881500316
2.976764594
4.199572025
3.728035525
4.042852485
3.618159045
3.631170771
4.155669816
3.271333221
3.775091035
4.162117321
3.2466106435
2.7067918745
3.4319267065
3.3794125385
4.0689029815
3.3022871935
3.9269140825
3.2705024235
3.981823623
3.6632952055
3.5644871345
2.7957527915
3.5962009075
3.4284554643
3.4009545375
2.8678204015
3.6178061625
3.5108860335
3.3615207167
3.4313829263
3.2462785745
3.3700320135
3.3597015385
3.638339432113
3.6306668295
4.2504801113
2.98504115150001
3.5048573165
2.543716181
3.3407355145
3.0831838125
2.7411966655
4.07784051
3.2536359485
3.592981092
3.3438086721
3.4336754315
3.6046007945
3.3786848115
4.2919168235
4.4696765778
4.2497843435
3.394782902
3.4221427312
3.5245364095
4.1743653055
3.5348688985
2.8981469505
3.4047480494
3.1704551615
2.9127607145
3.8256250429
3.9823436685
3.3248331225
3.2131355285
3.4541491145
3.9276337815
3.2342846695
3.6403297155
3.035815448
3.4747157845
3.6761542782
3.5949539795
3.8245685045
4.9663150015
3.3282133535
2.7518268015
3.0750395837
4.1193105695
3.5081128295
2.6025641445
3.3252267632
3.276014886
3.02102730705
3.2508829655
3.4723488845
3.6168768815
3.7462745765
3.0767842325
3.3536992925
3.26149112145
3.2673671665
3.2083491245
3.7606541115
3.3654009905
3.2746022325
3.2444423145
3.4654060985
2.7406018415
2.8268250945
3.8130203535
3.4041817915
3.9383716785
3.62314549324
2.8793573745
3.6102116895
3.4388671015
3.98776254157
2.9895712135
4.0297791915
3.9814523063
3.697234885
4.00537131
3.346583926
3.459574785
3.612746389
3.366628702
2.9830505831
3.058236271
3.478876823
3.705614332
3.382261572
3.617257184
4.09693899
3.366248651
2.781323042
3.584573936
2.910640046
3.019056989
3.804024801
3.49009868
3.390619834
2.732592794
4.117603971
3.536183385
3.820360424
3.582215648
2.991925737
2.947012985
3.45707517
3.64788288
3.3202860814
3.4596536293
3.812989022
2.902462264
2.797660814
3.176061488
4.0064509396
3.630541859
3.652160969
3.9038070359
4.51375207
3.683546265
3.8664275777
2.905236868
3.45738625
3.553966969
3.790782093
3.681449112
3.267968205
3.277788884
3.937292642
2.786515181
4.19763676
3.0043807515
3.675898595
3.661606136
3.392504195
4.120459255
3.457828394
2.834037045
3.906356209
3.387829614
3.861624054
3.58621072
3.402168305
3.8814792738
3.641040384
3.747181667
4.237497243
3.223342629
3.550457004
3.277284311
3.175428926
3.512142756
3.600218534
3.595466489
3.078720898
3.816365046
3.599186192
3.827577181
3.906957394
3.204950473
3.236676386
3.563320568
3.47755055
4.0588776439
3.590594279
2.711658412
3.735259187
3.891628869
3.4924137288
3.430789974
3.237847228
3.4503517231
3.587707721
3.412352167
4.18149755
3.292803112
3.2946510186
3.159451464
2.962462934
3.279079509
3.414467714
3.3312608802
3.965384654
3.279696924
3.602853554
3.633194063
2.735928988
3.886893366
3.473821401
3.386241076
4.181750046
3.613015234
3.3643334748
3.668064514
4.103775451
3.329032324
3.151293936
3.665638206
3.453875064
3.494407222
3.132912422
2.749753758
3.475557853
3.06002138
3.085762154
3.715060886
3.399779801
3.264018238
3.008131254
3.642519546
3.849650926
3.450521368
3.290705976
3.793056547
3.8691490329
3.787106044
3.297612652
3.234641534
3.588894894
3.353672186
3.85644542
4.097436424
3.099841216
3.065111094
3.747184864
3.258020968
3.461851159
3.461214466
2.821573358
3.111902984
3.581888216
2.909403586
3.713927827
3.412027224
3.501740966
3.486100136
3.051100736
3.5647273155
3.310936746
3.264379924
3.38654928
2.941425869
3.433258834
3.083100918
2.967149727
3.045048696
3.320277774
3.68404080524
3.049991324
3.154664094
3.583768414
3.472102214
3.83490009364
3.727278706
3.482705764
3.316169956
3.1187085016
3.796491349
3.829991107
3.532182064
4.123071357
3.848230195
3.132516944
3.516639543
4.055951465
2.862608114
3.957470406
3.488809023
3.956572924
3.082061026
3.742206354
3.513309117
4.076225734
3.57887213945
3.393704905
3.625189794
2.997749644
3.069449722
3.335025702
3.021014743
3.124192804
2.740347364
3.672949919
3.019940021
3.161061979
3.362237508
3.000462465
2.925504731
2.916012611
3.48027089
3.1086294765
2.794850941
3.3879052517
3.629400572
3.292764323
2.515540204
3.876057717
2.911062199
3.770094486
3.090368806
3.320397321
3.676213791
3.2525636749
3.565551904
3.637905149
3.666641891
2.776685919
2.784363413
3.610320972
3.4724923
3.308241999
2.989172949
3.289172714
2.783232895
3.201023419
2.920576059
2.918766397
3.623597719
2.927392055
3.127719849
3.620880821
3.844201059
2.970003439
3.671342419
2.966187172
3.83688348
3.119071256
3.8618243446
3.013640169
3.302741399
3.494555999
3.369082008
4.203241559
3.5935097516
3.360562094
3.038950771
2.792030909
2.872312665
4.227320884
3.464878969
3.48112574
3.300144743
2.78878873
3.129638765
2.583459924
3.337621999
3.457742852
2.41278245373
3.728162039
3.193170755
3.372018269
3.431934827
3.722716538
3.408145751
3.308355171
2.472259684
2.877263139
3.609700947
3.804391049
3.218859999
3.873203478
3.422771759
3.273855304
3.7582106428
3.170280333
2.802095515
3.166618059
3.074586531
3.392030789
2.827296273
3.535555534
4.290193569
3.378412061
3.1068774054
2.971606139
3.486022629
3.154301993
3.394115084
3.964929676
3.5281562154
3.7804050964
3.9962549161
3.822772121
3.46024663
3.949910394
4.262651583673
3.1781692724
4.230703677
4.151076226
3.373965659
4.206497517
4.065382676
3.518928881
3.957854656
3.71856381998
3.372005028
2.93393265
3.534429456
3.448397256
3.467209887
3.970680646
3.618571665
3.481818749
3.482359396
3.415674773
4.484535986
3.8717907843
3.263975327
3.371654129
3.697823609
3.895731074
3.785481523
3.014191896
3.579611115
4.266112537
3.704444776
3.9388863356
3.416641241
2.707800356
3.694172919
3.4386620452
2.954497346
4.0998673053
4.036754091
3.409940484
3.140975089
3.670826751
3.206348675
3.230660867
3.5407211563
3.244662499
2.9695175469
3.014879994
3.545642966
4.049230356
3.126945853
3.8363662584
3.512665739
4.0384617183
3.9491858216
3.210377428
4.4792248558
2.904697366
3.022029997
3.297675918
3.379038797
3.7885446683
4.4540924006
2.877070094
4.082227094
3.866739808
3.548995383
3.8423277128
3.9654099677
3.6472071952
3.146170136
4.235484116
2.883741234
4.260261646
2.721892093
2.8777857801
3.5668042105
3.73481227
3.6327628105
3.546065606
3.9340267293
3.78112875
3.6253731883
3.427381836
3.3050138605
3.633553499
3.309695706
3.6544709544
3.9643817485
3.9175954369
3.825842638
4.169478185
3.47328917
3.266921227
3.9457924
3.841496997
3.34817521
3.444503091
3.16468867
3.336832838
3.748822973
3.108996618
2.766439558
3.469293384
3.226459651
3.449492513
2.8768672238
3.740658135
3.061904417
3.405226075
3.656496103
3.1542476449
3.5979608942
3.108357889
3.593503422
3.115330737
3.278691083
3.659930141
3.056675209
2.70387052493
3.392420865
3.704636421
3.2860689262
3.490046455
3.568994125
3.012671478
3.180261751
3.9804718892
3.461873273
3.546381053
3.59786005
3.059840687
3.521433205
3.189781511
3.108616778
3.853108445
3.333008062
3.34968194
3.316066068
3.2016839244
3.188752081
3.3176359625
3.08542906
3.94229534
3.445266913
3.5942063342
3.683912385
2.995018541
2.8386628121
3.496115712
3.53102038
3.732735247
3.455528915
3.415301138
3.629493484
3.401905735
3.70421691
3.025663011
2.8294617465
3.4038817787
2.84828849
3.374564205
3.587062511
3.380591874
3.3471291263
3.064892528
3.52818283738
3.006034987
3.1125895086
3.359146596
2.994478437
3.3428162749
3.103618479
3.4541173017
3.20015820225
3.569698213
3.146155061
2.87627011
3.153392432
3.0983271833
3.124419411
3.293963749
3.353984752
3.2247383057
3.570220239
3.4770606418
3.543258209
3.268575303
2.962862865
3.163210591
2.705942266
3.32960405754
3.805114532
4.17932433
3.708899595
4.178682419
3.129977245
2.8600462235
3.22427775
3.6275645255
3.88646563
3.990880485
3.1635774345
3.44500812
2.795667499
3.239842904
3.18033266
2.764761698
3.71749778
3.56368687
2.91531778
3.766631452
3.7151898
3.597885831
3.77788389
3.287058847
3.4651116384
4.22729946
3.290461806
3.122274246
3.256260205
3.562321005
3.204779831
3.757955956
3.31398354
3.91857777
3.30361133
3.652052109
3.038477103
3.98604205
3.30192431
2.94663395
2.83338208
3.46737651
3.469415128
3.836187093
4.024420519
3.67727325
3.02945437
2.920197041
2.93822358
3.42237868
4.393704729
3.62601054
3.623843776
4.330950652
3.534024049
3.86020186
3.493855215
3.30121737
3.37769093
3.042904125
3.780055927
3.64294741
3.276147882
3.546694626
3.49768221
3.234293022
3.42150092
3.47690277
3.00394187
3.709753555
4.12116214
3.20054025
3.58291447
3.54439942
3.43775555
2.987243567
3.275507986
3.092898274
3.58537275
3.43253521
3.26587245
3.703777075
3.94764989
3.27901323
3.608679316
2.590702725
3.640479125
4.0480946889
3.59272669
3.73988323
3.490813602
3.29219514
3.657178823
3.871980777
3.358034985
3.2103200118
3.87196296
3.307305008
3.21204679
2.915416822
3.466191128
3.133288734
2.866028569
3.126174422
3.295642497
3.138955939
3.405155259
2.688152263
2.729267028
3.222308647
3.097242149
3.122038691
3.505232851
2.819357118
3.617348269
2.602359931
3.303435303
2.961152747
3.144997122
3.4033828035
2.673033351
3.410321644
2.617611642
3.199516499
3.2444388455
2.925232815
2.918973707
3.199805265
2.775471011
3.097373714
3.302801289
3.198142989
3.621935539
3.307199497
2.725231592
2.872906361
2.746189601
3.056775721
3.182125224
2.94825277
2.679081199
3.4111751714
2.436059023
2.445281463
3.315698145
3.255215615
2.781275631
2.568576549
3.142594349
2.681329459
2.6197361684
2.780733673
3.473575105
3.183147299
3.882976842
3.355750449
3.320783109
2.604036009
3.681075072
2.49978239
3.35553851
3.176193752
3.200298622
2.984283399
3.01857312
2.800135102
3.214842139
3.706137811
3.003109791
2.6012867061
3.266698389
3.02482559346
2.820090859
3.0813539059
2.639804692
3.048459931
3.252193188
2.4010008274
3.39432346
2.622909054
3.366334905
2.591499199
3.165267786
2.247139251
2.723961519
2.6370252183
3.252918256
3.388288873
3.959067949
3.173992661
2.762579844
2.734333341
3.308703976
2.69957452
2.906849709
2.6301960424
3.386383249
2.593522164
3.213433449
3.6785829692
3.945259678
3.537878372
3.731585313
3.408615483
3.14361293
3.58222213
3.419709875
3.44171822
3.821074734
3.027594372
3.80862275
2.927986074
3.482567728
3.397790075
3.658323267
2.7666251
3.60705001
3.447825489
3.743784646
3.468277586
4.152954803
3.577867057
3.0461502588
3.990784733
4.0377199121
3.07439275
3.213136984
3.47636392
2.95025941
3.559673565
3.890600485
3.798408559
3.752143431
3.4120161318
3.427665583
3.108142195
3.235425397
2.71406762
3.3965011948
2.914688074
3.00486135
2.4687391215
3.071161586
3.121160135
3.5975517406
3.4543772005
2.752991576
3.61965088
3.521654524
3.129774715
3.440218104
3.682535783
2.733155317
3.661407155
3.692690817
3.436702195
3.333480552
3.217086162
3.09734994
3.743268192
3.645800537
3.619559809
4.40182951
3.14750901
3.413417605
2.684310039
3.245530134
3.95753509
3.146322889
3.152858064
3.172171227
3.14979357
3.36473567
2.9718383194
3.313863985
3.1821802
3.603468929
3.778849443
3.571033603
3.100232265
3.936376358
3.109226454
3.72606116
4.1435576
3.791961975
3.81128276328
2.750911321
3.555893384
3.941015142
3.628435479
4.043955195
3.405946325
3.459029294
3.29690665
3.863573724
2.884124827
3.550655479
2.438954123
4.021542132
4.382012369
3.782560534
2.759022564
3.465980944
3.7278755794
4.142721996
3.68225085
3.128543609
3.7542397349
3.529195268
2.9260766969
3.648967081
3.59132393
4.055297965
3.808645749
2.711888998
3.748926475
3.413081419
2.96576634
3.7528679968
4.0016186296
3.993877126
3.48051093
3.074122575
3.675310147
2.714299311
4.370081994
3.675651452
3.51538838
3.1305950327
3.67273449741
3.614327521
3.728021611
3.4411225783
3.6521865242
4.1097596243
3.079057318
2.4573487997
3.0495525295
3.638984739
3.37750728
3.521392206
4.001987863
4.177314943
3.092887511
2.993249391
3.3516440658
3.15404922561
3.054039611
3.61561689
3.674636067
3.9385037
3.8877879
3.147733042
3.03534887
3.276480411
3.53996072
2.476839026
3.227143674
3.589513445
3.727280124
3.717577943
3.845619997
3.6472279405
4.0260348
3.792169607
3.1268364
3.865276665
3.26587668
3.0465436595
3.43338033
3.65860301
3.594841305
3.043326227
3.913564208
3.64424862
3.255340627
3.617961968
2.962654117
3.489010444
3.43947622
2.778157582
3.488454822
3.492876689
3.770527749
3.3380212907
3.6945131134
2.669857852
3.339639146
4.0024623033
3.6524974685
3.32085748
3.303649965
2.919974058
3.195693076
3.774029149
3.197424085
3.167149786
3.6067576
3.373097215
3.438087411
3.2824744
3.4929133373
3.5155873588
4.2914030675
3.802680892
3.4471711115
4.301247108
3.996616162
4.329633546
3.244721622
3.764824202
4.007088259
3.18364061
3.795030194
3.687762222
3.605282621
3.860025897
4.261161454
3.75252599
3.6646123371
3.917383808
3.529164402
4.243169488
3.553531382
4.253410405
3.985168196
3.793138762
3.336472107
4.063654582
3.695043102
3.787799752
3.891193241
3.879061096
3.626727947
3.768348162
2.69412924
3.306154072
3.96416853
3.985201827
3.673561893
3.962576384
3.819478489
3.901756609
3.521472932
3.619578271
3.422248861
3.745900585
3.890126222
3.483545431
3.216068922
3.960309732
4.2401396431
4.202739822
3.3621212389
3.919417222
3.852996782
3.870178265
3.9456706407
3.996789158
3.494406103
4.399563172
3.844195148
3.263789326
3.207015368
3.856371179
3.460890575
3.015747148
3.821279561
3.843384401
3.648106504
4.130207626
4.338708143
3.407272879
4.229629962
4.017166222
4.149815646
3.907853782
3.564117812
4.191027781
3.852798625
3.665954452
3.386542338
3.082096464
3.488323973
4.098995087
3.375741928
4.06236852
3.987931482
3.555194249
3.902980564
4.018016592
3.877551979
3.593980043
3.971230845
3.384947374
4.021090922
4.125348422
3.792286257
3.90664208
4.087420792
4.339154783
3.39924949
3.523695451
2.9261951545
3.528213303
3.544106516
3.797574257
3.50027096
3.403219873
3.094324085
2.804936419
3.376825092
3.184099915
4.075087173
3.688264769
3.34126629
2.606224894
3.473310626
3.777279778
3.03714653
3.13318302
2.845295145
4.23585859118
3.697555436
2.893822015
3.064235883
3.464223024
3.327665661
2.784520156
2.615103786
3.369160714
3.125598986
3.53739735
3.155395016
3.303742606
3.5619832913
3.011542414
3.541200705
4.361604423
4.041746397662
3.268111766
2.962641756
4.139862556
3.300202651
3.412596856
3.215990768
3.475553647
2.999855985
3.063806976
2.969572996
2.987425228
2.490301843
3.630763583
3.6537481993
3.125730798
3.063736035
2.955854085
2.5854895375
3.383339625
2.770417654
3.500078303
3.870063576
3.327774649
3.206614046
3.098295765
3.674251882
3.717273014
2.939549524
2.723766269
3.194938887
3.185824961
3.918968044
2.533424451
3.424130996
2.921741156
3.626510498
3.542023431
3.133424156
3.039021884
3.136555941
2.569873646
3.575693673
3.340977186
3.334062898
3.657289443
3.129843856
4.213332514
2.898514618
3.525521058
3.175536726
3.075138355
2.840564119
3.15012263
3.534831145
2.758760996
3.660389666
3.529395473
3.498513531
2.593655888
3.4554555506
3.285092041
3.719736592
3.213360839
4.215321085
3.802620703
3.446431032
3.45161776
3.2108279216
3.263625645
3.744800201
3.215963164
3.684064748
3.792175885
3.407119932
4.468419175
3.836765025
3.678847985
3.651082738
4.400391675
3.334648934
4.076921705
3.935898883
3.558428264
4.191050355
3.520906444
3.792489505
4.450561545
3.5283643285
4.090753391
3.311632097
4.117898465
3.38904518827
3.270044571
4.012429517
3.64702729
4.254545355
3.696644348
3.372333424
4.153765615
3.5873856304
4.390831115
3.6624290643
4.008511498
3.9331896039
3.284608181
3.32942301
3.879919358
3.405418236
4.508845435
3.269979947
4.601421047
4.2010725682
4.411914477
4.160934105
3.513776285
3.731273678
3.93370489
3.555042235
3.065907081
3.71312855
3.845860861
4.391824279
3.673106385
3.605932265
3.854763795
4.525654298
4.29092778
4.151452447
3.681057625
3.8167539858
3.562497779
2.642680335
3.379139815
3.654627257
3.472591174
3.277917942
3.6639392054
3.794850545
4.130151067
4.130057506
3.72919957226
3.288391435
3.749243338
3.991578372
3.573496901
4.043555955
4.126825101
3.820873021
3.4923698306
4.191473523
3.489575911
3.932293606
3.852818944
3.47062378
3.216269595
3.141972087
3.448547695
3.451287951
3.520703397
3.946779304
3.198638105
3.3047993636
3.498105987
3.683093654
3.614740265
3.688303891
3.999734173
3.842745288
3.789028383
3.440776396
3.963173024
3.952344119
3.304669135
3.264035632
3.861492845
3.268637285
4.004533615
3.20811678
3.365439345
3.933032221
2.840110164
3.858227134
2.880448955
4.026938175
3.2673471577
3.337567005
3.639976666
3.873765034
3.522147005
3.386965997
3.742202352
3.631329484
4.094786411
3.986273173
3.796923985
3.574559933
3.461901487
3.160203145
4.094963835
3.178631373
3.788974205
3.611079819
3.127582525
3.451111585
2.735398535
3.804658384
3.578569157
3.825588751
3.888371489
3.368213768
3.362293648
3.5246364291
3.84743705
3.014859636
3.259796615
2.760978116
3.983301923
4.4642292164
3.548093796
3.661715369
4.081402074
4.1574130998
3.395365924
3.68176018231
3.8762431346
4.340333561
3.778716604
3.5106484167
3.719261453
3.805441777
3.885401628
3.5776681253
4.0530407711
3.608495029
3.507596375
3.728941215
3.765735555
2.840323775
3.813741117
3.531301398
3.546915335
3.246423758
3.570845255
3.287155515
3.102564397
4.017122627
3.431837556
3.1334548586
3.092328486
3.4581374045
3.702384746
3.377162414
3.816092335
3.842890374
3.870069898
3.739277505
4.254701045
3.685242448
2.843880031
3.734870914
3.2308826
3.32742348
3.320706198
3.35496247
3.3743681915
3.00352544
3.573024127
2.970359166
4.061806589
2.913211438
3.04788552
3.283611025
2.854824544
2.70265385
3.116645285
3.19820573
3.28246059
3.528540814
3.277315197
3.468155074
2.919451175
2.698092275
2.97689563
3.144654295
3.52073484
3.374134346
3.158718239
3.399094975
2.72183055
3.71388337
2.964242634
3.65485392
2.86538528
2.697135089
2.8079011903
3.06185285
3.0514178848
2.958237395
3.769939948
3.362303195
3.49581648
2.638717544
2.958085126
3.237583404
3.509021457
3.011148392
3.334552582
3.11801619
2.76806611
3.949187517
3.52520661
3.390049478
3.371340714
2.7887081819
3.821689878
3.346960157
3.437395065
3.063172529
2.599329725
3.65963178
3.5572121
2.675471943
3.23105234
3.172930344
3.430867515
3.512255021
3.080879733
2.712280715
2.789944799
2.9967125845
4.06501763
3.23689247
2.736740311
3.095257388
3.4882426
2.976175749
3.7321589615
3.21402136699
3.76396686
3.945655664
3.637286255
2.893285469
3.083982267
3.68710392
3.63280527
3.8641805865
2.55565914
2.906093355
3.06661866
3.12554259
2.96776278
3.04051009
3.301956154
3.675202742
3.36877164
3.297107533
3.2567475535
2.469961195
2.9549049
2.916169171
3.21493149207
3.46914714507
3.91384808693
2.81825289293
3.95668379807
3.14924433993
4.06863861393
3.52046899493
3.06677183807
3.45078400707
3.69362766507
2.78729084007
3.10355794593
3.47932864693
2.95028676193
3.27775817783
2.63897029493
3.04454004093
3.29704169457
2.83416583307
3.13253872693
3.72505102507
3.33064913793
4.08551239193
3.53236754093
3.30334561793
3.34209556367
3.47320459293
3.10005548207
4.21694344193
3.46947345746
3.56779059293
3.58836558507
2.92107540507
3.32274530507
3.58717834693
3.46193839193
3.26986134793
3.19658868507
3.48316290193
3.15977193573
3.56300759807
2.81174016093
3.03446459893
3.27302848507
3.50014464497
3.21673444507
3.42713993293
3.09134214693
3.75198351507
3.38435281793
3.60486076893
3.69078147193
3.93859370493
2.62072733093
2.97877150807
3.14037289307
3.35723296407
3.69711952897
2.95422056193
3.22193539507
3.70195672007
3.07408193277
3.52495431093
2.56728492207
3.21614432493
3.50588396147
3.46393079507
3.26199700693
3.54569504193
3.42308991703
4.08096160489
3.43120698393
3.18671398807
3.40595930693
3.36156613507
3.26477010293
3.16073169493
3.65910023193
3.12817331793
3.16772095507
3.15137374993
3.66662927507
3.76786856093
3.59341457507
3.87124858007
3.34620795817
3.77852129693
3.54372793207
3.45997441993
3.82187040807
2.70483388507
3.02727202863
3.04896512693
3.12171278693
3.74791901193
3.33439256093
3.27376501557
3.47425270733
3.74873546607
3.205768086
3.518700327
4.012860717
3.076112824
3.350702967
3.2430753402
3.313890142
4.1166342433
4.237458824
3.269670296
3.896605555
4.035467514
3.402491779
3.724493721
2.99934876
2.958344053
3.896996356
3.431434071
3.325583848
2.983173864
3.48395229
3.29245686247
3.44076623
4.625361109
3.324923212
3.679324964
2.871785737
3.6909537848
3.540222253
3.505414836
3.6499541547
2.688247493
2.800088064
3.376146782
4.0602286461
3.448058546
3.381310094
4.13775922
4.070700138
3.018249963
3.342967916
3.031622664
3.169872441
3.486137124
2.945252526
3.437198828
3.788500044
3.928198882
3.60396096
3.2600833345
2.9069345762
3.47489754
3.701822872
3.283290266
3.733434986
3.974498391
2.9989181552
3.755012651
3.343558416
3.7127253762
4.264580202
3.661653523
3.279149459
4.337661571
3.191820213
3.525967328
3.760123739
3.525944016
3.029923082
4.014874866
3.394297027
3.363878226
3.433647012
3.5445477785
3.815578907
3.863182254
3.656867709
3.3502858326
3.416808878
3.824824654
4.232939312
4.088759866
3.934829176
3.525536561
3.37030218
3.580105656
3.088060519
3.557565574
3.350972359
3.7192704219
3.212504772
3.680058166
3.96744125661
3.655479031
3.908592644
2.932105098
3.654737891
2.941156029
3.795560036
3.360211319
3.430570595
4.2663472002
3.8055301918
3.4330412242
3.6469251012
3.5797790772
3.5029580702
3.2274877222
3.1625822522
3.9696315357
3.9240666292
3.8295325251
3.6334770012
3.2662636782
3.9887148032
3.4570220608
3.6500407892
3.4613391509
4.5884788628
3.4685702512
3.6363479078
3.318846029
3.9962839238
2.8201106402
3.9629111732
3.9850876052
3.6025798122
3.3555214572
4.6707281642
3.5349193012
3.7893404572
4.0250976342
3.3737240293
3.0816020758
3.3718701415
3.4432335872
3.3129372322
3.69018837
3.0296819432
3.5887944122
3.7658112892
3.7000284542
3.599583613
3.9580781452
3.3746107169
3.0404750332
3.6473042642
3.8378194602
3.7244845288
3.3355000404
4.3825461912
3.6840958968
3.3614936162
3.6644278332
3.3582408292
3.2566823162
3.6320418912
3.3494251878
3.5158088952
3.5187922642
3.3682315252
4.3832155692
3.4182884425
3.3682879378
3.33396828182
3.7173339398
3.3244712102
3.8257219318
3.4975594672
3.5455415158
3.0923900418
3.4729746552
2.863596315
3.6610137242
3.2478976036
3.9282871532
4.5547510662
3.8828619032
3.0147241017
3.82734405539
3.6760050742
3.6626762862
3.9953825233
3.9548721502
3.4201750628
3.9115504182
3.4148846142
3.5229239278
4.1400356312
2.9394004165
4.241203094312
4.0919786508
3.9708122269
3.6827650652
3.4798325338
4.0871778192
3.7808850602
3.4707370492
3.7670294678
3.9193950692
3.3365963472
3.7972808563
3.674622868
3.29603444
3.58675843
3.78098635
3.518841496
3.86464083
3.961251047
3.5724594238
3.461590547
3.159744557
3.765939766
3.703751933
3.737913239
3.649537461
3.63695223000001
3.752901328
3.65879164
4.054131359
3.885234525
2.800515233
3.75571234
3.516605405
3.40021246
3.9035034829
4.111317579
3.897859364
3.73275339
3.803504605
3.17249829
3.36103127
3.448634169
3.649386867
3.36136165
3.370219979
3.639780914
3.89842995
3.53906149
3.58196253
3.422809941
3.29187379
3.072470169
4.35668158
3.5547086
3.797522601
3.94774813
3.43136115
4.181833709
3.259528289
3.13051341
4.016757662
3.582161336
4.117040582
3.91079077
4.16801691
3.873841617
2.916436891
3.47697371
3.851442858
3.53974991
4.035538565
4.1839278903
3.239712803
3.6422275891
3.15747476
3.80221471
3.13944984
3.49407297
3.77411157
3.955242679
4.445082466643
3.644847988
3.599842196
3.403275487
4.004998207
3.84345108
2.807411813
3.146037045
4.188418361
3.954450123
3.022303075
3.88106477
3.791527382
3.6213629112
3.718513928
3.49825947
3.558468647
3.65837803
4.07452701
3.44314657
3.877729953
3.74393482
3.624260631
3.84401425
3.49824688
4.059503325
3.39164336
3.551558815
3.569461303
3.585364184
3.054587463
4.1100092501
3.247423023
3.549703054
3.315279108
3.135985103
3.4619108164
3.67908275321
3.3936735345
3.198478115
4.021869851
3.589318497
3.544926716
3.4905390222
3.509509495
3.2528676907
3.273678548
3.887561924
2.700252706
3.5603752791
3.146574109
3.792404208
3.493432288
4.145260556
3.670578964
4.42827299
3.397121384
3.0771762088
3.083284489
4.027644801
3.183998688
2.912855413
3.690396727
4.433634667
3.70527743
2.9341213
2.928743969
3.854324682
3.379929152
2.5986086808
2.949052868
3.5330864
3.936730979
2.842640323
3.447448611
3.496062028
3.607937791
4.08942771
3.109565877
3.148770927
4.2459030593
3.000174516
3.9614926218
3.268911291
3.500710537
3.959804004
3.760729841
3.218156288
3.19654503
3.51709062
3.482732259
3.612776488
3.738969124
4.171527436
3.939471796
4.117186766
3.280709907
3.667714625
3.628222736
3.730871004
3.343509503
3.1429948035
3.2184569343
3.1932547991
3.604013694
3.926877332
3.062495449
3.334751249
3.372143352
3.442096744
3.457294067
3.140686617
3.965969699
3.152756443
3.471821897
3.3850213718
3.886219415
3.956588079
2.89495303
3.406620544
3.3969873232
3.119401372
3.4651777127
3.436551235
3.306969883
3.814862581
3.98990662
3.120819126
3.09912813
4.135646157
3.629721515
3.813176838
3.738082861
3.1078572
4.071226965
3.510125218
2.887302899
2.77019313
3.417526611
3.26709767
3.6630069862
3.349158201
3.315470147
3.3444625455
3.082368218
3.307470599
3.10323816
3.314292065
3.167552638
2.983975018
3.6192467584
3.508378901
3.62429394
3.59315624999999
3.368469751
3.665777922
3.239984874
3.385512222
3.046923373
2.9547073692
2.80453178
3.07430146
3.4534489714
3.297495748
3.288627891
3.43106401
3.216108
3.718056628
3.242003707
3.720195088
3.28565443
3.3715190515
3.254692246
3.042400429
3.162034463
3.76492678
3.319656813
3.12863036
3.6790743304
3.301635798
3.4943228702
3.697477281
3.83232714
2.977548321
3.494806793
3.255707623
3.753820392
2.8430778725
3.652009345
3.135477168
3.356149955
3.66851703
3.177556538
3.853945938
3.4061865
3.134930658
3.51102628
2.912377
3.128523935
3.682362237
3.722613736
3.338088067
3.7099465122
3.20825822
3.804188436
2.81189609
3.298007167
3.599480045
3.171385693
3.181744218
3.66775499
2.771647922
3.326167986
2.998200794
3.259125805
3.097139928
3.42033125
3.859147048
3.798000569
2.6664863452
3.84979894
3.701108604
3.192972188
3.812218231
3.386983318
2.86760819
2.8224424103
2.760832308
3.3747678814
3.648801961
3.426273162
3.9409872382
3.589050911
3.349975518
3.90561396
3.9705663
3.404570802
3.916885052
3.095348512
3.301354092
3.743576622
3.100173464
3.6737409622
4.5207397586
4.24072065
3.029058418
3.920403043
3.862910725
3.704653072
3.2777345825
3.400502872
2.910576777
3.479254052
4.130904497
3.239138293
3.760296552
3.741083054
4.908152299
3.512592312
3.339027021
3.999173842
3.723811541
4.203816249
3.833703202
3.880222736
3.325201402
3.442500376
3.536019352
4.287124522
3.7442012831
2.728065362
4.143802133
3.224590165
3.921941008
4.62783078
3.80219353
3.388407347
3.593934964
3.426824843
3.5913802709
4.0288172666
3.53872814
4.483869014
3.629783263
3.390919692
3.069686353
3.2378016141
3.601281623
3.288556625
3.092049287
3.383775232
3.728997888
4.125690178
3.335082832
3.5006573564
3.617844733
4.083920912
3.632216018
3.997979762
2.890617483
3.333532522
3.960023274
3.989047887
3.737491662
3.297804232
3.760306338
3.887877444
4.006420842
3.672058692
4.307484802
3.916487948
3.6810476463
3.658567772
3.80526754594
3.369254646
3.968283152
3.3224876122
3.978102632
3.506441412
3.656969532
2.955562246
4.298867492
3.083289964
3.4305644385
4.061933747
3.848594242
3.642064282
4.299548172
4.986611571
3.858194026
3.386203804
4.341974824
3.480954456
3.3579601375
3.07398674
3.24496406
3.276100699
3.185783759
3.8297582782
3.471377434
2.84307776
3.974499005
3.01065703
3.763076935
2.885442474
3.139279379
3.533577101
3.112181134
3.59371827553
3.02913341
3.102735319
3.51243019
3.1366018766
3.0621638232
2.738607058
3.04971021
3.28168599
3.555976983
3.346176555
3.43474067
3.08255083
3.603508659
4.1609590795
3.636884098
3.355435065
4.191417863
2.827554363
3.284896825
3.206090572
3.465867073
4.248404718
3.889683311
3.412014449
3.737552932
3.077876773
3.0327455
3.45416009
3.987839395
3.95161784
3.3212431448
4.45614456
2.845216588
3.3284708636
2.9330256899
3.95661965
2.917988686
3.092542841
2.9465374
3.470885087
3.07826127
3.73216122
3.391361417
3.833373222
3.978312382
3.318082729
3.84745558642
3.080727322
2.478705784
3.107252378
2.39793365
3.449560855
2.98619727
3.160391006
3.34371081
3.096171126
3.767940956
3.01419196
2.557519009
3.62479497
3.2942587
3.2432604676
3.50871967
3.582408284
3.790665
3.53728175
3.48905103
3.4823421858
3.214739352
3.4740050678
4.02127429
3.270611555
2.84170702
3.660026554
3.4604101371
3.0121356601
2.45595064
3.571630208
3.19400283
2.73372623
2.866198915
3.0635238323
3.618331847
3.080974852
2.999701358
3.1089681888
3.48620167
3.348424488
3.195741895
4.017889465
3.202617503
3.4231073934
2.910997401
2.9661037582
3.4661150807
2.551931224
3.06282907
3.233960544
3.51309081
3.290866162
3.440011708
3.414927936
3.40102437
3.465422195
3.6901754173
3.017174564
3.56864859
2.859917879
3.069452468
2.267419322
3.5048520166
3.500181392
2.928206606
3.206329221
3.227157545
4.426023398
3.7093232412
3.511489038
3.659641262
3.197168791
3.130824641
2.631261516
3.562880204
2.623415258
3.139426987
3.11188065
3.603402224
3.09038052
3.214360353
3.878642878
3.017348724
3.543794935
3.037897075
3.368516517
3.5547170087
3.656325743
3.358158302
3.736251928
3.100625832
3.429357704
3.440762356
2.975545335
2.744429565
3.247169724
4.0507358215
4.144007716
3.504158546
3.60217076
2.821898953
3.506968615
2.789223421
3.748319553
2.972243191
3.3238336204
3.28048492
3.763200923
3.515961819
3.34766888435
3.0497778
3.791287602
3.110005952
3.224724437
2.9481143849
3.425915947
3.164021214
3.325076473
3.775815794
2.723361414
3.015376209
2.888871923
3.158469648
3.322039744
2.584464293
3.759389387
3.906880787
3.248331924
3.26579642
3.0234251422
2.911740684
3.096178683
4.280643678
3.177771881
3.583158589
4.089999357
3.280080425
3.702104796
3.6755086492
3.847456079
4.398057084
3.511737903
3.9390694589
3.282673509
3.134500983
3.323240312
4.343618089
3.721615741
4.683784006
3.951024926
3.726571878
4.3857340903
3.439508844
3.9607458818
3.929187936
3.308714576
4.204094616
4.0985862531
4.056500809
3.518396106
3.757866331
4.089247194
2.899158124
3.9713563716
3.9588610219
3.389807702
4.333487522
3.7532262625
3.06693156
4.445157004
3.552818686
3.704307279
3.2857372566
4.5251946189
3.988477494
3.7911156353
3.899471093
3.072359084
3.919684609
3.366612361
3.078662175
4.333335999
3.823606976
3.350810586
3.574283646
3.669692382
3.571302756
3.797128164
4.240814664
3.465502964
4.19279361
3.419375654
4.084534177
3.756012764
3.292052426
4.232402296
4.033849554
4.123138907
3.939549726
3.786965604
3.580237108
3.746972744
3.76244725
4.368307104
4.422825254
4.398067727
4.7081233233
3.577347128
3.798163019
3.807745129
4.291857525
3.681678673
4.372901081
3.01122533
3.430343189
3.738162876
4.6466260142
3.520053752
3.971889629
3.39643729
3.700842928
4.018415982
3.631569046
4.187538908
3.935319686
3.377910614
3.908322971
3.07909970509
3.913433666
4.125487496
4.104638964
3.732532014
3.863938902
3.623220448
3.2482320887
3.342187135
3.499534377
3.342826903
3.218739379
3.573311821
2.982229005
3.187563539
3.199703208
3.000450579
3.1361995291
3.118932158
3.360131451
2.985213759
4.10504406752
3.768212213
3.447375975
3.280460534
3.125839061
3.5381516096
3.379736159
3.074255329
3.5009646202
3.322829491
3.742681266
3.33964254701
3.902847419
2.999667478
3.247110386
3.285394318
3.4337496554
3.6474464777
2.871875009
3.553329097
3.374994186
3.03453091
3.228937698
3.725223036
3.191301163
3.527390996
3.3344624072
3.046379406
3.677918975
3.470050628
3.4379012191
3.806628038
3.2189308892
3.59650635
3.5622321774
3.648777654
3.387265924
3.135797258
3.642204011
3.606457335
3.197327078
3.3102096469
3.767446274
3.282370264
3.544041616
3.1675760257
2.9253944302
3.4776567325
3.687761159
2.813062911
3.634301941
3.205445496
3.563012844
3.373967435
3.896743119
3.6582046228
3.6448411964
3.799475227
3.1071243164
3.3824737364
3.218436609
3.143973693
3.497072201
3.754758948
3.484311805
3.4994489467
3.570393676
2.775188228
3.369194239
3.494297338
3.342775282
3.661635814
3.36435206
3.083479859
3.228738665
3.363204702
3.677774728
3.416863678
2.637501596
3.310890927
3.360896487
3.704537893
2.97945944
3.433584131
3.765539605
2.906215756
3.549877513
2.777451331
3.926902828
3.195926454
3.222521861
3.47781885
3.105732037
2.844324337
3.445629021
3.458642726
3.25167377
3.2507019027
3.08729258
3.071081277
3.7709119424
3.571334147
3.7349435
3.10448167
3.056651453
3.792398188
3.618301244
3.04068063
3.1903965606
3.417230661
3.1888631049
3.709129855
3.0496332675
3.569056331
3.742984495
3.072800741
3.398011066
3.114723639
3.017448405
2.64420199
4.10629024
3.57822649
3.646671305
3.135870458
3.2127531493
3.325981309
3.510260289
3.258045019
3.429665382
3.32978605
2.78696335
3.139402448
3.272654417
3.205942678
3.56879756
3.726540576
3.282572484
3.111896042
3.485062865
3.73633351
3.401234485
3.884937458
3.504989717
3.61834514
3.42551354
3.4041868504
2.950598089
3.31838372
3.57827743
3.471985357
4.05232406
3.3883714176
3.507332149
3.432911511
4.137962405
3.1660217825
3.39350143
3.19556367
3.731724815
3.394226856
2.765576945
3.665820532
3.31102584
3.1392546
3.132314347
3.53450988
2.960590993
3.445705074
2.9854582
3.577567775
3.891861568
3.028770251
3.429420638
3.356429455
2.928622984
3.28184846
3.032851145
3.4634432441
2.644937515
3.080295355
3.28045175
2.928001465
4.13132629
3.796669415
3.480168671
3.783126921
3.511222877
3.223612167
3.131618591
3.288798921
2.998658515
3.136675651
3.456071812
3.465943101
3.601404551
3.080363849
3.095502287
3.61986271
3.456146952
3.226218706
3.738296049
2.533010056
3.515190529
3.163441957
3.623456999
2.838809149
3.131031831
3.158771123
3.1241207965
3.865097541
3.2151281548
3.092783981
3.136268281
3.560303855
3.531464021
3.47109231955
3.589285001
3.027729301
3.093403546
3.547088401
2.824390771
3.449820786
3.141725895
3.1343666865
3.182369691
3.2600998252
3.196606006
3.042115519
3.374924243
3.445644186
3.455202608
2.908132936
3.399993026
3.225220746
3.13084759
3.489636971
3.371791871
3.051959926
3.236407209
3.497078738
3.472244321
3.437036136
3.207121408
3.066216231
3.291829286
3.4598865132
3.16931817
3.2053423839
2.924244685
3.296737381
3.224630945
3.239612361
3.432834026
3.343459581
3.13495813
3.3594650914
3.320009261
3.148855966
2.7571664453
2.893790746
3.221892043
3.401344705
3.420255175
3.155952597
3.121233416
3.542179345
3.531585176
2.780400201
2.9570188455
3.205051281
3.3229758825
2.905677606
3.798257674
2.676527357
2.929458695
2.8672734466
3.256706806
3.32954054
3.660528036
3.321323001
3.210214711
3.211415941
3.556014949
2.907932561
3.633342488
3.30298104755
2.983899344
3.273855037
3.010175418
3.754136174
3.7243315
3.326244675
3.071206653
3.28772179688
3.279970636
3.0987855271
3.099120344
3.772854555
3.98141121745
3.665387856
2.978122125
3.22844652499
3.0549609413
3.1135053638
3.243500259
3.472831252
3.0528510486
3.134720715
3.25745264
3.3739506325
3.028832664
3.112663362
3.770482565
3.349964018
3.6375539758
3.745494555
3.637729197
3.2498364
3.041655479
3.1502526147
3.3389692365
3.794881147
3.249949447
3.674542031
3.1348352212
3.512684153
3.605579937
3.088701685
3.781511737
3.545742835
3.241966681
3.71074808
3.286798043
3.373743796
3.848326462
3.851267391
3.509278635
3.901120616
3.969499274
2.814265196
3.252465373
3.624696091
3.338168447
3.60782163
3.233872841
3.513032864
3.299687185
3.376352544
3.715450341
3.129125986
3.407597168
3.6138361241
3.656298398
3.413359667
3.718546263
3.130938925
3.022159604
3.509166371
3.277231621
3.467173391
3.515831153
4.05575429
3.569679211
4.107950174
3.3879838096
3.526079255
3.446020163
3.336832695
3.537261572
3.31877512092
3.290645971
3.431646277
2.769963182
3.28575952393
3.848765504
3.340664613
3.334017776
3.826006055
3.8091156145
3.327109421
3.096673619
3.664387487
3.503889879
4.07968103
3.65068658
3.5178680936
3.5245692136
3.2186655099
3.9323795581
3.530004083
3.420851795
3.512948941
3.151208854
3.4655290307
3.4851902801
3.495457965
3.849895332
3.668278091
3.62109438
2.930168888
3.94977161
3.7922810323
2.793606273
3.9457902663
3.602069865
3.5017744415
3.6660439426
3.8133326772
4.089975981
3.5154233474
3.415171952
3.581403129
3.750778324
3.708891975
3.414814185
3.115829822
3.030760741
3.587807218
3.05190086
3.152844463
3.2530285874
3.410893293
3.3908822304
3.396779085
3.701192385
4.213113429
3.563013175
3.411502359
3.675409255
3.469469447
3.729832957
3.7846280144
3.836356373
3.9970026
3.2916734283
3.514736042
3.354706096
3.9617575761
3.7180674017
3.137511512
3.921597495
3.5642762339
3.6628323541
3.26966273045
3.075620624
3.487453378
3.711033084
3.4866884869
3.932390277
3.645348592
3.78213598
3.18898559
3.882153463
3.7939611075
3.019865353
3.299547412
3.79047593
3.964126193
3.6457909493
4.045852993
3.270324156
3.965791254
3.07816397
3.460714925
3.017084248
3.261285794
3.774793536
3.500933404
3.792020878
3.852952167
3.947372753
3.360710075
3.168066885
3.507331278
3.908075749
3.372892182
3.54264088
3.1982818108
4.262122239
3.87590169
3.6428960061
3.7443639093
3.358801544
3.587225856
3.657594631
3.401701877
3.7377512318
3.120057055
3.422305766
3.207012197
3.881680933
3.80037874
3.4542350045
3.510244333
3.2920264149
3.646093236
3.386726638
3.477886283
3.388639182
3.206316403
3.359521771
4.266717657
3.459494467
3.4255134411
3.731974993
4.348653311
3.814739823
3.362853434
3.712010425
3.015964341
3.52616947
3.348836759
3.551986933
3.317868361
3.377236637
3.55800864
3.428264963
3.81635097
3.509262982
3.546070041
3.333100359
3.755101307
4.070843833
3.420763003
3.803741244
3.334817474
3.615608743
3.506388147
3.777434298
3.751627135
2.992924867
3.816388125
3.404726025
3.333881798
3.658600855
3.272438982
3.138467662
3.505875082
2.861626811
3.9340717768
4.033423424
3.56459311
3.950441199
3.568205227
3.620508495
3.92972594
3.842317408
3.865268467
3.196316056
3.655934707
3.645893672
4.071694484
3.094987919
3.229930354
3.556725167
3.635986847
3.356099535
3.455052078
3.161871829
3.7441480396
4.0077821835
3.649986964
4.281051237
3.247244567
3.6766383994
3.450642889
3.350713463
4.418443297
3.390082831
3.644785321
3.449699607
3.522430524
3.270341927
4.172876154
3.923738922
3.861387416
2.880285786
4.094183637
3.019036288
3.444196438
3.40588046
3.7684517531
3.535012997
3.4006453217
3.336815367
3.57155139
3.985037205
3.695476637
3.6780052967
3.812211945
3.310851079
3.547897648
3.486782399
3.488830602
2.547584928
4.007888174
2.938271404
3.5760986243
3.70598162
2.95957873
3.167769532
3.088799345
3.571457342
3.074344259
3.611913956
3.073735392
3.76924383
3.234057539
3.1378550592
3.074501455
2.995013217
3.215666095
3.262102935
3.691211534
3.158175353
2.78383337
3.456254453
2.808110002
3.567767079
3.21735621
3.3474713669
3.122342105
3.529863501
3.404414857
3.321317794
3.119889077
3.863117439
4.0656033873
3.51820582
3.555115042
3.167170371
3.511423353
2.924699911
3.655655513
3.381860853
3.261385571
3.360145602
3.069458761
3.7001401798
3.366131321
3.444555438
3.0520129634
3.421769046
3.1948538069
3.648691651
3.723487119
3.729903644
3.579229102
3.508152399
3.388099092
3.282889909
3.217763725
3.931419833
3.7204241077
3.4903209197
3.105464712
2.873010831
3.110876617
3.757557287
3.646987339
3.350219784
3.694823382
3.659536302
3.396083715
3.168563476
3.2775324998
3.472793484
3.987144186
3.4514541303
3.544775902
3.869650572
3.42067769
3.68804388
3.2901139891
3.656192906
3.153853185
3.526998925
3.129347269
3.561699353
3.6357388919
3.55279883194
3.367847499
3.423482475
3.77454274
3.824099143
3.641443597
3.250714017
3.777300855
2.950995747
3.113874674
3.329228597
4.1440723796
3.171779482
3.855623767
3.036343167
3.510256687
3.292426247
3.401139397
4.063760687
3.808935616
3.865872495
3.496469617
3.776084877
3.583714997
3.6373442951
3.8877468943
3.042214407
3.8020189226
3.693062948
3.237057057
3.575643808
3.857863078
3.21864553
3.935831398
3.093481731
3.556988462
3.444656506
3.761606987
3.707864702
2.952189337
3.665723872
3.438666737
3.46151263
3.364047583
3.630290802
3.1479035739
3.474266965
3.331259547
3.390945107
3.425499618
3.6540618607
3.268275803
3.207288577
4.075714569
3.998707677
2.997656371
3.031176711
3.459196709
3.384029847
3.419711554
3.558234567
3.677440037
3.663769647
3.573494627
3.251972627
3.699406077
4.069527177
3.245894778
3.754274677
3.049738127
3.907474922
3.588415486
3.173398701
3.399961117
3.352882337
3.228402057
3.878491167
3.858342757
3.00501425
3.109845517
3.327583727
3.343446797
3.782083074
4.008733897
3.80071132
3.264508697
3.4888531748
3.807318427
3.761032217
3.232283729
3.136641763
3.541231231
4.22002062
3.548485167
4.177183552
3.748249694
3.899587768
3.344782881
3.549243157
3.624695685
3.757327137
3.600346217
3.447633471
3.646716673
3.540545217
3.40870614
3.672787339
3.743346022
3.92218201
3.179229788
3.720665479
3.244505
3.4134165072
3.113291075
3.509000949
2.965985859
3.56445099
3.15467339
3.026394269
3.286814
3.982720202
3.4947135262
3.058215979
3.45357368
3.237771403
3.08171187
3.753402605
3.063614712
3.507057277
3.36916402
3.490566967
3.69646558
3.566912423
3.221688773
3.405679394
3.564331363
3.504696205
3.996033022
3.4700039711
3.67368226
3.17068874
3.032813448
3.33624041
3.423332115
3.511389536
3.750421353
3.44811652
3.447701792
3.884777337
3.454401534
3.8477042732
3.081030222
3.945790435
3.071425382
3.931031145
3.635178374
4.10429826
3.736908326
3.43317942
3.429645481
2.8761482123
3.327068748
3.4097088268
3.405955492
3.17740015
3.096670324
3.79685318
3.815741473
3.595909579
3.8822596654
3.336149133
3.75037526
3.23800829
3.396124875
3.165890226
3.640122496
3.5337580983
3.44152132
3.2993024344
3.58604657
3.281124789
3.508067325
3.98657701
3.185277693
3.15212873
3.306239343
3.665646025
3.33763612
3.683572438
3.140277392
3.1311630924
3.706983023
3.246521196
3.175893305
3.324257251
2.92320473
3.147687273
3.3277740814
3.3305062703
3.416276418
3.426808956
3.826798096
3.624433813
3.315631878
3.135898614
3.126734044
3.757928762
3.205074082
2.928874748
2.996310675
2.990891013
3.527007018
3.1901899067
3.289632903
3.564346408
3.3050148376
3.179426193
3.200799168
2.685287664
3.610100506
3.9678753028
3.09279363
3.1471260192
2.944277186
2.982224117
3.040271206
3.539900217
2.908044949
3.6326596939
3.2396402627
3.169275114
3.140411702
2.838334449
3.413360883
3.050171113
3.098975379
3.11837382
3.264311291
3.35067309
3.194250349
3.309704039
3.842912721
3.169932888
3.2975976343
3.515482387
3.718144951
3.5566341253
3.038134672
3.721813071
3.302165544
2.965281434
3.009375489
3.172866857
3.16951746499999
3.877380971
2.950032182
3.432839315
3.59377913
3.438861302
2.808867534
3.106565536
3.531343849
3.210159207
4.0917531425
3.22527793
3.734876229
3.426619875
3.3705735798
3.699179242
3.601436173
3.799045537
3.740295259
3.4500933781
3.515162122
3.226917109
3.087513254
3.004827568
3.319757637
3.454262526
3.94399951
2.762189701
3.4252060173
3.388448844
3.5907448881
2.9809560984
3.266497131
2.592658621
3.040872913
2.826181095466
3.407727017
3.7334765954
3.205693789
3.6986481989
3.18941628
3.500953179
3.301475581
2.9004540994
3.562879204
3.781827655
2.84927623267
2.903304766
3.2904216459
3.3695288088
3.2464506185
2.197239578
3.031612925
3.553320484
3.096561529
3.046662026
3.300594324
3.391507543
3.11896734564
2.606753388
2.718941765
3.525676618
3.299948978
3.6436121945
3.267625658
3.392350318
2.563239858
3.386059798
3.0743134261
3.2612316018
3.129319908
3.049388738
2.924174639
3.455845238
3.0678848863
3.058176703
3.225861834
3.936178278
3.580212568
3.33259345
3.120500465
2.51452419
2.951616347
3.115849615
3.003953788
3.252386221
3.523092478
3.2534994075
2.886045317
3.3097961068
2.823455896
2.774306079
3.291704042
3.252278967
2.8103846501
2.918545066
2.800694085
3.202376562
3.809031504
3.349128182
3.000005608
2.997966638
3.16265045
3.367069293
2.934493491
3.101074891
2.9499148566
3.212766781
3.220812353
2.963328128
3.416167758
3.442292558
3.650915276
3.090284666
3.385697999
3.034724648
2.952549439
3.646050224
2.769435668
3.88979004799999
3.079952818
3.462053342
3.014214413
3.218021892
3.119612572
2.804834088
2.7195231803
3.253199134
2.791402904
3.149018747
3.12571034
2.606202169
3.279739409
2.787743016
2.8638059931
3.199893483
3.07691774378
2.869337655
3.709642362
3.932258936
2.485741518
3.1323305984
2.745830648
2.917874606
3.273082343
2.871944083
3.506526844
3.941684796
3.027884297
2.8576762393
3.536765863
3.472068634
3.134299912
3.285926007
3.318957797
2.690847517
3.805922889
3.1626267629
3.034798827
3.465962399
3.050651278
3.040617591
3.144101319
3.3158276094
3.286352863
3.174519067
2.806778298
3.357351581
3.2543343
3.2247867232
3.652832663
3.580793616
3.054295387
3.876307563
3.244332653
3.45890913541
3.580443435
3.189440186
3.742417301
3.2151436
3.8246009731
3.305802849
3.598972147
3.577082829
3.233198396
2.840429462
3.09558471316
3.306142264
3.156828809
3.239665788
3.186611931
3.55420584
3.441983973
2.8937109091
3.005452699
3.0968650258
3.4582187075
3.544159356
2.880964404
3.453007871
3.181503961
3.480614014
3.268126069
3.685097379
3.303280457
3.042612391
3.699517284
3.922467272
3.01491695
3.539076528
3.0592835189
3.093658729
3.469579401
3.31474411
2.980110872
3.27911934
3.168357184
3.421271344
3.29726916474
3.0805175545
3.289491613
3.772753087
3.064084313
3.593987056
3.751406512
3.262985756
3.05798521
3.073376145
3.3574943143
3.08756123
3.4395797925
3.40915431
2.8365486727
3.360309413
3.245954069
2.695450451
2.795615393
3.310352593
3.134602551
3.461703399
3.282178312
3.726045191
3.0016375019
3.6819624812
3.613503148
2.885263198
3.372729264
3.343703826
3.724452682
3.4179379755
2.8186399975
3.823782078
3.576149955
2.964342932
3.671949704
3.622198377
3.121140778
3.188056514
3.206454816
3.104883809
3.119499893
3.234305387
3.610888257
3.332533055
3.1660839712
2.8907566512
4.130858993
4.253890438
3.5282289642
3.440460478
2.855197227
3.56606955399999
3.2526881283
3.179961957
2.93147855
3.189163241
3.4822522499
3.333578452
3.5405692825
3.877027096
3.780958297
3.307061989
3.152633413
3.375570387
3.6532899919
3.388445676
3.9784634756
3.588590943
3.3155649377
3.2304920923
3.093981632
3.3065696861
3.5195747828
3.795457008
3.270818995
3.3698635354
3.860111762
3.458059242
3.420002449
3.103174393
3.4105283606
3.2264173353
2.9180112434
3.219129351
3.363582841
3.657101757
3.026143474
3.716778182
3.573019083
2.6993472817
3.242158447
3.653867826
3.06260927311
3.211088698
3.664404666
3.8473362145
3.502249527
3.343568664
3.029263878
3.43950409
4.090862169
3.844561048
2.898511529
3.084806009
3.143999789
3.582455207
3.421682099
3.482391085
3.136986346
4.2022457028
2.869899667
3.367640803
3.846171687
3.523827714
3.544401057
3.118951241
3.097384035
3.634594879
2.6203333887
3.229466851
3.466322605
4.126581728
3.504289616
3.857985501
3.1179816483
3.366999085
3.50854644
3.4002647
2.834472179
3.6963312438
3.418300654
3.1266462683
3.1901211123
3.1575120814
3.0316147447
2.8035234933
3.8911567893
3.2271014147
3.2550480773
3.4889251247
3.5921643303
4.0279792233
3.2754746447
3.8998276633
3.8745695152
3.5120455317
3.9621144417
3.2112253647
3.2250522233
3.4122041247
3.4397018433
3.6207480547
3.3610688033
3.4914249603
3.7621261313
3.8762040643
3.7623054843
3.3032364837
3.5869878647
3.3924283423
2.5791474323
3.3548405853
3.2531751133
3.4382241993
3.3689334833
3.0572467733
3.3555626553
3.4292512333
3.1684830517
3.3346596753
3.9019322297
3.1044240083
3.3380792933
3.3417044433
3.1488187447
3.8879120883
3.5302128457
3.3832875733
3.4431418363
3.1311074433
3.3957807193
3.1520169243
3.6721209013
3.7591960857
2.7565984033
3.2056357217
3.0484211367
3.8648615853
3.0463807033
3.6037776533
3.3520113433
3.5187843347
3.2085854083
3.8813737733
3.4799531747
2.8695503333
3.0398918033
3.2977479573
3.3617700207
3.8787330933
3.4449561747
3.0376091463
3.5189914757
2.8649664197
3.6882426433
3.6690367817
2.9922563883
3.4770897371
3.2635458323
3.4528377433
3.4234882403
2.9621117288
2.7488528833
3.3012417533
3.6706791703
3.3786204013
3.6601907267
3.0837635847
3.1438863257
3.0841745733
3.0015142033
2.8926471553
4.4494805633
3.2808616233
3.2272455933
3.2294215355
3.9907970147
3.1769925047
3.5809975193
3.4163938533
3.2188574157
3.216764522
3.445076331
3.25111963
2.527334542
3.270218691
2.786000287
3.656205999
3.141724103
3.020661011
3.641841801
3.2311522233
3.834948027
3.373685014
3.651741001
2.918892965
3.084782058
2.866125961
2.94460658
3.183486319
3.470172282
3.07122949
3.109630276
3.571074111
3.595650743
3.7142090273
3.2630005345
3.074122101
3.303783997
3.261728911
3.332101531
3.325637931
3.278337771
2.599766001
3.788625511
3.262706461
3.107024428
3.045871887
3.340246958
3.640790753
2.614568049
3.659314726
3.43543714
2.9447282057
3.4994397829
3.270618333
3.968109545
3.249109346
2.983371472
3.07241979
3.016664119
3.7411321547
3.556281858
2.773514759
3.632971641
3.000706226
3.326513801
3.821260292
2.895377385
3.376110041
3.40256715
3.702507093
3.727198351
4.188529516
2.892684481
3.384341087
3.1357480866
3.244477166
3.138869453
2.999732989
3.043228014
2.910502059
3.139371649
2.892998272
3.38578519
3.53168029
3.285429745
3.281046519
3.925341521
3.809290002
2.911055141
3.300988915
2.640932475
3.1905106762
3.135512011
2.746166731
3.754833082
2.72875959
2.95882126
3.551320591
2.735207795
3.18126571
2.8158237082
3.076995214
3.718322481
2.830817271
3.754438556
3.304985661
2.96639863234
3.631797522
3.138096331
3.852382978
3.76372391
3.228018383
3.565626309
4.008199742
3.634326268
3.441944517
3.1894606569
3.012824624
3.063139398
3.146613279
3.256235805
3.723126237
3.11891994
3.505863496
3.266563618
3.246401095
3.022039521
2.727273911
3.685469493
4.051425562
3.237853901
3.243927032
3.241586374
2.809943079
3.492838731
3.6029454545
3.795741451
3.859860671
3.2112793276
3.123185656
3.471460052
4.476684864
3.179490709
3.235554158
3.315546296
3.576819403
3.564417096
3.756145639
3.107282527
3.697576143
3.737915349
3.415086772
4.132903431
3.8676835928
3.418207691
3.637079066
3.503940205
2.979920215
3.582344719
3.109465559
3.614425089
3.685920435
3.320135029
4.269361875
3.875687996
3.5239967003
3.204862022
3.495659379
3.683681657
3.423978036
3.750483071
3.376033459
3.816679955
3.682670677
3.545543334
3.5036721225
3.610644577
3.578809128
3.4510670824
3.581218689
3.56711196
3.200053076
3.0273321106
3.224450486
2.660571396
3.630084508
3.2462014486
3.780233539
3.746860274
3.643815779
3.699549248
3.201369675
3.387563828
3.195554523
3.5367004377
3.643853931
3.60882210393
2.818773879
3.348117551
3.088035618
3.64927988
3.4041573793
3.9351641981
3.646464923
3.173280487
3.023792477
3.735098617
3.993514725
3.8839701711
2.3533923721
3.2598253801
3.3929355621
2.7794884201
3.2666025399
3.6219727779
2.8647904611
3.3443991844
2.8161606641
3.0009389691
3.6912334171
3.8436143571
3.7371247321
2.7215521241
3.2050995329
3.3334649941
2.7882796091
3.0378794851
3.2645757349
3.2892958891
3.1141498071
2.6248735719
3.3011023707
3.6013585571
3.2189142301
3.0775964449
3.0140083751
3.2726755851
3.4671309059
3.4179573031
2.9003646291
3.2709945321
2.7956645711
2.9215027331
2.7515802379
3.4370057331
3.5253890639
2.7935441756
3.1736762801
2.5722732029
2.4794235821
3.3132040018
3.9345582739
2.7551767531
3.2226492329
3.4423070671
3.3463214001
3.1653098681
3.2283876839
2.9537275761
3.4067951881
2.8881014271
3.4591387571
3.5839552541
3.6116229721
3.1726621531
3.4152935176
2.7131501141
2.8020874181
2.7379303011
3.1144023501
2.9820936131
2.8610584871
3.2127878931
2.3745753271
3.1923331761
2.9283337629
3.1892301571
3.3819884161
2.8233130199
2.9935235511
3.6090584881
2.8593384919
2.5573817241
3.5103860041
3.1949427369
2.8063171881
3.3340653931
3.0337524861
3.5236004741
2.9270758211
3.1375887031
3.5829248931
3.4437876639
3.1728266049
3.0899503541
3.9417435589
2.7164055691
3.1868761239
3.0992192901
2.9529532151
2.9127309961
3.5864694879
2.8750051081
3.7073683681
3.2084472273
3.0970547391
3.2097427271
3.4102059595
3.1559341891
2.79449307
3.3110644029
3.215591906
3.215036716
3.477109019
2.903164392
3.35570577
3.2253455228
3.163090395
3.719389798
3.715204455761
3.941691776
3.643719463
3.615001742
3.78373982
2.750278519
3.284849025
2.668289826
2.9706685865
3.36048163
3.386902419
3.27651204
3.699157872
3.30515048
3.428752439
3.417999729
2.737249529
3.118040825
3.902229117
3.949431173
3.3185420291
3.486154562
3.651355221
3.965065068
3.520145824
2.681986237
2.7832614377
2.959154481
3.077989739
3.534079617
3.033833636
3.292800296
2.775324797
3.183339175
3.323463254
3.3868875546
3.592657264
3.10497206752
3.321955433
3.046540624
3.162887504
3.167683373
3.263004163
3.6105564387
3.08287856959
3.8784587108
2.916008022
3.469616022
3.625448833
3.6948967388
3.605806368
2.786234619
3.141271351
3.112675722
2.9538474085
3.628855429
3.055510289
3.023642191
3.046354719
3.788950774
3.348658064
3.4943518739
3.423153826
3.471939044
3.475048456
2.832535477
3.362878238
3.1170458638
3.290927274
3.4166940808
3.35163622017
3.6284613455
3.1293382107
3.698942679
3.824516585
3.923327285
3.4493161279
3.4735098938
3.299859062
3.286399821
3.611526313
3.266174347
3.830363052
3.1950669265
3.168400953
3.373288439
3.237243995
3.738903592
3.207410747
3.594914981
2.619914621
3.072603021
3.648413871
3.710407321
3.062881921
2.842120072
2.442085584
2.9757789385
2.749801061
2.840770299
2.790150831
2.9784490463
2.959758571
3.373725109
3.269272938
2.872228391
3.319448237
3.196089285
2.865358401
3.5607272582
2.8461010152
3.405318114
3.016614131
2.761448669
3.349186134
2.6212239803
2.893145651
2.7144075434
3.0334488729
3.3672874868
2.544249585
3.478423182
2.992355262
2.6549940695
3.039267908
3.20089901
3.014042873
3.064747461
2.879404969
3.651851579
2.476572148
3.14588176755
2.703762522
3.220434281
3.344723299
3.647116391
3.2173661264
3.334634964
2.675752169
2.889241336
3.3611477648
3.268684971
2.975857333
3.023351751
3.525247312
3.214061564
3.149826323
2.871646806
2.937637331
3.452416421
3.276336324
3.6801411028
3.115719441
3.300209371
2.728358167
3.262948198
3.609148631
3.929618771
3.4189205438
2.692525253
3.512411111
2.675815667
2.736610708
2.9966398349
3.464332871
2.756858606
3.395925191
2.46260619
2.991173321
3.483139261
3.079702264
3.586778551
3.337452471
3.390716241
3.393093507
3.421078591
3.28628331
3.164615502
3.242452641
2.877831573
3.094337829
3.173930711
2.817013079
2.953128407
3.441623568
3.017525571
3.499486907
3.243083063
2.419799511
2.648124916
3.47475569
3.642858905
3.2936286882
3.47252504
4.013417415
3.377289937
3.267351311
3.004859774
3.789598139
3.191453152
4.190754263
3.075473815
3.418413151
3.366912859
2.697061657
3.419750925
3.606693895
3.787903345
3.689356448
3.422034375
2.841032925
2.777054829
3.625934805
3.555782325
2.810715885
3.046888575
4.035538874
3.359775378
3.351797918
3.304744017
3.545471655
3.182225639
3.40627674
3.665548187
3.332514815
3.327073755
3.763852715
3.525088955
4.142531469
3.607199781
3.217916065
3.319462466
3.515450268
3.474861685
3.110053303
2.921129775
3.055997403
3.803841685
3.478991105
3.9044217809
2.97420835
3.85744783
3.646261309
3.331683475
3.478068974
3.221151535
2.994015965
3.340865667
2.76938967
3.156082715
3.015145959
2.995158874
3.149892256
3.540760205
3.580060885
3.953340942
3.4307546496
3.38878717
3.03569018
3.197321587
3.5941664716
3.54525409
3.089801186
3.339584998
3.877620885
2.986777216
3.398539495
3.778906734
3.259011971
4.10196046
3.28547723
3.047704699
2.71600600581
3.057612175
3.187902147
3.019911625
3.036977131
2.559815918
3.511736127
3.3648029534
3.583089015
2.74117891
3.582023164
3.252004552
3.3972472885
2.965202787
3.8607857161
3.512462102
3.6440106129
3.1365700112
3.027512295
3.0459462331
3.400491734
3.075176723
3.5084518803
3.341528375
2.77789129
3.041877033
3.107159363
2.643259252
2.998783548
3.342480973
2.993689724
3.320548263
3.170176366
3.030470901
3.1934670952
2.990318897
3.204075222
3.6956988232
2.931610546
2.709025465
2.8965606699
3.588796283
3.106267874
3.325542462
2.983605755
2.608548971
2.539585212
3.023352341
3.085292887
3.417849859
3.178247109
3.073504933
3.529063583
3.502807232
3.268331329
3.5854020334
3.009961639
3.034859968
3.182026285
3.266737216
3.60863423
3.252835343
3.378666661
3.315123282
3.676101881
3.3573263181
3.31682148
3.40324918
3.977411968
3.081434843
3.470492637
3.259061581
3.6893939574
3.0284823387
2.597686233
3.121585807
3.484536523
2.713353705
2.620344519
2.716689469
3.2523229514
3.329125635
2.6245153145
3.342614736
3.101227125
2.896474738
3.406174413
3.16773918079
3.480697159
3.455817907
3.512216513
3.109386429
3.0024770319
2.9580789499
3.247989177
3.068936363
3.280573357
3.157435405
3.358234047
3.732981227
3.623734341
3.088681034
3.553571705
2.976502466
3.093186681
3.170772885
3.423955215
2.854543961
3.105250348
3.412335365
3.322405579
3.830729771
2.813902208
3.230033997
3.700786613
3.250990001
2.8946386752
3.189962301
3.2420363905
3.1490826345
3.1305272554
3.7825655815
2.9556689735
3.4192952125
3.5208080705
3.3800686237
3.0455276635
3.0089945905
2.7376001035
3.2657014505
3.0140698815
3.5679850635
3.8450681425
3.2839704505
3.0414566565
3.2977377033
3.4128188475
2.9323708805
3.1135754157
2.8941804153
3.3281094095
3.6313458005
3.5799814605
3.1122499305
3.1172104995
3.2082577659
2.6798305754
3.7040809905
2.9040954195
3.8934288695
3.6406769125
3.3561808155
3.6709455475
3.4857671445
3.4702288435
3.1001946145
3.7470900905
3.7824338415
3.2627478112
3.3895601585
3.1175582825
3.1744855975
4.2701464916
3.2519364095
3.6023666845
3.0327179895
3.3646961575
3.5169157275
3.3663298975
3.1602478645
3.3262052895
3.0675349555
3.4529296655
3.32491404035
4.178797263
3.5241198505
3.778075768
3.0861158105
3.4848749105
3.0208909875
2.9647833875
3.4793808325
3.4478314795
3.3456096495
3.4928378075
3.7555448425
2.8707424545
3.4680153295
3.2462707735
3.8898575205
3.7414975042
2.9782230085
3.1869235585
3.7774831785
2.6380048498
3.3877096295
3.0054022755
3.6057483095
3.5351099195
3.1867117575
3.8118020495
3.0586541405
3.6997882595
2.6814888405
3.9842012305
3.6147502335
3.4918299595
3.2843139937
3.5548202445
3.2126871105
3.4183931365
3.4571697379
2.7145473095
3.1338099185
3.0362176825
3.4007419215
3.8240171498
3.3034014555
3.21567956
3.827872033
3.064958635
3.265789734
3.189051685
3.204534199
3.249484195
3.528773884
3.398338623
3.045200118
3.500882266
3.126663592
3.7306723888
4.3514862345
3.705707284
3.452997198
3.284195754
3.584777206
3.0394123226
3.303826223
3.306675609
3.734269964
2.772119482
3.971735349
2.847700353
3.472302645
4.069072394
3.319363404
3.525822246
3.214349337
3.978299914
2.99955116
3.075721744
3.195675113
3.830822195
3.517144909
3.143902527
2.953565461
3.255613504
3.230631888
4.186511279
3.6256259252
2.805462205
3.494611084
2.951999646
3.494590804
3.975730264
3.986848275
2.509080032
3.4714906078
3.430583136
3.396832184
3.691024841
3.249018941
3.604326634
2.993165156
3.018367001
3.464892478
3.867819373
3.682828986
3.37133358
3.423033624
3.345266704
3.517168439
3.462542271
3.333636138
3.681447822
3.500885474
3.980106074
2.868717284
3.042103876
3.293364754
3.178325453
3.29341059
3.142894744
3.91245074
2.856800734
3.014122556
3.172895534
2.775843526
3.1625150496
3.448307634
2.7308663486
2.886610632
3.290861945
3.412555354
3.534984324
2.343069068
3.561275854
3.208692739
3.45367056
3.9916261153
3.901076554
4.228482008
3.240953689
2.51496971
3.6244589444
4.437901784
2.874810245
3.261259733
3.129981927
3.624675529
3.27186274
3.3619593018
3.261838215
2.989113163
3.777723806
3.001571779
3.357645415
2.99406221936
2.791936275
3.480853408
2.741361093
2.396703473
3.254157935
3.158788663
3.7985541958
3.4421774564
2.873991608
3.060931112
3.434083796
2.663347821
3.5835718288
2.974208463
3.20334128
3.1126806783
2.887845175
2.9909349209
3.152950016
3.310921763
2.8097633869
3.4604367803
3.895535443
3.255204253
3.019275816
3.355285669
3.102548853
2.574434344
3.1151560297
3.261822289
3.096727343
3.326678109
3.340531713
3.822203544
3.287080733
3.607464533
3.589620815
3.037725501
2.935497013
2.847451533
2.856809175
3.009465235
3.21939137
2.978766043
4.138849581
3.180324723
2.786023766
2.847150443
2.947716557
3.19550294
3.546782813
2.913010945
3.539582793
2.893904418
2.677174413
2.908328816
2.971684283
2.537487778
2.665911757
2.977741528
2.861489481
2.902139913
3.221393256
2.884096788
3.14962088254
3.0149543237
3.644115261
3.4557315332
3.102177072
3.311140215
2.601373534
2.929222679
3.677611345
2.857306103
3.487013518
2.808641036
3.154211498
2.979423173
3.191637322
2.866586365
2.885613115
3.552591595
2.227420485
2.928373947
3.430709093
3.032435348
3.212713899
2.893135279
2.717488253
3.320866705
3.121465831
4.098444659
3.797056451
3.458779938
3.5729247224
2.822651301
3.06342031
3.8034208165
3.7222586117
2.993432444
2.992466892
3.463554081
3.484141721
4.199376811
3.353723591
3.1926109293
3.631662114
2.710432779
3.240198291
3.209087458
2.734840415
4.136250387
3.195173071
3.123805549
3.7242230481
2.950028241
3.976712171
3.022876637
2.981928941
3.750868995
3.566331841
3.032332861
3.278388811
3.989778983
3.217099129
3.521799845
3.291228506
3.388265931
3.251822869
3.528946361
3.132283618
3.741191989
3.496098289
3.1247518927
3.179340356
3.477310891
4.046123662
3.623263023
4.233985722
3.9711448555
3.630532389
4.029752791
3.095252682
3.695342121
4.327796259
3.481772611
3.176900361
3.687984501
3.9015260919
3.703411632
3.361845831
3.275420136
3.619586502
3.69597612
3.538251666
3.422476678
3.862824924
3.703008731
3.444792022
4.034420963
3.244878808
3.080582582
2.7315012377
3.7502000862
3.284922122
3.367447891
3.641551952
2.970375972
4.140452545
3.488439085
3.612858707
3.5098972476
3.6172243676
3.570322666
3.946351585
2.906735066
4.886064087
2.954076445
2.790575027
2.843320771
3.77874568
3.128907598
3.6291940627
3.040206311
3.528289201
3.861679881
3.98780622
3.550601371
3.627593786
2.677616271
2.775600754
3.859856812
2.971400233
2.951192001
3.204382283
3.2714924
3.7331356109
3.713158175
2.920889352
3.706075673
3.5434744944
3.610419713
3.021559313
2.939385885
3.265708437
3.021717555
3.310383351
3.1439227308
3.513815708
3.046254692
3.447491786
3.116349146
2.864963629
2.97908121
3.5956209667
3.06398147
3.192123483
3.676674803
3.233707109
3.268377479
2.950755761
3.206297111
3.778013979
3.3678580122
2.990872084
2.719154422
3.074936114
2.982733307
3.554269404
2.983570198
3.5810157864
3.079676237
3.702951571
2.92454326
2.979499965
3.321576797
3.396582257
3.546008227
3.488761979
2.7971778912
3.2339313765
3.209632232
3.355916513
3.478382893
3.259186357
3.576176858
3.332404369
2.695910916
2.85346706
3.552891653
3.987507762
3.381088425
3.84526742552
3.906475811
2.896162903
2.924120852
3.082168511
3.1922802075
3.053551664
2.930141589
3.13807028
2.483056088
2.935671538
3.9133019
2.9291771007
3.343902912
3.071811525
3.012049748
2.946569393
3.3241041681
3.187574323
3.617850687
3.427375249
2.867828049
3.102616858
3.479647213
3.11344284
2.982246637
3.83947581
3.504339614
3.0515629072
3.025826603
3.031016778
2.971027977
2.854786847
3.890767007
3.283252991
3.202146278
3.097113213
3.462345005
2.901269165
3.662547545
3.7326346093
3.136027352
3.124556307
3.22867023
3.437554693
3.381757
3.24053799
3.362712827
2.906926801
3.727898753
3.36747803
3.260702381
3.371786572
3.26802485
3.0760539926
3.969471268
3.538938842
3.39121961
3.353458819
3.0628814611
3.401704824
3.441015695
3.330533636
3.244452772
3.16011148
2.8924349177
3.01479343
3.49721023
4.112477779
3.37232338
3.15370094
3.343038185
3.10854768
2.9664005761
3.121051412
3.38386833
3.645248431
3.1382970424
3.172405442
3.334211488
3.243801416
3.131485456
2.976274483
3.079880393
3.501951442
3.754337386
3.47716722
3.859590325
3.29424304046
3.438609136
3.267259092
3.892224273
3.335291882
3.47464444
3.636890739
3.4727619209
2.924266343
3.4121276
2.96345212
3.55538039
3.341029592
3.044990148
3.00946954
3.428975598
3.358185946
2.880471577
3.211762412
2.8691109703
3.77361003
3.29794202
3.51765474500001
3.2024215509
3.094398339
2.760826153
3.84761982
3.46384833
3.207593927
2.714546456
3.580375064
2.732440063
3.737758564
2.55169685
3.23928275
3.8173686917
3.2249043386
3.034251606
3.157231747
2.694279625
3.22530356
3.21248331670001
3.8062154
2.87826117
3.76830386
3.43533665
2.7613092
3.453082454
3.377616008
3.016885221
3.421596236
3.407203523
3.324203745
3.484231956
4.048687614
3.503552439
3.869339401
3.741282499
2.820263666
3.606828599
4.109293396
3.548361507
2.486081384
3.389280742
3.226330524
3.415862516
3.9370436531
3.512590665
3.8117332265
2.965665109
3.081776006
2.687367762
3.461775964
3.463028811
3.802241029
3.024989964
2.897686704
3.195482694
2.711027274
3.295234296
3.574211162
3.491692634
3.666615446
3.0014631035
3.255758274
3.578051869
3.215880741
3.255550643
3.331116519
3.545401538
3.841151168
3.158356625
3.918859828
3.586980586
2.7197885673
3.220854556
4.612876902
3.016760466
3.217955563
3.350973662
2.687509024
3.250218186
3.306593858
3.102523236
3.249747154
2.962708479
3.203277227
2.800344291
3.633391616
3.257927332
3.367508583
3.103774135
3.686829273
2.952983476
3.132635212
3.032568257
3.719074796
3.073262786
3.469580151
2.797514219
3.294849077
3.070844413
3.5085518148
3.541961076
3.3294025689
3.242764971
3.2943601822
3.549603985
3.577515376
4.173175281
3.744256826
3.653142037
3.591335933
3.355005754
3.393170094
3.438458076
3.958441904
3.679205329
3.32248200962
3.626119475
3.08246655
3.255134056
3.393844746
2.777322488
3.67323706
3.737027043
3.10645589
3.776127314
2.948900824
3.447089744
2.79850914
2.63075383
3.4620284923
2.644855037
3.434034212
3.685517486
3.931548032
3.638261885
3.204223296
3.485339405
3.265324219
3.3643917356
3.55719668
3.106030882
3.307240692
3.87311522
4.291118993
3.927348372
2.8770347301
3.7012479002
3.844346506
3.808060623
3.434042472
3.230090885
3.333258342
3.8218914805
3.37950483925
3.240590955
3.399887329
3.301705735
3.218805322
3.619210447
3.847382909
3.10938365
3.360325006
3.919486023
3.15409213
3.569605792
3.55146552
3.778909291
4.291198262
4.032709326
4.208395142
3.06026495
2.859489692
3.8083321295
2.935765077
3.60503388
2.888290213
2.726399682
3.392095302
2.886574744
3.847810007
4.170980832
3.271942322
3.143627615
3.586631686
3.14008249
3.865260565
3.67279922
3.519354908
3.251301222
3.288444756
3.52212029978
3.958763702
3.297544802
3.3851799275
3.946073822
3.596905818
3.588141237
3.1303744939
3.574100376
3.4803181945
3.5252972883
3.47036464
3.9489370928
3.284394589
3.442776572
3.665643352
3.29878285
3.828085756
3.487784542
3.617122352
4.048337961
3.327827612
3.613585607
3.41813227
3.209262988
4.188725849
3.680284962
3.225794664
3.408813833
3.647223733
3.795669683
3.390918662
3.203872644
2.96737467
3.177062243
3.826347782
3.937970328
3.958764991
3.218182451
3.5974209494
3.705005817
3.231199012
3.4389281662
3.805838437
4.019095118
4.446939641
3.817550582
3.562025858
3.831187789
3.622306794
3.466340838
3.388434779
3.456895971
3.7053537571
3.837088618
4.077592119
3.65408431
3.426146503
3.427921911
3.3764519654
3.738033583
2.768063003
3.08112262
3.226402665
3.439571013
3.611887371
4.151666603
4.195263191
3.863478173
3.4501425688
3.118230913
3.421634521
4.19724748
3.666286459
3.722687825
3.14407766
3.5275470459
3.309973015
4.096914542
2.86234241
3.899658771
3.61755792
3.8010313
3.781521874
3.408015358
3.788640427
3.870835163
3.665190888
3.609502777
3.621024018
3.51297009
3.2582150324
3.487278923
3.467332525
3.503946733
3.024443064
4.194541253
4.599695776
3.990938056
3.7199737076
3.984125667
3.124649249
3.6130314745
3.844884893
3.7746286309
3.274745123
3.238782959
3.791635287
3.20992891145
3.609869023
3.574620919
3.941092238
3.492377459
3.720377025
3.229530428
3.735554044
3.926420428
3.425021656
3.908047483
3.772772209
3.573017983
3.711412005
4.054110681
3.392567088
3.508354849
3.60759678
3.353109781
3.248656193
3.272279071
4.135805208
3.596694902
3.708532758
3.559255141
3.426620382
3.314213865
3.532948343
3.769711528
3.8706707595
3.4613135605
3.3265682435
3.4342921165
4.0116646825
4.3521181105
3.0637306705
3.5886015355
3.9646411005
4.1182068615
3.7305327305
4.0405048135
3.4478716705
3.1595279135
3.3397402755
4.2018656165
3.6308336325
3.3822562731
4.2122365895
3.9818088905
2.9145930835
3.59240316238
3.8735141015
3.9309279725
3.8952270205
4.3543192995
3.9286475605
3.9942784485
3.6653934905
3.2162074855
3.3945237305
3.7296908805
3.2867106565
4.0259776505
3.9762108705
3.8923887005
4.1129714105
4.1246952515
4.3188060255
2.7016405165
3.3045594515
3.7642577535
3.7657333722
4.1462475952
3.0609293215
3.7954534307
3.3708411995
3.7631148245
4.1379242895
3.7422097095
4.8535537495
3.6586272105
3.8760111185
4.4193356735
3.8179217945
3.5180904465
3.6156233195
3.8849624328
3.5490995295
3.9014828795
3.8786383235
4.6724992805
4.3719333483
3.7678433255
3.2030882485
3.8835314195
3.3153481875
3.3297325405
3.8510417765
4.0758826105
3.2263249795
3.7012070315
3.7946733005
4.0554781005
3.3030310205
3.5938825525
3.8230007985
3.9456779715
3.4642566835
3.7879261495
3.8617654615
4.2028217425
3.3773825861
3.529524335
3.9428130795
3.9755204105
3.7887413905
4.3537762205
3.8327851845
3.8840449306
3.9778500615
4.1961764905
4.1082241595
4.1236411895
3.5967738925
3.9324868095
2.7270497095
3.3010664805
3.4950732995
3.5887716225
3.4559885555
3.951347853
4.366002911
3.192131785
3.567102247
4.273156759
3.473132597
3.711248577
3.73262862
3.669648433
3.902737067
3.6365325257
2.819198461
4.644398102
3.868050369
3.860779707
3.454510357
3.724389504
3.078896204
3.864391696
3.890883657
4.373789129
4.438105235
3.255592724
3.274583119
3.878934863
3.8153848291
3.461319886
3.757439077
3.717534457
3.88601404
3.658503397
3.227158457
3.67127026
3.8822419531
4.014231893
4.200378963
3.801953987
4.144544787
3.697912818
4.227380148
3.495094109
3.779292666
3.306277832
3.734679748
4.6599077236
3.745398942
4.222898505
3.580302661
3.6923945078
3.377656797
3.147958504
3.357502404
3.503789163
4.3816489807
3.927802158
3.857544882
3.352983662
3.711143407
3.857246366
4.248904295
3.823083247
3.248875332
4.25862212
3.564082463
2.832164745
3.39947871
3.836967954
2.896377023
4.003090219
3.655155534
3.303107183
3.6068713025
4.433476082
3.432229414
3.4180720483
3.764778631
4.1166756954
3.747443417
3.596631569
3.723826667
2.777411605
4.010555674
3.792026391
3.347574496
3.662338071
3.829881587
4.528682197
3.505363233
3.601504467
3.781517453
3.985307643
3.681550383
4.696021947
3.720349765
3.442204746
3.843565754
3.361024627
3.962429536
3.699140666
4.2773903871
3.9106993751
3.6601318702
4.1862054659
4.2197786641
3.3796222971
3.6469212201
3.7983478051
3.7289475701
3.5293916199
3.9992518524
2.9779947271
2.9588609691
3.6197431431
3.9696768971
3.8553769609
3.9377106191
4.1034156571
4.1259137421
3.7935919931
4.3262131901
3.6640984689
3.7595526341
3.6760604121
4.1376877951
3.2041944461
3.6424501401
3.7122492239
3.8551089591
3.6601345331
3.9344236319
3.2120432721
3.8644653739
3.5571488391
4.0634122819
3.9861801711
3.8036671541
3.9495235401
3.6944415191
2.8694819831
4.3781236041
3.5808716091
3.5438317669
4.2662903341
4.2637585121
3.5055779621
3.2963752811
4.3704498701
3.9589579751
3.5565011441
4.0678344561
3.4158824611
3.9817675651
4.0822405441
4.2728967559
4.2920809181
4.5863931363
3.6122019409
4.0175229631
3.6883558071
4.3472878251
3.4481570629
4.0620119781
3.954361672
3.6883619591
5.2231632219
4.7631790891
3.8786154671
3.46009112269999
3.7930112379
3.6008296659
3.6606400043
4.1182349799
3.8811671551
3.8152921951
3.9025163991
3.6055219191
3.5625240819
3.8064308431
3.9932781321
4.2856754371
3.7390274471
4.3063649621
4.0927236221
4.2292349577
3.5333909321
3.6019373991
3.5251388157
4.4723085141
3.4944142301
4.5029724325
4.3443619411
4.3485296911
3.3134137709
3.6022430951
3.7566554261
4.8088501344
3.3999194991
3.5340473641
4.4546353469
3.9559550597
4.0052073163
4.0802690307
4.1616514603
4.6059075217
4.1648642823
3.5709189577
3.2585660117
3.6499520557
3.9915258732
3.1007205353
3.3224593109
3.4236304697
3.9123079143
3.7950588323
3.9950520803
4.3784758043
4.0313105657
3.5037975693
3.4463908607
3.8257097736
3.7057225737
3.8391131103
3.6789631553
4.1087463843
4.0644976893
3.9802291707
3.6564336037
3.6892447842
3.9892822223
3.8594350117
3.7508328587
3.5870098937
3.8453725407
3.4638662993
3.5795106723
3.6489055583
4.0468912357
4.7256888563
4.2975773123
3.8058440303
3.8191490547
4.0641202403
3.2420019543
4.3625117237
3.70281226152
4.6915585827
4.0382530155
4.0590415707
3.8390334293
4.2269126167
3.8542980047
3.8854485333
3.9957370543
3.5144690701
4.2145269383
3.5797594987
3.7465519041
3.9219222603
3.5269137466
3.55784667304
3.9426426133
3.8028986203
4.6322307257
4.2832901917
3.7685995063
4.1323287857
3.9044967253
3.5361243055
3.0144677537
3.2265760627
3.4943715087
3.4461086847
3.5173746287
2.9942623503
3.8367017457
3.3541845953
3.6303339187
3.7532053603
3.8667499463
3.6557807257
3.6088429863
3.8716402643
4.3758414537
4.0022321607
4.3603254153
3.8921018193
4.2881271857
3.5914636235
3.7278107837
3.4511262957
3.2923623327
4.3797481443
4.0075323283
3.7773314777
3.5783578297
3.8774229983
3.8234660403
4.3506963543
4.3479143783
3.13946896
3.787228218
3.137601803
3.324265538
3.611884468
3.22536499
3.696540107
2.446674515
3.958092013
3.568731991
3.383810272
3.40483933
3.86119585
3.932944487
3.234994088
3.1188128205
3.846717588
3.769894753
4.211957908
3.952954388
3.316456454
3.009807732
3.14918192
3.217911487
3.34630749
4.118161398
2.972514204
2.847526608
2.9549682969
3.502036321
3.1868343181
3.96462051
3.419267858
4.469574297
3.130295773
3.790195948
2.9830366211
4.02096351556
4.17755317
3.711710548
3.3111234624
3.5186897357
2.828422199
3.08531767
4.0020254167
3.106164136
3.583798516
3.876522597
3.3496246456
2.86749918
3.362710987
3.54435699
3.261645938
3.3879748033
3.0651455627
3.657936888
4.027093516
3.68046822
3.371817511
3.477818189
3.329792252
3.979653802
3.614636628
3.0369504667
3.312634576
3.1374348
4.40524405
3.581274146
3.779526328
3.310803565
3.134088718
3.442858025
3.248951789
3.160372495
3.629328925
4.04658134
4.310015338
4.04901278600001
3.1703732853
4.112708875
3.319609053
3.68147482
3.031036834
3.207468048
3.2681047412
3.742808835
3.354166692
3.912215731
3.640915588
3.130190852
3.66885354
3.537508508
3.5695895908
3.317774126
3.422985801
4.49331227
3.010190118
3.879754808
2.85371764
4.074498111
3.4660217854
4.4151322902
3.2586003706
3.6476224694
3.7083785934
3.1707358246
2.9731399054
3.5610196454
3.3866875094
3.2886323446
3.4870607194
3.6667958214
3.2058562306
3.4067962554
3.1604336606
3.9152536894
3.4023676846
3.6478177846
3.5845026154
4.0456182784
3.8533469514
3.4820861634
3.1053454046
4.4840798984
3.2245060224
3.3230383346
2.9485013734
3.5489761194
3.3403253404
2.6824829417
2.5933883104
3.8877395284
3.5754731902
3.7516207354
2.8939390524
3.8064807304
3.5451963706
3.4001948526
3.6190806014
3.9567303894
3.7515560344
3.5940902906
3.2993473034
3.0491144494
3.4289972254
3.9011111354
4.1975522714
3.0438054366
3.1718457954
3.8352547551
3.4616234054
3.9838986094
3.3433909294
3.1241737346
3.4472553354
3.0850141046
3.4754292044
3.0573673954
4.2010639706
2.6855759344
3.8097742514
3.1354475344
3.3542335874
3.4231487754
3.0561210594
3.9943430154
3.8254440546
2.7020393724
4.0181819866
3.2570506454
3.1964073916
3.1917129154
3.8003951686
3.7348103721
3.3357796934
3.3535977886
3.5775632983
3.4368034674
3.370851915
4.3101843054
3.1165331546
3.5784151794
3.8063009254
3.9702916846
3.8468875344
3.8461170934
3.3622147076
3.5031506504
3.4857824655
3.5150965954
2.9302030946
3.7760295466
4.2169275654
2.8800192756
3.4547750294
3.5418393114
3.4099589936
3.8571010754
3.7121521054
3.3709890994
3.597543092
3.552027348
3.16061235199999
3.365857592
2.626634214
3.003373112
3.532601136
3.576222542
3.067907162
3.264215601
4.442178062
3.715889522
3.936532752
3.427472529
2.915483375
3.12680919
2.738121247
2.839157988
3.669740078
3.042542622
3.669509746
3.851369762
2.736260448
3.374061782
3.319545912
4.209898852
3.400844386
4.222353728
2.554412372
3.777142651
3.966812412
3.381658056
3.436241112
3.087716182
3.503570146
3.731787355
3.016181425
4.282020912
3.307503197
3.545584162
3.23418195
3.587438292
3.3600513774
3.556563032
3.154768873
2.9458167427
3.153885122
3.405609021
2.775481182
3.317682689
3.493251353
4.146637109
3.849025703
3.073532214
4.053803212
2.860064062
3.072599142
3.449862582
3.213078982
2.692363152
4.372539672
3.155521653
3.23941301
2.597080318
3.265435762
3.345388852
3.014494232
3.238772172
3.584878049
3.576846732
3.5692164831
3.049868752
3.00908367
3.546104055
3.307254132
3.249553343
3.209043632
3.233870192
3.434675453
3.543715832
3.161880009
3.343276728
3.407068662
3.713562892
4.100717372
3.796731337
3.540871458
3.652274639
3.6252100816
3.537708242
3.829135892
3.471315507
3.007796392
2.758402632
4.28254676
3.068756012
3.371660422
2.964351623
3.260877577
3.496842729
4.0019379861
3.5276379121
3.5229329661
3.0066297359
3.5929948179
3.4551255689
4.0836988969
3.79325090158
3.4453345011
3.8070841989
3.6312264931
4.2531685241
3.9774324879
4.0606433469
3.9593572389
3.7725386751
4.3628509499
3.6223700011
3.5827804591
3.4432746289
4.2390688371
4.0909550603
4.2159199469
4.2131913569
4.1106989421
3.7876065879
3.6782993326
3.3884936061
3.1888004981
3.6669910071
3.5492964571
4.1236619609
3.9866314581
3.2568008439
3.5486462021
4.9144426299
3.9588990011
2.81222282879
3.7112862309
3.8483894691
4.6540704049
2.7362224549
4.0749478598
4.1285845929
4.0829415669
3.2689806181
4.1245322081
4.2011946459
3.8806937941
4.2918962909
3.4469048791
4.19869509793
3.7496862401
3.4954331701
4.086459012411
4.4823741471
3.5922164409
3.5969106771
3.9172790321
3.6441610899
3.7757984171
4.1812830451
3.4329831751
3.3880106729
3.4200160609
3.7702996991
3.383746793
3.6808083809
4.0754209069
3.5708140811
3.9005617499
3.7424896141
4.6721976059
3.2008722263
4.1752129521
3.4550308509
3.7928290335
3.5009733852
3.9890233481
3.8932006221
4.4871699909
4.26880804010001
3.6244899591
3.2800696671
4.4294603027
3.4673304991
4.3338807951
3.3579036141
3.3915274571
3.7956917491
3.7450265621
3.9823765691
4.1616018771
2.9594008671
3.6659272209
3.5068295242
3.4974553141
3.5159743641
4.5858406481
3.6733414018
3.0501560779
3.8926209529
3.4437301549
3.7863274619
3.6758331221
3.3086127149
3.3021125779
4.1444678469
4.3429950309
3.6728680319
3.0819277289
3.3698171738
3.5448426101
3.4877763009
3.2968619219
3.6600423139
4.2038776889
3.2713273689
3.6277115089
3.7997593819
3.7256579819
3.9765844839
3.7930286669
4.1305705192
3.9216722749
3.5782598569
3.6207533159
3.9673980581
3.7086331707
4.3049474819
4.1680877239
3.9167832189
3.9997458349
3.6104922089
3.9773107239
3.0024852869
4.0846561719
3.7694918619
3.5759769622
3.9878309851
3.8975740879
3.4387299899
3.6212820569
3.8787645309
4.0871288369
3.1441442909
4.0577123569
3.5449695329
3.9349856419
3.7009335819
3.3444506531
3.8093627899
3.2807065279
3.9036910161
4.36856066
3.4575206505
3.2970203189
3.9031016009
3.6318998351
4.5116385779
3.3597085419
3.5290767309
3.8653332419
3.1150532969
3.9187586479
3.5251017481
3.3132688919
3.6768937009
4.4346705799
3.8673294244
3.8673726639
4.403227876
3.8993662938
4.0575669139
3.4488729339
3.5423613049
3.7750340981
3.5735369559
3.4872805939
3.9483749018
4.2305184379
3.3641991535
3.3277323849
3.2296475532
3.3876302539
3.6734949039
4.5820350239
3.0378826619
3.9990537581
3.7998742389
4.0803058779
3.7075589319
3.6308631591
3.4884783809
3.3204163689
4.2601562719
2.9731728525
3.8611881779
4.1144524569
4.0891120819
3.18909207
3.11636808
3.40317576
2.744509786
3.30054486
2.57632587
2.744053462
3.1639664
2.5100515739
3.342453703
3.06861476
3.72197998
2.954370354
2.716772462
2.878687873
3.17912801
3.480912752
2.782740357
3.381581513
3.272698017
2.46826806
2.932938422146
3.289639582
2.2102993711
3.23011277
3.220109794
3.11369223
2.474967242
3.428195873
3.397938764
2.773647763
3.6965439063
3.48386824773
2.92595731
3.232101553
3.572425183
3.137571409
3.412627019
3.59368018
2.801872171
3.395948602
2.89356719
3.43697495
3.631776345
3.39981291
3.369989481
3.543408627
3.837245258
3.0014945234
2.63910377456
3.57446123
2.569773332
2.44046767
3.37606777
3.329499146
3.618403313
3.26005662
3.686271484
3.1391348132
3.6615025184
2.51916362
3.606329429
2.938861748
3.3890423043
3.08306246
3.0660068
3.655948056
3.383942176
2.561287563
3.39540536
3.2997228847
3.176520344
3.36808162
2.93690692
3.375223259
3.474629936
3.673156192
3.58890149
3.3905407502
3.20687528
3.628700205
3.511073897
2.867587872
3.780692132
3.113370565
2.61857664
2.604798009
3.60926555
3.62709747
2.69164271
3.204487205
3.36677633
2.90614351
2.556472111
2.490389729
3.218359388
3.430524747
3.29193098
3.79766027
3.19851685
3.06139972
3.464337585
3.227216504
3.521602334
3.47670203
3.841393113
3.34486966548
3.547273926
4.1519552581
2.893521478
3.679239802
3.492287727
3.672547051
3.8544139861
4.151867765
2.8557381
3.50921141
3.8823065855
3.917841944
3.010315607
3.685707654
3.433644096
3.545000064
3.387422721
3.099165818
4.188377474
3.389189242
3.392745484
3.520117079
3.09961445
3.092343325
4.038317827
3.891937818
3.30570987
3.717684573
3.249401109
3.175267264
4.154020626
3.835873236
2.752005954
3.436767698
3.0187675082
3.90733722
2.908258114
3.655234994
3.825280983
3.081242144
4.019229098
3.5708435
3.834856934
2.9805601691
3.748058406
3.150952233
3.871529023
3.494363104
3.190098849
3.618441405
3.164003868
4.003839798
3.825809184
3.06192574
3.728699394
3.321951672
3.75097206875
3.31458066
2.903197778
3.280107443
3.851537803
3.664150679
3.079730777
3.567926623
2.960131974
3.1622305918
3.3823865624
3.480587132
3.5965110455
3.865791794
3.123197464
3.561868824
4.073746386
3.024326291
3.199271964
3.84210181
4.3985827889
3.159705616
3.405588826
3.586080279
3.782072438
3.563635224
3.1756443351
3.7295333013
3.092812817
3.645232404
4.350376301
3.324901904
3.6466245
3.533858984
3.538827621
3.766041642
3.5523830881
3.620273104
3.80374807
4.496114097
3.58014198
3.347710283
3.688123698
4.321946919
4.117116457
3.898054132
3.341013675
3.288618538
3.626327132
3.547948175
3.473612569
2.735144481
3.403805567
3.030021725
4.2650681693
3.994493726
3.142181816
3.744558307
3.04261852
2.809699884
2.7127933267
4.075410236
3.830006254
3.681982095
3.179978219
2.940163116
2.457704772
2.881083833
2.710392832
3.969118457
3.401357708
4.389399238
4.432354871
3.770387948
3.620994466
3.140706675
3.352716031
3.082076125
3.8771031797
3.6526418168
2.97195041
3.535574023
4.118657382
3.420800282
3.199992439
3.274989606
3.155430232
3.421681683
3.511372234
3.851474131
4.309755545
3.442111668
2.648228277
3.135621016
3.520343336
3.184047412
4.65297977
2.61786512
3.670577293
3.016029866
3.661721543
4.2923912594
3.055855658
3.541875158
3.973443385
3.514516887
3.636062296
3.88113374
2.887754805
5.111397282
3.651104563
3.726425736
3.101047339
3.9261490392
3.9943736455
3.752980923
4.203001501
3.462060292
3.841532706
3.167728592
4.00110024
3.596363598
4.1522959609
3.813062698
3.360376639
4.16368958
3.049067424
3.536328496
3.890907086
2.99800529
3.67237498
3.493524059
3.245328666
3.8151120732
3.872013566
3.73254252
3.981208942
4.1991959615
4.668821263
3.7579194356
3.652687129
4.03699214
3.945698094
3.771996088
4.33894591
2.867939742
3.527394526
3.719999165
3.78330724
4.217561385
5.09013765
3.942284306
3.895579656
3.59089926
3.772204238
3.65865107
4.002400073
4.366097226
3.62459102
4.392529221
2.967930805
3.652305541
3.701656003
4.55408349
3.636262057
3.0953746711
3.844179265
3.859872518
3.727549685
4.250754065
4.07752942
4.344796744
3.357967331
3.896735853
2.977464253
4.3070935695
3.7831362481
3.349822185
3.858808785
3.288099736
3.849281264
3.287029751
3.663418795
4.535847415
3.73725285
3.481912885
3.2451139
3.034863209
3.79530733
3.94954734
3.4974572
3.739491864
3.851469852
3.66667374
3.74528369
3.57806657
3.533955923
3.353022849
4.44384797
3.455437884
3.68927699
3.58562671
3.627161435
3.975021855
3.67589575
3.979806208
3.518061979
3.504320447
3.568730264
4.0651266061
3.64796542
3.7149784373
3.871992456
3.74821692567
3.49795101
3.56094856
3.154207654
4.16942955
4.181945937
3.829586865
4.1860310455
3.668255051
4.465004086
3.534112876
3.9816797097
3.881319794
3.962566153
4.162559784
3.525794029
3.2867117
3.9636017115
3.7070698
4.142453785
3.86160029
3.850317987
3.947626006
3.810361392
3.4818238645
2.999693543
4.159831597
4.194131459
3.201219298
3.444054078
4.426922399
3.737876883
3.1892942452
3.868852285
3.18377501
2.930247631
3.1744410311
3.8348677172
4.3671851567
3.17824309
3.713078407
3.833611638
4.037433401
4.353209621
3.453371654
3.979979551
4.030073031
3.787820853
3.481911219
3.885263803
4.164481755
4.033215256
3.829483623
3.789768866
3.939948737
4.347288776
3.778358473
3.422834999
4.295296626
3.751057786
3.853176323
3.573831875
3.73721265300001
3.605809387
3.570442011
3.890406151
3.849062257
2.855329373
3.762543725
3.781935271
4.361476223
3.32343079
4.274860388
3.287495637
3.425595826
3.347866533
3.836333043
4.092239123
3.630540889
3.468734901
3.632755416
3.265830137
3.600830183
3.7994794176
3.834885075
3.769583898
2.931536403
4.3769796729
3.177715509
3.29329181
3.852354581
3.906129291
3.806684
3.445656263
3.6968498089
4.023759444
3.606859173
3.443054676
3.461903893
3.402018925
3.496924293
3.241394129
2.952119601
4.123043817
3.1315751165
3.781888989
3.5644713741
4.499003981
3.769896357
3.4050140585
3.424139071
3.42067924
3.430246441
3.341992678
3.977157771
3.630165617
3.9830234741
3.881780736
3.541848926
3.96915913413
3.935189799
3.639589499
3.25499034
4.509660836
3.338164205
3.415517073
3.718327384
4.300699242
3.809971544
3.55919427
4.123749354
3.865940628
3.53732613
4.416096458
2.870456793
4.061392256
3.7980404106
4.055938476
4.3029448247
3.761165432
3.733740103
4.785236455
3.678256051
4.262713922
3.208307781
3.231722758
4.108654204
3.703625303
3.944228879
4.2154168175
3.660088074
3.989945578
3.809481187
4.072791826
4.473210078
3.922441274
3.120458018
4.076572356
4.730139828
3.873652884
3.291069764
3.49071158
4.18772606
4.073327451
3.364405606
3.640164153
3.631360178
4.284951911
3.89599835
4.884883288
4.343239427
3.007291618
4.00020267
4.256968953
3.798357708
3.20620187388
4.091058408
3.800708938
3.471252219
3.8281336325
3.890046588
3.390812652
4.247568533
4.172295373
3.736082578
3.850212778
3.343291698
3.268129988
3.6566789
3.455383234
3.330492573
3.7053423588
3.281142483
4.418261665
3.720073914
3.899280327
3.619537658
4.130923458
4.231609033
4.326143143
4.115152492
3.382246657
3.3553269388
3.89018753
4.362768952
3.726853908
4.299678894
3.9536900961
3.720380838
3.501749311
4.0243827916
3.791302339
4.311664188
4.333084692
3.8444229904
3.8210059474
4.343164867
4.590590338
3.652621488
4.266390876
4.184550575
4.3393993076
4.034022097
3.704708448
2.9509467759
3.4698397541
3.1793418791
2.9873853889
2.9021565199
4.0784036059
4.0171509959
3.1275583851
2.7287812281
3.1630820089
2.6339115291
3.7516778739
3.3043506739
3.1376546741
3.5774853929
3.2958138841
3.7341283411
3.7785452659
3.8157924801
3.1828477741
2.8036659331
3.4947647981
2.7607899959
3.2502787379
2.7713513831
4.1241111429
3.2929726539
2.8207948927
3.8194963581
3.4415976349
3.6750066559
3.6892937041
3.2658698751
3.6196895641
3.5738202841
3.3508907635
2.9052759539
3.4128772859
4.0717128369
3.9990876082
3.0793858841
3.3911628381
3.0246089841
3.2889502141
3.4126970731
3.1400980841
3.6151710851
3.4931290789
2.9952368271
3.1103802649
3.7382094701
4.1817982459
3.1916276201
3.3949878341
3.2342781241
3.3010202936
3.4189802119
3.4075276459
2.7670183841
3.8296907241
3.2728643789
3.6462469501
2.8645760941
4.4863041199
3.5360380841
3.0999960271
3.0608086141
3.4872934591
3.7076171319
3.6969105341
3.1310196619
3.8122312411
3.1939577891
3.7986588721
3.5969896959
3.2474885741
2.7828297151
3.6694721759
3.8459012259
3.1813817219
3.4857792149
3.1171782041
4.1487335143
2.9406858961
3.5237715241
3.4809512709
3.5385795271
3.0097820539
3.3728634799
3.2927165829
2.7946224171
3.8382694059
3.6977114731
3.3750216801
3.3124048321
3.0057538879
3.6717621359
3.5048216359
3.6194665159
3.8763742581
2.99795916
3.088891425
3.377377325
3.131301215
3.8452612475
3.072786736
3.730201064
4.090579128
3.778065525
3.715622218
3.570259855
4.086820045
3.542250144
3.686460935
4.119552016
3.964259165
3.66654377
3.813049705
3.828097745
3.4412858093
3.812887805
3.758193085
3.776407243
3.639244199
3.543886262
3.894959259
4.013478535
3.243786996
3.506788551
3.60510594
3.331574645
3.581380233
3.876681378
3.902329734
3.028281338
5.030838728
3.580936437
3.203577125
3.813033615
3.619981318
3.9645696134
3.751178285
3.977710455
3.966602325
3.568390981
3.715969487
3.83647841
2.916329995
4.246218151
3.834095372
3.371892635
3.534424318
3.687210234
3.777620473
3.62229743
3.183083485
2.857419238
4.9006194119
3.428751559
3.28475366
4.03249644
4.20466695
3.4440622
3.154355046
4.170824972
4.0409173
3.274780425
3.606409153
3.718950951
3.3166826004
2.954316434
3.615920138
3.522318708
4.0060432425
3.557627175
3.712378908
3.220339425
3.266783319
3.444337735
3.109159247
3.148127255
3.687025252
3.779899086
3.243063274
3.5081928505
3.890718235
4.031305239
3.115448671
4.240929105
3.513090481
4.4637552209
4.059732873
3.678043366
2.932626785
4.52741514
3.3217147716
2.968408616
3.283688465
3.795041096
3.830489241
3.04410945
3.760169682
3.506658075
3.210831733
3.203730421
3.760122255
2.986155576
3.35745386
3.309811859
4.094169281
3.40820535
4.06900564
3.499230967
3.01621186
4.0458736166
3.0988430128
2.652402578
3.348298377
3.390668578
3.674304498
2.8165769421
3.48481149
2.739187954
3.073156138
3.197360114
3.258501892
3.330339362
3.7762148942
2.95703441
3.1216903
4.114228115
3.040882697
3.406979484
3.594053162
3.13151873
3.481831459
2.83282442
3.94943237
3.19748475
3.754343505
3.118897034
3.114311041
3.376678145
2.908776424
3.77370267
4.357394142
3.36259098
3.586131165
2.785388476
3.14192923
3.68568929
3.43023732
3.377959674
2.904172735
3.413718542
3.83295082
2.98109226
3.724401896
3.56725369
2.9601183017
3.4135261684
3.033204742
4.050482437
4.035701775
3.55732483
2.789188755
3.386583481
4.110107935
2.694318932
3.6062993551
3.283338868
3.275618348
3.52658749
3.10947379
2.378026203
3.06702949
2.662614275
3.38735446
3.10579048
3.935978578
2.981180338
3.50477797
3.147417539
3.214620631
3.671184708
3.008329907
3.24798655
3.451456828
3.2472425653
3.448570963
3.503898107
3.234405815
3.10135547
3.71586089
3.74169869
3.321289271
3.836592435
3.860572814
3.729355071
3.606016615
3.591316596
3.584274313
3.626826926
3.503865877
3.347949712
4.129602429
3.924533071
3.088228476
3.647228463
4.054396986
3.392567684
3.287783321
3.868780456
4.112542324
3.542991756
3.032129906
3.871779211
3.630880304
3.463595397
3.613014163
2.657422816
3.039594353
3.4340463788
3.411099726
3.312608153
3.734414452
3.1737111832
3.385584904
3.22875263
3.937902314
3.435772854
3.542022945
3.311805795
3.82375559
3.997953745
4.16297397498
2.305915801
3.508165142
2.827728514
3.758953385
3.484035523
3.577170331
3.310259406
3.40245585
3.536530325
3.570035544
3.804842753
3.562522611
3.253499096
2.8325316381
3.668787614
3.743059321
3.122382676
3.504896376
3.280425573
3.067233947
3.7014440483
3.413333166
3.627886536
4.085542677
3.6894293574
3.307992304
3.6637318691
2.872458642
3.251359025
3.35160242
3.63945305
3.4549251191
4.101773316
3.363619626
3.43426146609
3.361738764
3.561135691
3.706503389
3.419794566
3.765968548
4.9509453583
4.133167854
3.676893196
4.340647287
2.930530521
3.141739486
4.73394921
3.39463298569
3.194537921
3.1411570271
3.280169142
3.832501047
3.43213033
3.879409268
3.056924406
4.018611431
3.163700793
3.966504235
3.785254758
3.113171447
3.5815080604
3.455463427
3.03551321
2.967336758
2.84512855
3.508824306
3.242679435
3.185483955
3.089806254
4.206641385
4.135367064
2.870612253
3.55671757
3.424990145
3.22035064
3.395947052
2.938802134
3.17251785
2.916634643
3.532598028
2.5856439423
3.49651287
2.9437062744
3.526284066
3.19227362
3.914704724
3.937146443
3.487970462
2.852410457
3.773461036
3.4354417274
3.032362927
3.281617149
3.469510742
3.159889873
3.416304004
3.067851407
3.20592934
4.251896994
3.098324304
2.511870006
3.456283401
3.2473813
3.427212738
3.354986715
3.279955396
3.70630914451
3.35425005719
3.304985605
4.173619396
3.01727103
3.823952254
3.2574247454
3.714750039
2.737696982
3.235334503
3.2505556872
3.021334047
3.091728994
3.598644024
3.017862174
3.351579126
3.152482636
3.144245903
3.283109095
3.141314148
3.954299996
3.324237363
3.429555631
3.883415231
3.738944424
3.018366133
2.670750384
3.560403406
3.267108804
4.135768416
3.22800617241
3.075217978
3.926619897
2.9821220224
3.407509729
4.387849256
3.960920751
3.538183679
3.047357271
3.182250734
3.559929002
3.82773643
3.483506324
3.440781204
3.7098340894
3.047986247
3.121193764
3.724700403
3.563232312
2.978602202
3.12649757
3.055672402
3.61224447
3.079192915
3.113299828
3.37047666
3.917944604
3.2444723904
3.321208423
3.309397654
3.687468181
4.106803653
3.143428864
3.2265512
2.847262071
3.751531913
3.301585607
3.818214257
3.4960624622
3.255160231
2.860016901
3.840607662
3.3972986497
3.5154934914
4.282596638
3.67630056
3.773740657
3.208812417
4.671934737
3.667929113
3.3442617217
3.1899765969
3.631140394
4.029636335
3.552700729
4.161564787
3.342180251
2.8865086571
4.355670793
3.298545896
3.33154073
4.02165116
4.350510715
3.2727165673
3.275386087
3.188003517
3.815225023
3.913493983
3.821882187
3.565035186
3.629107946
4.1474229613
2.897701854
3.9827539942
3.176154594
3.476407148
3.184430116
3.0776423124
4.37819998
3.0208524972
3.893941689
3.5130738412
3.435763246
3.223717914
3.240785507
3.13267593
3.454832621
3.843281994
3.709980843
3.196548022
3.239840986
4.498521049
3.938110444
3.996886214
3.383000216
3.251775057
3.3035854159
3.45292276998
3.724166951
3.4629597158
4.059954511
2.958939688
3.138992202
3.446534107
2.912968138
3.06669038
3.234302491
3.3729574157
3.37035619
3.892834414
3.966243359
3.6836566074
3.610443191
3.783962365
3.511605756
3.090625313
3.480652991
3.450514083
3.373547216
3.979726424
3.2611374724
4.0037770938
2.743739302
3.486443657
3.2306735603
3.314010815
3.24355634
3.135024335
3.62002555
3.9859654726
4.168030394
4.382896036
3.840626241
3.620335308
4.368328287
3.11561268
3.3669116172
3.231252552
3.609369824
3.40476309
4.067121721
4.5738228217
3.915345444
3.81240447
4.50898206
4.006636169
3.907777684
3.675525032
3.989840953
3.9483808094
3.847653809
3.236979283
3.779555285
3.84348468
4.21353047000001
3.676629111
3.884145003
4.513137876
4.058196005
4.017496718
3.75147656
3.571087068
3.2571146945
4.423391428
3.880588791
3.123748485
4.655390682
3.645589786
3.44713141
3.6748773606
2.9171602165
4.578631992
3.88265079
3.782204624
3.508587512
3.8713134658
4.6138944997
3.773062604
3.385167859
4.45463572
3.733637826
3.159545947
3.56905795
3.53409422199999
4.024594862
4.175770532
3.638187722
3.53261929
4.42175609
3.682400397
3.82651924
4.269993623
3.7591644292
4.646127722
4.124284562
4.387288701
4.45323371
2.940172801
4.125748169
4.625955053
3.790731241
4.10080895
3.9565798434
3.552463072
3.519430677
4.087427434
3.859811263
4.0498390179
3.872353397
3.69411109
3.474232492
3.40968408
3.226027335
3.368248378
3.805998909
4.317765841
4.31258978
4.0956725056
3.084952897
4.057156068
4.341456499
4.0492876606
3.418686845
4.10968386
3.239431104
4.586329662
3.7141088196
3.73356439
3.338158527
3.905989465
3.232940155
3.399080025
3.8057670954
4.130767793
4.033297026
3.482717579
3.306060462
3.913570366
3.149754155
3.121134678
3.570970116
3.1017727
4.042693892
3.838676603
3.536566482
2.650579009
3.369184892
3.880400574
3.85965884
3.54137405
3.184218855
2.691654944
3.5659689279
3.659520391
3.305018793
3.6094825
3.132377517
3.418126005
3.7160242935
3.672372445
3.267062821
3.692407663
3.080562391
2.941955537
3.837038008
3.414068755
4.037781949
3.964419145
3.836622316
4.7926584681
3.379610255
3.435551304
2.7985237543
3.810991366
4.078498441
3.447424169
3.7169344255
3.7916146732
3.098712555
3.808245959
3.227676404
4.076430285
3.489438483
3.449184604
3.285136025
3.116754475
3.483333779
3.278556545
3.565761315
3.708330951
3.2688808031
3.633577324
2.428063635
3.449421147
3.296746813
3.729323315
3.3438985879
3.785831699
3.785379556
2.944413714
2.848074685
3.505519203
3.809995802
3.882697704
2.901456448
3.679887763
3.425276249
3.598001072
3.551723965
3.161451939
3.814897718
3.574212169
3.231896151
3.98544302
3.7427998184
3.465361239
4.038488227
3.129619602
3.043857975
3.574040106
3.8641584805
3.433037935
3.4731021135
3.948205428
4.008912213
3.773966613
3.332341979
3.952547195
3.2845437676
3.300897281
3.319124541
3.1385299889
3.692801907
3.007184981
3.273204305
2.914066467
3.205039735
3.198311695
3.5154104634
3.3269388879
3.315154737
4.1855189365
3.696661645
3.105851945
3.715196799
3.066199561
2.791621505
3.617732977
3.480134474
3.06539474
3.563052618
3.197167765
3.093966958
3.3305515715
3.176480834
3.108548171
3.279282613
3.434958395
3.049465424
3.343588397
3.916677068
3.666951324
3.425911605
3.064686357
3.244825437
3.954360235
3.525539535
2.954779287
3.553244764
3.7232634135
2.506625425
3.480514538
3.7291263081
3.5090051205
2.94859296
3.277116391
3.25986081
3.381887402
3.1656479399
3.847313605
3.528794981
3.220776158
3.512896713
3.33715273
3.803450823
3.5870043793
3.289155365
3.87058262
3.859842405
3.287171331
2.910384627
3.728629011
3.472650706
3.116725096
4.101295895
3.0794311301
3.571435616
3.240084403
3.521400793
3.600144094
3.299190907
3.215009784
2.660072277
3.581188812
4.020693395
2.94947781012
3.591387845
3.343762805
3.463855065
3.470968497
3.382107324
3.438568753
2.988836065
3.647617978
3.157925565
3.418786643
3.188939517
3.339331526
3.821414475
3.630712897
3.07016826
3.631834329
3.30651872
3.472136745
3.205139885
3.889479465
2.898418016
3.192822425
3.490569076
3.221839989
3.56098732
4.758612936
3.2914309566
3.971065298
4.762314247
3.8054986561
3.758244122
3.257904751
4.604878188
4.125113512
4.21517685
4.050019991
4.240249317
4.025300302
3.65566504
3.345322372
3.273666186
4.19448507
3.7280865406
4.317739478
4.07500794
3.602029638
4.472082066
2.956127503
3.657421614
3.511945551
4.0177343762
3.227533739
4.053599007
3.602757099
4.042210071
3.6310728051
3.672750387
3.704203979
3.63340945
3.49352522
4.335678924
4.166508477
4.454479987
3.840092623
3.099157472
4.14329112187
3.85435677
5.09707316
3.472161418
3.43399005
3.652402379
4.10481256
4.24293515
4.1340807349
3.76240132527
3.564759627
3.71234498
3.983376732
4.0942892168
2.962038243
4.371344918
3.574743233
4.217427078
3.705869868
4.9625681
4.44854952
4.62414962
3.921184727
3.876979292
4.303648049
3.10107139455
4.7721013713
4.399049582
3.582806391
2.695905355
3.852764781
4.439899121
4.478452609
3.6996117969
3.875839122
3.54219437
3.943977297
3.96756533
4.008547109
3.86659505
3.38408147
3.868214925
4.230773064
2.815881704
3.74983512
3.90621805
4.151827876
4.2122824
4.160261874
4.447679106
4.03904016
4.162240026
3.939966135
3.47472302
4.273815102
4.04924242
4.22649012
3.7616821555
3.53777753
3.750409008
3.324607596
4.06289508
4.134566958
3.724787423
4.1167327
3.6282582569
4.324062279
4.0663492494
2.9584810673
4.086310211
3.62934045
4.007512165
3.8599308
3.814019366
3.84067995
4.06387797
4.722779367
3.858033
3.55839975
3.279153275
4.179420636
4.1777608726
4.20988936
4.0590814
3.168801277
4.226420804
3.2436783
3.570203573
3.739735935
4.533829172
3.627429755
4.00086533
3.56423256
3.3138881035
4.474383671
3.863621914
3.5249281
4.805196474
3.9365547345
2.734006573
3.64356838
4.15158272
4.52814881
3.553051435
4.121573365
3.506374768
4.16792656
4.25390115
3.720400466
3.8895590795
4.366467327
3.9878424294
3.708092248
3.740935171
3.80847385
4.598333023
3.34674904
3.558212348
3.62395854
4.171972865
4.411584759
3.925740641
4.144374525
4.32224658
4.166258672
4.107926198
3.50606171765
3.974263593
4.14219589
4.163706335
3.689139929
4.75301105
3.57562382
4.3777171925
3.984496674
4.315537184
3.371182505
4.60506891
4.1148814788
3.466062765
4.1394119955
3.423193806
3.622940105
3.9447115
3.245831325
4.05465676
4.168725842
4.6132569236
3.93489463
4.272747111
3.849121605
3.97421882
4.047798964
2.827583668
4.06971668
3.330392847
3.80446437
3.053190931
3.635160634
3.365974011
3.320475366
3.528458476
3.497869416
3.648207857
3.438677835
4.284413606
3.657011151
2.7045287997
3.934029044
2.897705721
3.446845159
3.9011939552
3.008075468
2.925492176
3.643892793
3.847305393
3.469858236
3.779382285
2.773934441
3.7158898931
3.658955179
3.445707666
3.165568486
3.675861182
3.538320228
2.951052666
4.082914504
3.254814276
3.457143814
3.244783475
3.573893794
4.558722976
3.820873446
3.576258776
3.8419240439
4.104168936
3.868753866
3.734063249
4.089071914
3.545536694
3.962632578
3.091711051
3.731136362
3.31673184
3.8087031
2.969464288
4.071958266
3.628554228
3.417540813
3.4968920857
3.958756698
3.603565914
4.430266337
3.4191054325
3.42647469
3.965556674
3.343212106
3.583472966
3.651602076
4.11758299769
3.4207008258
3.585126132
3.277793764
3.900464831
3.473310918
3.235231976
3.539702647
3.2131244313
3.10971143
3.877290171
4.3100452
3.546003046
3.20006935
3.587292886
3.650551107
3.843359917
2.7447337825
3.4711279427
2.954446281
3.84355233
3.256032786
3.941009184
3.802030775
3.267118606
3.559825159
3.080380928
3.566430446
4.089917716
3.193988456
3.479470444
4.076217841
3.528586079
3.75616502800001
3.704802116
3.727359506
2.984320099
3.651883502
3.0873243195
3.737410155
3.364478165
4.05305185
4.1418120956
3.354317765
3.166084924
3.394424087
3.6155237166
3.560528745
2.97210942
3.794952371
3.692643155
3.240310846
3.887191339
3.598929215
3.40016443
4.381984962
4.116163797
3.9111212014
3.312208745
3.432820617
3.543689906
4.3001433
3.557383194
3.268452168
3.327684889
3.58927798466
3.589799776
3.924031225
3.748693515
3.50488369
3.616628791
3.494350327
3.650321715
3.14762079
3.363047865
3.881878287
3.47316922
3.4098373193
3.7074602605
3.413073846
3.3449749984
3.253073977
3.471315605
4.167662953
3.12635454
3.612353905
3.7843271595
3.11618697
3.094420459
2.883132285
3.301944208
3.571241531
3.044472275
3.434501935
4.255232165
2.998894497
3.435957215
3.511827819
3.37713535
3.664311886
3.2719826051
3.2346301732
3.49069452
3.205203705
2.479721472
3.76144164699999
3.366737229
3.136553189
3.0607163702
3.674259009
3.32157144
3.797536995
3.672896015
3.502968511
3.920661785
3.501738558
3.334815125
3.836232723
3.19554071
3.150362774
3.653545799
2.355934416
3.22544989
2.872471778
3.037929705
3.9061063765
4.271006795
4.080644699
3.364712895
4.145855465
3.6671448
3.461150455
3.829031065
3.749583922
4.096770665
4.0224281528
3.449001282
3.141965724
3.604127923
3.675716493
3.424660516
3.285229195
3.3145169587
3.493520401
3.435646873
3.252401003
3.247473191
3.026776675
3.386886466
3.689488916
4.082448243
3.556002371
3.5760051098
3.76490047
3.9533042407
4.454461458
3.3813218355
3.36339354
3.352625334
3.890951102
3.63082973
3.140748177
3.823467073
3.691620632
3.204826997
4.062215019
3.899784184
3.381070597
4.213136157
3.550761779
4.323493898
3.339261987
3.546152838
4.204744718
2.78692661
3.255223644
2.948865007
3.509325483
4.411396343
3.613942901
3.048176182
4.462848177
3.919634416
3.678857551
3.65208134
3.441351479
3.23035417
3.355138716
2.54827315
3.8523314267
3.259225059
3.711292454
3.2483942918
3.436605041
3.759606153
3.5399619944
3.225583738
3.7949522359
4.2856733707
3.461252056
3.370511397
3.969452353
3.011045019
3.8633148987
4.279838672
3.194311303
3.828044284
3.094365065
3.764368535
3.102888449
3.7040440772
3.764522323
3.2072614065
3.009516053
3.280465233
3.491833844
3.065944877
2.926039409
2.8376046121
3.756054415
3.096937423
3.6993391986
2.773155893
3.8500051631
3.681233649
3.408412273
3.594785816
3.8394138161
3.757446434
3.863486908
3.465319369
3.86709798
3.352236453
3.426088196
3.4125101987
4.078227242
3.1222676406
3.882115163
3.825304976
3.0789028
3.14821148
3.273496061
3.725456759
3.799342768
3.57550198
3.285573965
3.9967565993
3.8415228496
4.2750858834
3.883633758
4.025886399
3.865099102
3.7941494687
3.950622683
3.44286027
3.437507464
3.7897819911
3.861852727
3.8411268773
3.819798282
4.586778028
3.53029107
3.706318071
4.078437765
4.10483607
3.81283137
3.687728988
4.42332851
3.905921993
3.843767437
3.817881623
3.790014121
3.960987602
3.91743141
3.832234374
3.556956588
3.705581289
3.995549311
4.265432402
3.3706112566
3.034051393
3.495651438
3.057178439
3.649576359
3.742846335
3.94897416
3.754836287
3.907825639
3.578475526
4.022753268
3.752998163
3.686886105
2.73517278
3.845876135
3.3712628085
4.0192399098
3.849620045
3.44950961
3.794776319
3.245098393
3.659553911
3.87618142
4.4032001117
4.1353067431
3.7042880558
3.604624375
4.188591025
4.782692077
3.59359184304
3.461762162
3.888055792
3.565050058
4.35005386
3.465486332
4.659819952
3.210126667
3.66503724
3.4566446981
4.069651877
3.272019314
4.20484112
4.0050076945
3.226322886
4.85704254
4.019119351
3.922674299
4.212526513
3.706668573
3.116273034
4.104588838
2.9935343285
4.33791143
4.072789754
3.849598521
3.831524512
3.542082801
3.794962965
4.502157301
3.6813639376
4.371859955
3.194947482
3.087217047
3.910014965
2.775937837
4.192573297
3.62152362
3.943825896
3.4981529
3.517711422
3.333801387
3.382275166
3.80585458966
3.377062211
3.273909618
3.371576954
4.179472953
3.835440053
3.221449654
3.57372543
3.87164303
3.630215906
3.647381729
4.05276209
3.952326927
3.616363241
3.737254015
3.3141821
3.54022502700001
3.412566404
3.685352395
3.720077123
3.543972083
3.441164293
3.641760156
3.61175994
3.1277694483
4.020832399
3.755719238
3.460125245
3.611522717
3.939537559
3.76691204
3.973135702
3.884173783
3.312973683
3.913336306
3.708158622
3.81183585
3.942454297
3.570948475
3.03357369
3.408731225
4.02538543
3.443194675
3.0884447388
3.4802879653
3.354453032
4.060307759
4.3110964
3.643131895
2.974640592
3.55164391
4.192783136
3.645713536
3.69077748
3.530538495
2.860276673
3.480953584
3.266037383
3.7393188225
3.255764817
3.5176166412
3.973897084
3.459001509
4.221676851
3.79293739
3.387246597
3.448668285
3.932602428
4.756198441
3.198710307
3.32014115365
4.257445615
3.667989502
3.76111752
3.829123575
3.49828399
3.3559464028
3.502889789
3.319142201
4.22675175
3.709933067
3.9107877442
3.5765069348
3.905586128
3.225104471
3.9422887
3.66042158
2.53509777145
3.43874748
2.932442207
3.516880251
3.929018591
3.451004903
3.223609243
3.2943424093
3.304532771
3.5286854766
3.823382285
3.19014472
3.60947002
2.811321771
3.364558754
2.746431329
4.221622171
3.155249773
2.909498101
3.6787121799
3.452077216
2.825308196
3.524719653
3.078069371
3.265634265
2.834901763
3.603798311
2.890135729
3.808170901
3.736807588
3.450923091
3.128321631
2.79842257
3.208425705
2.886550022
2.7812512798
2.325341648
3.535674932
3.593838458
3.244625371
2.667447036
3.246208852
2.965972625
2.959863339
3.103884146
2.588787272
3.609195125
2.865897292
2.429669171
3.979162236
3.109981664
3.099197742
2.895561901
3.837403751
3.5217976438
2.925911366
3.517730699
3.607276041
2.988543671
3.298946735
2.680426941
3.180394286
2.50964991
3.368889675
3.059170351
2.476283788
3.015720111
3.386678018
3.306871735
3.475684241
2.551013653
2.664458292
3.065611686
3.5191825565
3.359928693
3.316217642
2.988932153
2.902473981
3.004243982
3.039436661
2.786640732
3.342316371
2.983711163
2.928977295
3.151705988
2.9979965
3.181189041
3.481464317
3.587080241
3.051878818
3.592157235
3.43964688828
3.348388126
2.958883862
2.573239479
2.836991596
3.0189462457
3.542924761
3.695980291
3.150986577
3.492624641
2.977638394
3.402705161
2.9932506644
3.174123837
2.5365745294566
3.229830428
3.488199653
3.623755091
2.9378855577
3.45626645523
3.6980353574
2.612273371
3.359136087
3.306754836
3.682695011
3.4588941
3.341586321
3.575480141
3.3789833684
3.249299486
3.237251461
3.8261345515
3.313076208
3.59586638
2.9624588141
3.6447132618
3.348140831
2.708008331
3.47765949
2.716533531
3.569766068
3.955008893
2.900936531
3.30659367
3.014518851
3.278639906
3.116319537
3.7551913415
3.506111841
3.304107772
3.512941379
3.209897831
3.6367695152
2.911831898
3.875882911
3.510794123
3.942671781
3.1173763807
2.872855195
3.279492091
3.4419370145
3.213780269
3.435335131
2.469418208
3.382153531
2.756826983
3.062005547
3.040814121
2.285929911
2.6459609113
3.07898631
3.6082304442
2.774429069
3.298539518
3.876788991
2.76225678
3.428944495
3.510609061
3.20933995
3.110849806
2.4523594121
3.432628821
3.128727251
3.190853349
3.544910693
3.206585911
3.238304641
3.346165961
3.059998222
3.076857737
2.6640520406
3.791746912
2.740351331
3.0537233805
3.197068261
3.333446877
3.213062615
2.893113636
3.200323174
3.083038811
2.809973444
3.332181811
3.010107991
3.753142701
3.237976733
3.094514871
3.348637369
3.333238272
3.231086927
3.139164553
3.811432576
3.444024102
3.792025071
3.102887229
3.440047505
3.470743594
3.823809913
3.772629133
3.23848267
3.21103316
3.46907915
2.931589555
3.589843447
3.632221525
3.3997316
3.52857031
3.77556502
3.391745203
3.60104982
3.139585111
3.763517
3.809927064
3.78639559
3.13989855
3.07226691
3.20252503
3.026087927
3.51422901
3.430593737
3.323629056
3.7839426388
3.188056183
3.74817576
3.266367441
2.762888064
3.789053903
3.75136878
3.63397226
2.921996868
3.808406474
3.566519964
3.29446913
3.85589863
3.22385205
3.288198726
3.28460863
3.588482229
3.504248376
3.134701157
3.76622231
3.63276764
3.33842823
3.58750011
3.42870323
3.439676695
4.018243719
3.767127348
3.714593561
3.145273225
2.81626901
3.53545967
4.037951895
3.544342853
3.374764025
3.531603455
3.8957403
3.38674631
3.5099749
3.34852462
3.295265786
3.367563269
3.8339275
3.58279911
3.551515535
3.79488194
3.487100971
2.91738037
4.11512955
4.137487317
3.118371699
3.33677769
3.683963703
3.40121265
3.33959868
4.041805213
4.06880005
3.085985443
4.052596103
3.7204120526
3.84704954
3.355561577
3.80870124
3.602762275
3.49828348
3.15103062
2.925067163
3.495222212
3.324738434
4.106922809
3.551418138
3.700130413
3.0756606
3.610783833
3.603585539
2.475018482
3.992962272
2.967412596
2.8954834117
3.170403204
3.2368373077
2.944665263
3.765573795
2.957266249
2.970837345
3.201795218
3.03671091388
3.295219644
3.295672656
2.5793885874
3.3919895055
3.129270603
2.654893529
3.354585228
3.304160592
3.024942816
3.216597784
3.24062112843
2.96157451099999
2.935681864
2.559534654
3.355643286
3.610694391
3.316926755
3.707135014
3.6508900457
2.783472083
3.176790482
3.572903282
3.574005851
3.301918692
3.458411496
2.938102591
3.105639937
3.329289002
2.954332677
3.680559346
3.36558648
3.407553461
3.131934064
3.252550508
3.217826017
3.706328034
3.118654101
3.17664857
3.261276101
2.261867212
2.729164742
3.215211446
3.228226386
2.74900843
3.576052138
3.122983816
3.221384549
2.865399203
3.000177471
3.124878034
3.189226068
3.3457742042
2.790957974
3.086304357
3.4738009629
3.255143182
3.019094824
2.896041938
3.451273239
2.969608825
3.891961465
2.877781721
2.978384401
3.118960044
2.697424888
3.5555207734
2.438138094
2.979118794
3.351864521
3.07005638594
3.9304429747
3.716565799
3.566905725
3.174685745
3.072064333
3.713007658
3.113804876
2.884409257
2.821830465
2.969683551
3.336675195
3.506939344
3.610927161
3.8356304392
3.45783131627
2.76306761
3.618951222
2.99944016
3.383160136
3.3077285197
3.116774902
2.49483037
3.5455110913
2.609028718
3.552467836
3.080374055
3.40888257
3.1183487302
2.897353619
3.3603641417
2.775551976
3.460108564
3.218535935
2.8652867221
3.123246765
2.98845279
3.762649749
3.020804412
3.209312037
3.396713863
3.343081686
3.432799073
3.14573095
3.7354143273
3.418587534
3.025441505
3.930926917
3.363450653
2.90482515
2.917719319
3.117593764
3.165782146
2.99092584
3.165139212
3.466478556
3.495268505
3.306086
3.059779966
3.09656458
2.489001915
3.646895001
3.515748944
3.060527525
3.56956583
3.069232533
4.0876346513
2.992177924
3.5051528875
4.271818672
3.5440681086
3.449386908
3.077301276
3.168891944
3.25144856
2.69611172
3.031635659
3.166829502
2.688744408
2.55093817
2.752464693
3.043125178
2.706533946
3.474328227
3.40634233
2.56993781
2.8663968
2.5489243417
3.182166056
3.145759952
3.760749579
3.149288799
3.4524860343
3.024769584
3.03201219
3.421194646
3.33062229
3.164203541
3.343255727
3.0740579983
3.225794348
3.370616019
3.648036419
3.31158909
2.790658352
3.1669457283
3.175278559
3.408640412
3.51166574
3.66847994
2.798767514
2.70908953
3.790213446
2.701450598
3.580960093
3.314266476
3.440898533
3.176420157
3.121590081
2.897721993
2.839613777
3.379196521
2.762526046
3.027941649
3.029218847
3.111817133
2.757604437
3.090010047
3.00369537131
3.577659027
3.261262521
3.021853618
3.056308915
3.447967693
2.864860936
3.422891627
3.053552339
2.954051117
3.108161058
3.194382043
3.040832663
3.325226957
3.031801877
2.884578643
2.819784968
2.724972483
3.2104168029
3.1912856288
3.079649469
3.083469617
2.700457738
3.506213968
2.487281314
3.923832693
3.376071194
3.103056154
3.14067324
2.913228057
2.8888136
3.703849101
3.464006903
2.977560229
2.789689066
3.456919347
3.220667297
3.443616427
3.590375685
3.210983569
3.3226115771
3.28413721
3.061177137
3.220300567
3.311613294
3.052648529
3.553286698
2.578566009
3.805804489
3.820875677
3.265184245
2.61135495
3.105026321
3.34299578
2.947739389
2.719372217
2.9136109875
3.2756305636
3.350815426
3.114769917
2.902384197
3.891651637
3.111576342
2.983384826
3.056370744
3.243009053
3.549821571
3.595273153
3.35676146
2.801472743
3.104528274
2.991735543
3.117261657
3.610719513
3.0395636949
3.873731317
3.139505525
3.307368633
3.507716314
3.205186068
3.3611502263
2.964736972
3.963606458
3.376891904
2.98339299
3.182915467
3.21128976
2.917425011
3.252895541
3.79138461621
2.463421929
2.972863599
3.5686171966
3.366367201
3.553898099
2.657867311
3.412531521
3.011416829
3.711188619
2.595053609
3.152388981
3.699613145
3.465441049
2.8040489127
3.161249683
3.298591537
3.660753698
3.622569191
3.1444469684
3.223666969
3.039897414
3.590533858
2.726818756
2.168651012
2.831995835
3.469880203
3.236970889
3.776015053
3.078538725
3.105573629
3.748858264
3.758993123
2.843052091
3.067929164
3.506430147
3.641971036
3.088860005
3.155825261
3.225475556
3.787941343
3.367722499
3.111160285
3.179978237
2.980192001
3.3890175687
2.926592871
3.134221908
2.978829911
3.048022731
3.2167564797
2.776940452
2.747717398
2.901304382
3.274668344
3.041218239
3.421127487
2.989534288
2.884705101
3.680025629
3.00736753076
3.367203555
3.186647227
3.061337837
2.868975281
2.972496743
2.988386221
3.135338471
3.331607811
3.100070532
3.053872741
4.145368989
3.545194632
3.24129358
3.425933716
2.989911633
2.575368897
2.62868981
2.941980869
2.854268186
2.9277038237
2.918455589
2.860683306
3.361318321
3.4942001235
3.001134085
3.566763741
2.978346331
2.929944519
2.908292515
3.105935879
3.3427031007
3.454899097
2.693130949
3.05375823
3.144319653
3.489980205
3.539004765
4.73059838
3.52300031
2.9580775342
3.757302608
3.350169317
3.549901537
3.558954409
3.390367432
3.7170176369
3.281974684
2.8975681415
3.359096616
3.646655746
3.398356966
3.6236063505
3.562276597
3.853105088
3.408828248
3.6777479467
2.636490345
2.56657858
2.801560518
2.856878401
3.557044609
3.130892341
3.2622868347
3.282766446
3.396845634
3.445876294
4.33358632
3.53040763
3.3134850125
3.366501278
3.02502143
3.710576931
3.425870696
3.418922839
3.874914787
3.08765425662
3.83304926
3.29041765
2.945267471
3.952552389
3.373707543
3.79722457
3.96669232
3.95261619
3.753209585
3.541456193
3.37231689
3.77708195
3.864966465
3.59983763
2.981347044
3.111517049
4.125221305
3.2643250851
3.772160071
3.2248341866
3.669112827
3.938520923
3.553222167
3.65068541
3.712827352
3.419135037
3.449263192
3.507912448
3.190556507
3.14000344
3.66081732
3.295238142
3.104288891
3.413842216
3.4634253375
4.23512765
3.463412448
3.464611493
2.77360983566
3.58816548
3.69111161
3.92195801
3.631341001
3.379007893
3.23193954
3.220697304
3.22316732
3.282935032
3.20968186
3.2919320624
3.4112374448
3.085366514
3.61730042
3.573932393
3.631993118
2.856476797
3.51152894
3.3541773528
3.610934052
3.781058815
3.781223769
3.610691698
3.242769414
3.298151914
3.023147608
3.695671148
3.426634309
3.665089083
3.268684706
3.122848504
4.114707296
3.630034637
3.372164608
3.040582744
3.404003868
3.449897195
2.979505586
3.415698624
3.624987058
2.7940375544
3.266976392
3.648837531
3.893578483
3.2401566871
3.266285314
3.541107994
3.372213329
2.80651853
3.122659002
4.073827201
3.284386706
4.022589951
3.55092032
3.282503875
2.99493876
3.158748242
3.142846164
3.188495737
4.03673499
3.563792792
3.535551177
3.018353554
3.463756772
3.4327713544
3.327888415
3.889731264
3.749403542
3.880769305
3.297053065
3.220645024
3.6588958322
3.587478624
4.025900231
3.855654148
3.252616455
3.512460051
3.739333746
4.709872479
3.499893641
3.783953658
4.128836174
3.730386526
3.359596841
3.404175195
3.161046231
3.40005425
3.277583282
3.416883727
3.80123969477
3.696564862
2.621700633
2.794278009
3.203867384
3.504833238
4.1088068485
3.437424845
3.6230480351
3.475797487
3.815273548
3.698254628
3.547066148
3.444485824
3.127563273
3.819836052
3.259415364
3.0549586056
3.7854819036
3.7087082765
3.280893385
2.972579999
3.109244733
3.1860212235
3.156255232
3.436149421
3.2924851432
3.623788908
3.2360694064
3.074464471
2.910694717
3.51710612357
3.152630386
3.174010696
3.707621855
3.7131687217
3.522756233
3.294541238
3.317762752
3.030432162
2.8159598408
2.765409758
3.4263250035
2.782110516
3.190782392
3.311378946
3.481802549
4.1138432355
3.060307762
3.561811354
3.254344339
3.787606902
3.4744905228
3.499703924
2.8412118156
3.358549514
3.203714685
3.713162964
3.532655864
2.870692956
3.3441940997
3.036531657
3.266304016
3.496601768
3.0356885191
3.025058324
3.502518992
3.495228682
4.074551624
3.555453696
3.484577105
3.576831207
3.085609548
3.569567064
4.059379536
3.084127056
4.010792291
4.191890425
2.7998343854
3.121924713
3.645663022
3.3022768433
2.875968746
3.740986401
2.516753256
3.393611171
3.227619043
3.6231186365
3.7342976705
3.310517991
2.902783126
3.764541531
3.617455544
3.360955267
3.473139759
3.311797329
3.567519426
3.406400499
3.366597324
3.847944444
2.870603154
3.412102707
3.788567644
3.171322256
3.509953334
3.710210918
3.083173156
2.982847045
3.703262992
3.080793351
3.64521101
3.737199112
3.239570942
3.650896374
3.576693224
3.078010212
3.242712282
3.218810087
3.751319357
3.246074333
3.363602338
3.763188605
3.490635233
3.55938953
3.2444633766
3.821591334
3.099684411
3.171761404
3.088945006
3.569259204
3.20783866
4.005190287
2.642205909
3.117157505
3.130500516
3.02115885
2.630352052
2.801878347
3.775210051
2.413878543
3.46739474
2.64985671
3.44707588
2.886491704
3.203346985
2.673594195
3.3685032722
2.971374598
3.079713302
3.109864322
3.083494763
3.551472764
2.750676682
3.47191201
2.78695464
2.87266591
3.42452009
3.547982481
3.156150086
2.80719963
3.72105175
3.537423915
3.219670192
3.75538565
3.246954535
3.460654829
3.25039585
2.97744357
2.801044475
3.362508812
2.884027775
2.715146892
3.211570545
2.873050422
3.276135335
3.586609646
3.331900113
3.002319862
3.69024069
3.276222121
3.1450506026
2.86255538
3.212946315
2.934017373
3.0562640688
3.25892978
3.595269752
2.867776517
3.27281324
3.8025681977
2.98936768
3.18249130438
3.695216663
2.57093202
3.538663731
2.70496659
3.616771545
4.290157794
2.873511959
3.417544966
2.855663057
2.82275575
3.180398483
3.14959367
3.286418175
2.68187056
3.139601296
3.1968622321
2.973823029
3.0800688019
3.653579959
3.645161608
2.32760062333
3.63508422
2.604688621
2.89401481
3.02680457
2.7327025611
3.1031945479
2.545293298
2.958043666
3.02773116
3.303165864
3.3644940724
3.1101760064
3.293702601
3.833548769
2.99946125
2.952465361
3.406658856
2.74396896
3.187308246
3.835322294
2.648650977
3.2852392381
3.421845805
3.0989791057
2.743073815
3.22420937
3.455794963
3.87129998
3.33574465
3.23804191
3.60246052849
3.50536868
3.504822232
3.243767348
3.679598462
3.8296663622
3.009901526
3.69273302
3.271265613
3.60833976
2.988284134
3.221946472
3.3789963423
2.970801479
3.96249528
2.8620202
3.889955387
3.03113807
3.22933195
3.743333158
3.782219416
3.349238194
3.3225235714
3.86483388
3.327587289
3.185601175
3.47580635
3.17934134
3.5427646
3.5497274
3.55145859
2.8096563
3.92583263
4.30568577
3.05589284
3.800683519
3.681113485
3.359788967
3.3213426228
3.277875195
3.31521459
4.16515645
3.851485316
3.681821135
3.8627122
3.667398083
2.827132964
3.350929002
3.64537171
2.948423075
3.5058986
3.63849298
3.126119671
2.9968530495
3.85094655
2.78046644
3.897739842
3.565216123
3.41516636
3.28579294
3.396394276
3.494783244
3.559692971
3.0090693
4.041463303
2.485578725
2.854964461
2.96380934
2.939232652
3.720314693
3.310752723
3.137920252
3.10852835
3.38160502
3.432449631
3.455102871
3.1420056
3.252561225
4.093151889
3.638032003
3.48561091
3.25254752
3.33979951
3.632034054
2.90638272
3.59322061
3.41629235
3.340559629
3.4854479793
3.2350199035
2.9668340635
3.0429888465
4.1466045125
3.9934015535
2.9208486455
3.1050959065
2.3453414335
3.4352080335
3.1346450185
4.0560896335
3.3730973135
3.2824801065
3.5010526225
3.1780625035
3.2456077585
3.0609931427
3.0808993455
3.0485562645
3.1564760235
3.1048785135
2.3010247455
2.6180385165
3.472997933
3.0609120525
3.4172102745
2.7862930965
3.3599201265
3.6470786785
2.7979732035
2.9746601025
3.7354792135
3.1208950085
3.5164289595
3.4904611735
3.3033245355
3.2451582885
2.9621968935
2.6654123735
2.7933007045
2.68110762785
3.134048484
3.4449373015
3.5879344335
2.57505639997
2.5491995225
2.7375026965
2.8135690595
3.2762469685
2.4711228035
3.4439969795
3.2720470645
2.8223388285
3.5026188135
3.1412518769
2.7065860535
2.7469779405
3.1211410715
3.431124313
2.7350568935
2.5616690085
3.4627587251
3.8989270905
3.8813015955
3.2671405395
3.1222145695
3.1257734745
3.3869678335
3.7081941535
3.5883773835
3.6957852405
2.4498058255
2.6185644305
3.3329111965
3.3672521055
3.1977179585
4.1447562475
3.6332253855
3.3251673115
2.6423073635
3.5551300115
3.7022819635
2.9252235635
2.9449183393
2.9433515575
3.9014126905
3.2404318805
3.1517695235
3.2732113935
3.588353733
3.3759691555
3.9181251675
2.6332429735
2.9359996115
3.2824583485
2.8524013185
3.7165538995
2.9626236185
3.3934537245
3.0377876945
2.945675594
3.2731443377
3.039052533
2.46795646
3.548627453
2.881850083
3.289772297
3.699887585
2.432076133
3.754768995
2.889791783
3.7186383572
2.7464484293
3.507960207
3.220389066
3.19406123
3.055682813
3.043304013
2.709269407
3.571049834
3.296736978
3.1653362969
3.7199672315
2.731189298
3.213984164
3.683477079
3.3781607433
3.720886952
3.203002937
3.792916939
3.13798541
2.496717903
2.730436558
3.464747713
3.492200117
3.185569393
3.566720143
3.390948953
3.706716163
3.465629494
2.851000044
3.208554686
2.821456444
3.053222264
3.451008793
2.468749133
3.326188369
2.862650181
3.417951383
3.14128768733
2.939427436
2.630145062
3.344529133
3.068835288
3.5677897122
3.437139573
3.708071276
2.885748974
3.5008381213
3.769059785
2.984906255
3.2540282354
3.001981412
3.19533930343
2.814960902
3.503549943
3.387767823
3.13235114
2.5094976537
2.552532727
3.465891033
3.122282036
2.9246305895
3.410469909
2.947105291
3.272388942
2.883866403
3.383102842
3.830671173
3.305008086
3.086439077
2.9499692503
3.216166195
3.222206287
2.475215778
3.524604984
2.9901013836
3.248091347
3.556288097
3.248596285
3.1093330342
3.129900993
3.089045958
3.287945544
3.313675921
3.398858924
3.338162427
3.641424421
3.229641833
3.378591407
2.927551641
3.397704633
3.446124838
2.4745694014
3.021161457
3.725302351
3.600698322
4.043050836
3.414467534
3.453006706
2.908736518
3.194369865
3.358155443
3.959494523
3.1077675174
3.6984704959
3.411433693
3.377884586
3.525902206
3.282801505
3.499294591
3.389824184
3.726915666
2.816010257
3.189918011
3.489083608
3.145755897
3.453769163
3.7842446028
3.024735338
3.581870274
2.998004544
2.770795631
2.700752311
3.136490948
4.005154538243
3.544024989
3.201525653
3.729135597
3.72304727
3.216303178
2.846074063
3.456167937
3.400907725
3.049800399
3.413036432
3.331751717
3.490869039
4.042333851
3.357882893
3.040809567
2.534677336
3.310942364
3.668961663
3.489627588
2.991316793
2.570626243
3.0867471626
2.992510093
4.10752317
3.555029653
3.059979054
3.379225763
3.377148423
3.496106534
3.2059082733
3.80348082
3.062360863
3.591733013
3.858254179
3.583794993
2.816855333
3.2509026072
3.275988055
3.302130679
3.809269816
3.0213593756
3.7528488154
4.038815983
3.390829176
2.442876154
3.631357761
3.344164296
2.963448748
3.296694826
3.2719590831
2.746280146
4.080993789
2.813692033
2.935679416
3.378197973
3.133286466
3.096349807
3.389058583
3.520170563
3.227613343
3.373894955
3.096062522
3.842282954
3.23054591238
3.815117675
3.67558131
3.269551745
3.501359545
3.248461095
3.785072316
3.15002533
4.211460393
3.857860295
3.881915361
3.646763585
4.208028035
3.748235815
3.407156796
3.466378482
2.984130578
3.807729108
4.181751185
3.056908265
4.210038261
3.658477796
3.595198985
3.533645855
2.829110165
3.218400115
3.254616362
2.678223112
3.777191165
3.651896006
3.305602859
3.21691922982
3.628541155
3.042471362
3.369388392
3.288367855
2.989801593
3.809364613
3.736015405
3.613494335
2.896509215
3.21643217
3.532275887
3.271594135
3.415980815
3.797893516
3.753826215
4.247250105
3.215627951
3.339491055
3.539147375
3.289085565
3.286496193
3.375677325
4.382507635
2.9625853686
3.732251884
3.570893735
3.684066485
3.1889974
3.545338976
3.262489745
4.106684705
3.307538135
3.493413985
3.502471818
3.351277122
4.086475375
3.633778205
3.54214022
3.639710935
3.545421003
3.324119855
3.023727768
3.959778985
3.581032655
2.958903957
3.163210885
3.295474776
3.081068328
3.948989405
3.402396314
3.424057575
2.823765538
4.075676825
4.236300854
3.648209775
3.7148516283
2.840880215
3.291732266
3.031508455
3.885152565
3.966065995
3.393674035
3.630294965
3.857389645
3.462638115
3.353691685
3.153303838
3.539368515
3.995618011
3.157705117
3.141802802
3.575063177
3.015130304
3.0353152444
3.198128236
3.109626345
2.457969017
3.135881817
2.826852476
3.165397748
3.135425069
3.037214337
2.862506197
3.1838787498
3.183366325
4.13972947
3.322396937
3.539310057
3.192175218
3.261666417
3.197782389
3.575240044
3.488639242
2.973694517
2.9530507169
3.09041098565
3.009128209
3.04733075
2.950901051
3.2220983456
3.64429901341
3.103274217
2.575693647
3.571109759
3.405096124
2.311691502
3.5484553506
3.411976757
3.0316187804
3.028509717
3.566306677
2.392572167
3.566165863
2.965172462
3.000995077
2.972771813
3.606854077
3.526444757
2.709559717
3.216952977
2.903582357
2.944180867
3.612377544
2.494005934
3.332156267
2.588345697
3.14226753178
3.133650917
3.036813907
3.465343587
3.20800224
3.2168469992
2.676403667
2.590318243
3.472333547
2.583265696
2.827536875
3.199133537
3.1331345027
3.5585960593
3.24313707
3.0700328427
3.333762708
2.333738683
3.16991776746
2.875674032
3.068080177
2.940690867
3.239320837
3.028527705
3.302995251
2.747484563
3.416453039
3.310005607
3.108586331
2.740918887
2.835908594
3.392244767
3.329967917
3.325164578
3.113104323
3.326113648
2.523025543
2.329407517
3.813632477
2.869827724
3.157831867
2.947506439
3.018386204
3.335472384
2.9151301518
3.524281677
3.179511009
3.70044128
3.114201464
2.8697496615
3.35533048
3.5131251105
3.481988373
3.434233409
2.976387456
3.26565964
3.974639146
3.407697627
4.08221953
3.506412845
3.003215622
3.736197946
3.9250399976
3.21370162
3.090532653
3.694410364
2.93481791
4.104809141
3.239084666
3.190493844
3.9591569915
3.358295971
3.806131333
2.8653847708
3.373754215
3.522547235
2.811754808
2.86296385
3.476508183
3.135808675
3.816921848
3.0754903355
3.039857851
3.564428395
3.62064528
4.174455999
3.6081437832
2.88444724
3.8449931954
2.8851552
3.116336445
3.489881585
3.306774661
3.613734232
3.43771979
3.387858935
3.518471744
3.485683633
3.566311577
3.298696605
3.732942445
3.253632586
2.805736593
3.846904957
3.81667056
3.819981906
4.105216603
3.23463826
2.965929539
3.03578389
2.586874615
3.824490203
3.694762535
3.429681452
3.7734124581
3.433744624
3.39456989
3.400058588
2.854563045
2.969852917
3.43657229
3.624299643
3.5178108714
2.79588104
3.456900195
2.928677691
3.695421929
4.08657409
2.932058163
3.22635074
3.4247667031
3.68583187
2.956787773
3.143621228
3.537189865
3.291978778
3.084352945
3.705893575
4.297329682
3.018053387
2.899637039
2.7625061609
3.689525696
4.377532251
3.774843798
3.973896468
3.762844091
3.398584143
3.9015386
3.2450105587
3.688624883
3.481336201
4.038298718
3.578962704
4.122766647
4.036361041
3.947437702
3.753008206
3.632741213
3.946727975
3.776611276
3.280754153
3.468495083
3.02569642
4.330583768
3.527446771
3.910959778
3.638516663
3.23432162
3.100557263
3.731456523
3.306954846
2.970425043
3.3541342818
3.917335633
4.064522197
3.480313255
3.769911123
3.095926632
3.688179994
4.100481974
2.785071583
3.458547489
3.439167451
2.865214763
4.008547991
4.516043673
3.846848073
3.651075917
3.300710473
3.515206358
4.152196893
3.803038102
3.901292698
3.057485458
4.107306483
3.7086775211
3.522649314
4.239668333
3.321505752
3.3923391728
3.816118163
3.231482333
2.8290978975
3.769197993
3.612621728
3.4524552485
4.062586541
4.070810243
3.5872722879
4.597546048
4.143630467
4.069161983
3.397483547
3.66049612
4.143677668
3.517939212
3.3121082532
3.807344721
3.274581344
4.1065080208
3.265737373
3.775214763
3.268246054
3.812928991
3.958277852
3.590588543
3.425299963
3.303117403
3.949976279
3.557169773
2.9284812737
3.983554463
3.695544087
3.39238652159
3.510519433
3.517367498
4.004656133
3.100701933
3.839803143
3.858335233
3.776605711
3.460927637
3.3513379719
3.1906241251
3.6565626781
2.9734748409
3.0992451911
3.4062828081
3.3874049351
3.8777404971
3.4470070251
3.4480320481
3.1309017451
3.2084760181
3.2043117581
3.3036355919
3.6051224511
3.1243583281
3.5386923451
3.6765993019
3.5826565923
3.2336319981
3.4750150281
3.2932590661
3.5290471211
3.3960383769
2.8097394161
3.6491028719
3.2501349381
2.7138571571
3.6728978361
3.3959367661
3.7760721281
3.1626148431
3.5293001581
3.5037531911
3.3869935701
3.4035129431
2.8572778677
4.1259563721
3.4775964581
3.0396329693
3.1882828181
3.2496664481
3.1029324471
3.5633505211
3.5850233219
3.01211242959999
3.0564163139
3.4764147631
3.6860180881
3.6672294151
3.5364270269
3.7370952561
2.8614143879
3.2190914681
3.1179448351
3.3315204491
3.1049675319
3.2624080361
3.0617861081
2.8545101699
2.8320408105
3.3206810011
3.0559258971
3.6408074681
2.9262387281
2.8122064631
3.3858161631
2.9923093761
3.2855459189
3.009609992
3.0190363581
2.9350591889
3.2943915801
3.3218944381
3.2891405981
3.6988243419
2.9184752081
3.3686521951
2.6737501859
3.9051450171
3.3980164961
3.2399508881
3.1285577387
3.7758822881
3.0414086599
3.2423225714
3.1304932999
2.6400812769
3.1146921121
3.2027535419
3.6531738019
3.37669782377
4.0128608381
3.2352131911
3.4666509811
3.4122865331
3.1141986131
2.8475577881
3.1632202919
3.8475907391
2.7963532421
2.7660140894
3.3074993938
2.38613089
2.972070578
2.98901819
2.737950422
3.21148472
3.2164338
2.701957944
2.7818073344
3.501251631
2.31965789
3.17638439
2.605818118
2.611347192
3.830196582
3.42262402
2.606664089
3.036926029
2.582197509
3.25057186
2.83663243
3.24578995
2.8972127031
3.740491002
2.307352361
3.032617615
2.627388861
3.125288996
2.480860058
3.237655207
2.972401204
2.6778744577
3.266560526
3.019884982
3.20548463
2.888687816
2.76724450528
2.767396029
2.965998626
2.955175048
3.288888273
2.641165191
3.183360844
3.02156871
2.763489262
2.5864389946
3.104236393
2.773729714
2.69848231944
2.855767912
3.349215856
3.34266853
2.741528681
2.735358172
2.702875386
3.275136693
3.629581639
2.55355675
2.14428324
2.515184924
2.82365626
3.00002769
2.826043705
2.827272837
3.1036801158
2.650904945
2.449794085
3.174342458
3.018218424
2.601396272
2.493125359
2.8726648361
3.205378695
2.914900056
2.807333928
2.2349985332
2.494063507
3.354571276
2.59023717
2.726334973
3.765979786
3.17563443
3.0156385
2.915213561
3.372329886
3.20895108
2.46148189
2.568480613
3.341644469
2.9331671
3.2689074
3.123156968
3.1354864973
2.802532408
3.5771029932
3.0198903651
2.594336215
2.706165777
2.8496161537
3.5704593267
2.8268075697
3.8057256107
3.2625320079
2.9900423627
3.4645735047
3.5769043117
3.2326683777
3.3096342833
3.4565260938
3.0755678537
3.4661623103
2.5692042237
2.7466641697
3.0233934929
3.4679448957
3.2813583127
3.4611129103
3.1023531797
2.9154959973
3.1904411907
3.5058275537
3.4787934417
3.6411431337
3.1517105997
3.3830552577
3.6334244307
2.8398808787
3.6522056263
2.9677911307
3.2532237077
3.3187727583
2.9023744037
2.65773980063
3.1302708987
3.7144016037
3.5854746047
3.6222354437
3.2688603957
3.9721786855
2.9798863261
3.4062918137
3.1927688509
2.3754609777
3.6807780893
3.3499024687
3.6091243503
2.7031126137
3.2899874157
3.7214053637
2.9278470493
3.3873590023
2.8114776437
3.4438241097
3.4756949577
3.4217546037
3.3232272337
3.3754167877
3.2045179957
2.8350002603
3.5173426857
3.5613360817
3.3344556599
3.3697598617
4.0228521903
3.3895727373
3.3550840037
3.1821908077
3.2560086277
3.4015956157
3.3472652627
3.2645902923
3.4472283287
3.6756761277
3.3642768553
2.7024481037
3.3491808963
3.4973946387
3.3210352027
3.6229915267
2.7727398367
3.8839359963
3.0178164287
3.3586169086
3.4206341797
3.6499068923
3.3277936923
3.1683050564
3.3726579537
2.7224173183
3.8715025057
3.7066005457
3.5589020123
3.1313137917
3.1348671077
3.0655267777
3.3331882297
3.2572051337
3.3109679097
2.541403035
3.43676695575
2.922028658
3.341355736
3.4725978414
2.699005341
3.14591533
3.141959431
2.461063933
3.415879123
3.522935487
3.023497892
3.551564673
3.304080728
3.6052115295
3.300708653
2.896800349
3.260036103
3.42531449
3.153569243
3.312362417
2.868358523
3.036116223
3.467509063
3.490872273
3.466749684
3.760686543
3.037783338
3.4263594972
2.626524943
2.662936823
3.145801133
3.057021393
3.256125452
2.752252023
3.345166313
3.074999503
3.228551609
4.151516053
3.436571803
3.261872659
2.718170003
2.701681338
3.302883064
3.1056926687
3.501880573
2.889515008
2.812090718
3.451505103
3.034262593
3.135413503
3.265668351
2.694253323
2.831971803
3.144453415
3.393447538
3.33926341
3.539999493
3.406297985
3.1759772275
3.434230973
2.955169183
3.120095613
2.527224346
3.378637757
2.948069376
3.211017719
3.4253266132
2.819792233
3.257706033
2.730473523
3.714057763
3.464055063
3.169266793
3.2348335822
3.388147443
3.5321838555
2.84350692
2.873619117
3.43486825
2.979880433
2.935013378
3.384746698
2.946675523
3.058488023
3.314334448
3.712031863
4.028086573
3.316538687
3.363676719
3.169527905
4.115868773
3.280569698
3.166313413
2.988327123
3.188587612
3.254482823
3.237471433
3.163859233
2.880744222
3.22383646
3.30298421
3.5990864204
3.377910093
2.99928631
3.844994094
3.038749737
2.94859661
3.3709472273
3.629380291
3.67149061
2.796314713
3.52061996
2.999888756
3.0214457354
3.38175723
3.1906201548
3.49706398
3.24611392
3.34504696
2.886914451
3.10921932
3.186756156
3.223017318
2.7011268
3.511894889
3.581549113
2.672363506
3.83136455
3.65155096
2.874347515
3.082026274
3.29492575
2.948693509
2.942457458
3.274045317
3.26236412
3.834048014
3.06629821
2.66360513
3.831315409
3.167797205
3.372291151
3.575018311
3.417272403
3.60116536
3.582675692
3.17959689
3.091468645
2.71077069
3.45456417
3.12949317
3.70020236
2.80550144938
3.45513968
2.99191742
2.9171241924
3.02737788
3.372112404
3.105623073
3.6605802473
2.8141532112
3.05730556
3.718451856
3.35075978
3.468343998
3.59053745
3.44344964
3.27544121
3.34084954
3.36367924
3.228438903
3.60484999
3.28989948
3.15683647
3.70248078
3.04364301
2.9070689
3.38181037
3.648966771
3.30592304
3.280401206
2.807441
2.98534835
3.4067510596
3.531075408
3.24836865
3.257554208
3.069548104
3.475052874
3.316046852
3.325657458
3.09018728
2.741328904
2.847913969
3.163208966
3.29589246
3.64841143
2.996915681
2.77965754
3.53901589
3.105306782
2.81206148
3.2988493088
2.457737449
2.811122142
3.363060954
3.771650551
3.411029616
3.202627442
3.553811446
3.851290225
3.115207986
4.03740838
3.620268752
2.7482425274
3.586954489
3.157297729
3.579568292
3.5732534051
3.872697974
3.70637368
3.111560289
3.464557739
3.433494551
3.47245275
3.86529501
2.9871421082
2.92195047
3.70942611
3.044031384
3.29969569
3.065735278
3.371340339
3.14842468
3.35636298
3.22129206
3.70102862
3.033430502
3.079031682
3.136844679
2.928339016
3.2169419021
3.355352521
3.568786926
3.270670666
3.254216396
2.6645283
3.4959751928
3.414046974
3.6567790975
2.86416938
3.12553285
3.49047478
3.60722605
3.50532264
2.74626198
3.46988421
3.963919929
3.238958077
4.24162341
3.2904633549
3.399462796
3.590864306
3.543393263
2.75300857
3.6269495
3.243504686
3.155596723
2.889464617
2.755032638
3.314088758
3.296185057
3.905260991
3.37928869
3.49921563
3.52975461
3.390507113
3.46733952
3.719424581
3.51869414
3.493566035
3.73113169
3.57009692
2.871986639
3.535678942
3.388423784
3.389474891
2.91839908
3.85907714365
3.417350661
4.00785032
2.78778312
3.49283482
2.7025628105
3.885040604
3.424140957
3.31766279
3.076559791
3.443037085
3.456409541
3.189102642
2.990407281
3.034324686
3.128806645
3.229881702
3.145566841
3.276152715
2.898074995
3.15562048
2.850071875
2.927156462
2.879823565
3.301155961
2.697385355
2.959543726
3.193029286
2.864354177
3.085614782
2.980163044
2.488142497
3.227163235
2.972946447
3.216831332
2.700844894
3.363357775
2.576206298
2.88382871
3.08695428
3.315619576
2.763006846
3.156835835
3.264793325
2.844321637
3.184373997
3.153588476
2.975783713
2.537303276
2.690395249
2.86671561094
3.008103621
2.650860152
3.004900207
3.250220696
2.8127159403
2.9080644469
3.031013938
2.530749305
2.953430326
2.298770911
3.523051245
3.148231135
3.24004825
2.943960473
2.877614004
2.690150861
3.583604367
3.1555899679
3.188386285
3.009368928
3.0170155832
2.493084393
2.9384600337
3.072584045
3.137637462
3.011276165
2.709444845
2.143688849
2.966704037
2.864918928
3.523378579
2.994344015
3.184764905
3.623051612
2.991437086
2.95812572
3.046674037
3.128086301
3.2615347828
3.222539573
2.871014711
3.264288498
3.15446559275
2.760779627
2.879605916
3.403605133
3.322445815
2.687168855
3.123567275
2.614617115
3.272889822
2.623197788
2.576313915
2.963215459
3.364332326
2.916342506
3.1007422
3.0043483336
3.219304503
2.634243164
3.439275091
3.577716354
4.585914433
3.734500452
3.339660865
3.619393646
3.284289049
3.51585955
3.625727563
3.355650638
3.761779551
3.487968795
3.794049114
3.887623403
4.286784553
4.122066134
3.537605243
3.56181533
3.777404776
4.065834436
4.19832923
3.60773938
3.4471623486
3.7286248031
3.988523206
3.940572641
3.952453805
3.501747624
3.529802275
3.962015042
3.598189144
3.44309567
3.5036677
3.859359653
3.677636346
3.6759399
4.048279828
3.908889917
3.266069806
4.092748144
3.595356023
3.504369184
3.908609108
3.52432346
3.869173976
4.18741220986
3.87748166
3.571621912
3.20669363
3.52886921
3.507240986
3.97607526
3.698313324
3.79825539
4.047015207
3.12898432
3.66745498
3.717077802
3.949134801
3.381958091
3.741909664
3.29216997
3.7830861363
3.532824781
3.51178995
4.0184133879
4.289168569
3.524732651
3.392162791
4.53117196
3.94108424
3.572817189
4.197789968
3.042542891
3.911192811
3.1842249248
3.394015788
4.0311977777
4.137409843
3.8807966378
3.513566465
3.471810914
3.561679434
3.955787338
3.85079059
3.86766147
3.14612519
3.505478842
3.159675738
3.789269083
3.495579816
3.561150855
3.28340192
3.55974462
4.101311
3.05174771
3.544477759
3.563569794
3.761097293
3.75088352
3.476893531
4.054458921
3.171129756
3.858600297
4.047297816
3.428025456
3.957982736
3.8119963919
3.3664394335
3.420479976
4.171219185
3.93530735
3.709822141
3.6396459621
2.851228314
3.587496746
2.967687013
3.1434492587
3.370828006
3.571510102
4.182847604
3.170049739
3.846705492
3.526559066
3.68984241
3.5037148439
3.590778907
3.542814796
3.725251017
3.719732916
3.731556731
3.266351286
3.552532975
3.969626366
3.768032833
3.530998332
3.933707746
3.406572183
3.1004768513
4.078846746
3.293461225
3.578992813
3.316924092
3.010011664
3.6574797869
3.481501566
4.037960076
3.024419476
4.137493113
3.4249488586
3.381768316
3.512835908
3.608107146
4.012457658
3.309334706
3.5775083635
3.072341131
4.2582298775
4.233783963
3.461456053
4.089647104
3.543963756
4.082206008
3.413110246
4.1038275016
4.265332436
3.925764522
3.485279866
4.142628756
3.6530052103
3.8746765293
3.8537285606
3.297682804
4.231901811
4.120299388
4.0596243429
2.953342024
3.694014249
3.490542126
3.833680746
4.162156293
3.757985006
4.119291657
3.4579414197
3.492257881
3.8992341852
4.649462792
4.052290923
3.305186266
3.344473468
3.575623384
3.674614926
3.3240557
3.531438662
3.581958669
3.842189746
4.404729733
3.480060376
3.410576196
3.865924016
2.795713657
2.775643897
3.054208473
2.993581646
3.139547033
2.614530323
3.359482163
3.696153948
3.057697354
3.170715292
2.982114333
2.959570413
3.421967405
3.256751133
2.7634278456
2.689580418
2.855582047
3.109563729
3.068081003
3.605847116
2.887280483
2.840367185
2.9575644679
2.475446705
3.008968663
3.2113957192
3.126654688
2.8821928355
2.896993022
2.651350543
2.9681822344
2.947953268
2.966305573
2.970041735
2.665386673
3.3082248524
3.171894473
3.574527414
3.268253164
3.0790285542
2.581832475
3.798693423
3.581475698
2.989979081
3.237439438
2.993762703
3.132163353
2.964642915
3.664451463
3.208303203
3.095450623
3.779551993
3.4366389513
2.728259546
2.827820203
3.518236843
2.6682120546
3.420621603
3.320147463
3.0977058782
2.579746822
3.253216086
3.788231883
3.11481647
2.64403176
2.753946427
2.803261123
2.706796735
2.925884558
3.063222398
2.442107307
2.8692365832
3.428326479
3.060578733
3.113256352
2.540144643
3.3815266075
2.720573208
3.079701902
2.843883103
3.336901403
2.706465633
3.141723453
2.744134248
2.324079348
3.137280185
2.588687741
2.535784322
3.121464657
3.521711973
2.434574023
2.755252463
2.982601599
2.450228091
3.3815525385
3.161385585
3.121833045
3.036673427
3.217191282
2.756136619
4.109575035
3.292794137
3.493392396
2.832953224
4.059964893
3.504334771
2.959077816
4.2351763154
3.4013881968
3.809994156
3.8227743235
3.6983914832
3.879881754
3.626273266
2.941416558
3.49330325
3.776846296
3.034739568
3.395233149
3.579287327
3.531512656
3.8935814475
2.456317314
3.693938641
3.517501895
3.416767134
3.0922067952
4.260825547
3.2199737794
3.242657626
2.862478553
2.580986293
2.8856730505
3.659748071
3.0083773784
4.2656647368
3.567155024
3.840295295
3.955143012
3.0591403873
4.09290963002
3.699470936
3.43476468
2.918528038
3.118259466
3.762424268
4.17181590396
3.673544281
3.034405707
2.976781016
3.811941836
3.367454013
3.019134281
3.122004791
2.963796034
3.236881026
3.360063971
3.0462669854
3.191261816
3.98743684
3.369730594
3.700209752
3.8096086995
3.4695374113
3.438146233
3.505647846
3.606643263
3.8406211935
3.126452908
3.944231704
3.949828795
2.9161600827
3.658368131
3.723773966
3.379588615
3.7056195845
4.273892394
2.632349888
3.095535377
3.930096193
3.592543965
3.274724346
3.705537745
3.090435742
2.729453868
3.530715746
2.780861811
3.143348734
3.260754849
3.410479256
4.213023854
4.100725558
3.579167713
3.578122227
3.247519189
3.755112602
3.875895524
3.154645459
3.604211531
3.605071452
3.312757966
3.441410982
2.753035711
3.663958251
3.0661844836
3.080379921
3.863523912
3.779309654
3.593207635
3.3834231653
3.271451336
3.901411094
3.61123224
3.543587031
3.8147541534
3.6364687416
3.371193905
3.293172439
3.2187305243
3.465287061
3.95905718
2.89745334
2.854239303
3.614234314
2.958475171
3.147748911
3.6748503565
2.614680875
4.092438983
3.4707018525
3.296216808247
3.0702426452
3.863193936
3.520412105
3.733604405
2.9870310825
3.689530244
3.724919213
3.164072381
3.25888561
3.264293027
2.678406868
3.156714383
3.289491764
3.746871258
3.642212771
2.932860077
2.648843054
3.245079181
3.722370602
4.019564643
3.167219974
2.950330022
3.94893997
3.262411679
2.778587286
2.979023484869
3.237730191
3.432186336
3.473571359
3.3827952486
2.85290868
3.04708596
3.0837527483
3.4765113465
3.671215684
3.551315753
3.723729618
3.1817517718
3.286018161
3.298120697
2.948357872
3.15462867
3.210875796
3.446585958
2.703613104
3.305650232
3.6023487241
3.110493966
2.663296807
3.9509596353
3.0661947558
2.699920878
3.0368903135
3.540056587
3.9464119099
3.879149543
4.096227931
3.017212535
3.272175654
3.336269136
3.033031122
4.305530133
3.634671796
3.51384771
3.264059529
3.0266330919
3.437048619
3.388124293
3.852612524
3.713010344
2.90380543
3.310709903
3.612701233
4.3948788886
3.990123406
3.26235847406
3.330502305
3.334655989
2.987406747
3.030815694
3.22268084
2.82685572
3.0112580339
3.5780481002
3.948674833
2.998798234
3.566009392
3.637881319
3.1308897137
3.366360824
3.068974789
3.4416200663
3.747865948
3.7003911758
3.4680263008
3.537865189
2.917790612
3.0270582267
3.043648067
3.549505447
3.890714474
3.805909826
3.03559118
3.0655438121
3.415701879
2.982669001
2.9190207225
3.484973463
3.612108813
4.015280876
3.36986306812
3.263464293
3.3120832343
3.912943328
3.2905927644
3.360648904
2.994696834
2.849496398
3.6393767932
3.1161825535
3.124613996
3.015581707
3.175023299
3.221201376
3.165066755
4.390515809
2.800052965
3.469556838
3.430374226
4.161756702
3.639303252
3.467506294
3.126880474
3.5416791639
3.619509837
2.982867183
3.384697931
3.762518178
3.802267788
3.38204164
3.120801261
3.2443571161
3.0258875715
3.219438303
3.838856991
3.602177679
2.97536893
3.062189215
3.4942877745
3.6430733353
3.380937655
3.663491091
4.411854639
4.182700591
3.201755004
3.534991244
3.452172533
3.783004989
3.672558291
3.583184959
3.100363297
4.079865226
3.643045996
3.58477181
3.8624629204
3.5188611923
2.716355616
3.071382867
3.507044174
3.126902512
4.196354893
4.203531108
3.830170085
3.009431939
2.632948932
3.144678072
2.856059593
3.8639502175
3.337775531
3.216110523
4.60895213
3.174351576
3.76437107
4.09774523
3.162706228
3.24101083
3.360408003
3.509087137
3.98846519
3.83458406
3.18145389
3.72054445
3.693767974
3.69711619
3.001395956
3.407199273
4.127806972
3.22888607
3.0139288
4.20059710377
3.025700185
3.179803877
3.690900895
3.836654945
3.408820795
4.39430782
3.779021153
3.96097467
3.700520476
3.70685033
3.6561523
3.05405576
3.3333988
4.00944511
3.320188112
2.633236293
4.298786003
4.0857592185
3.59484183
3.080444908
3.42214532
4.33237115
3.3930077777
3.493988425
3.432739298
3.320922497
3.52397079075
3.63043625
3.8112962189
3.27765583
3.677601231
3.74720195
3.6242252945
3.6206044848
3.630716592
3.580080255
3.4203871625
4.023063483
2.71240011
3.55993962
3.106936012
3.540823548
3.367793791
3.1375153925
3.62011525
3.221132052
3.32914878
3.88286282
3.46905209
3.203713531
3.518249903
3.81921166
3.249959402
2.925918018
3.37896437
3.888565888
3.899970532
3.345127024
3.81002405
3.467466428
3.44526504
4.132090308
3.56571642
3.973315792
3.960718199
3.53413493
3.498273263
3.255889018
3.801627252
4.05578255
3.489919512
3.670256828
3.376103127
3.8223359309
2.5467445302
2.83702395
3.3161951194
3.168179034
3.740540445
3.657228009
4.3525818461
4.094922341
4.104196332
3.715738202
3.303907328
3.135532229
3.352395678
3.180693188
3.848952846
3.5878211109
3.263040984
3.595461272
3.823580874
3.307241904
3.405199838
3.591206448
2.958582859
3.975764227
3.165645628
3.125864457
3.3457679866
3.532277063
4.506679336
3.512403168
3.449122558
3.458653654
3.9682263335
4.1967532738
3.645449297
3.51060478
3.252849336
3.989792027
3.784002094
3.681820872
3.429218447
2.365598238
3.604974387
3.888728225
3.857712846
2.96971672219
3.54148249110001
4.227611221
4.037796087
2.891189799
3.414245221
3.815669331
3.495466837
3.133458661
3.372774061
4.239470025
3.843052084
3.791416808
2.512536358
3.578055336
3.581663058
3.338425034
3.6225969926
3.294265118
4.06459489
2.895928674
3.774923363
3.119612995
3.64148800546
3.512123036
3.330271548
3.498398792
3.6487004984
3.909940048
3.623978386
3.080834038
3.38790655687
4.11896491
2.86133131
3.4167169047
4.272612549
3.667909766
4.218261002
3.421989568
3.933631255
3.531762678
4.261114731
3.086544988
4.214579906
3.055298549
3.109259246
3.083993971
3.622190152
2.75265046
3.305136198
4.0511184301
3.2933738091
3.4306543061
3.1401587781
3.8993088261
3.4219906151
3.5728422419
3.7256613171
3.3700290781
4.0033173981
3.7927583231
3.0418304091
2.7586987951
3.3166755341
3.2812593191
3.3057769831
3.3493719011
3.6337426861
3.1632909091
4.0300669101
3.6546513931
3.2064315894
3.4957784751
3.6561005619
3.0707379361
3.6636556059
3.5450735831
3.4791045741
2.8511562941
3.9861617551
3.4297115551
3.9700110171
3.5899568741
3.3956194621
3.4794391541
3.04879747122
4.3363983781
3.2121341879
2.8886136561
3.2677417191
3.5398909009
3.7147867373
3.1520088401
3.3764909521
3.9449010001
3.2027896981
3.2902428855
3.7807929901
3.9452325091
3.0579259981
3.2814066371
3.3578866781
3.1474767721
2.9662900801
3.5402877781
3.4101330286
3.0662671681
3.2435921581
3.7140830879
3.4073318831
4.0082455151
3.1333387481
3.8463886051
3.7823936351
3.4352143681
3.7392841921
3.1897019179
3.5371311091
3.0620698731
3.2786645599
3.7011791072
3.4885809161
4.0840891081
3.0130022611
3.9771774971
3.6227864789
3.6664818291
3.9430853801
3.8430480671
3.6661641901
3.5921898151
3.6601174981
3.3213980831
3.1150133031
3.2069637571
3.1091279021
3.8894894881
3.2351104391
3.3510729831
3.9082135781
2.7140869871
4.0494215751
3.5126865861
3.6408818991
4.2663506799
3.6320975719
3.7817891081
3.4773280231
3.7290772481
4.3533930581
3.181790777
3.819757542
3.018793855
3.062868812
3.536686162
3.696261642
2.682061421
3.803995983
3.964972758
3.74813356
3.142350616
3.11737586
3.471884393
2.888679197
3.061186715
4.03112092529
3.573864747
3.468487084
3.479829452
2.913069318
3.30625965
2.83504708
3.664447658
3.230612658
3.190144382
3.325870322
3.6364431744
3.568204605
3.188645303
2.768600099
3.243631194
3.509821827
3.208451189
3.269316203
3.3433300275
2.9689818585
2.6634659602
3.603804378
2.944262617
3.448776089
3.333947446
3.389699167
2.9835790253
3.3462268676019
2.862452539
3.616717064
3.103339698
3.509444422
3.404635132
3.454037093
3.625288882
4.2475964511
3.499096387
3.678496984
3.1827584174
3.669480842
3.43343259814
3.146953626
3.416546733
3.765846084
3.503336147
3.127666792
3.5767189839
3.847976447
3.183491864
3.37912423539
3.0737763534
2.682766577
3.220841349
2.773645813
3.236391957
3.593611012
3.447429463
3.745351483
3.370146928
3.856801865
3.205938291
3.063591182
3.619427229
3.7536059276
3.355333967
3.4060976129
3.098292041
3.492643326
3.116358302
3.6477905709
3.40410092
2.691402102
3.1035115264
3.158614527
3.342814438
4.421438552
3.249759136
3.321991976
4.154423729
3.485505493
2.772579893
3.284094021
3.168872022
3.572636524
3.794019423
3.98375413999999
3.243808389
3.5390529176
3.875890662
3.629006754
3.017606954
3.885311919
3.989433712
3.9755905959
3.646736198
3.49664061
3.242191652
4.131402765
3.1782197688
3.6141372197
2.59412437
4.166899749
3.196008749
3.778782091
3.9436664772
3.690922556
3.749910449
3.558716623
3.655317015
3.518058202
3.549681962
3.928635325
4.067223756
3.906915162
3.767341859
3.315598024
3.589211159
3.539286929
3.299052118
3.368121946
3.8336517863
3.886378872
3.472051643
3.786601498
4.108693266
2.7735182376
3.0477077769
3.6100962885
3.947608628
3.690439126
3.847490478
3.624069345
3.849412402
3.635556361
3.546132586
2.960739159
3.234822167
3.719072054
3.370298869
3.499554534
3.866108281
3.670623451
3.749200758
3.543797003
2.862434659
3.282799376
3.976901956
3.139881977
3.181197504
3.5098800589
3.598710798
3.626679067
3.230799496
3.941198441
2.783930074
4.3287900505
3.391429164
3.325205588
3.627537757
2.7867257709
3.4629819022
3.750848704
3.614705364
3.263162512
3.765138328
3.887659839
3.950651159
3.6932216939
4.344892975
4.801375329
3.647248024
3.219580694
3.40054878
3.586351396
4.4389968477
3.681835482
4.011812541
2.770683244
3.699690829
3.489930592
3.065331961
3.21172363848
3.844359724
3.5244744156
4.091298331
3.127686374
2.920595968
3.239195097
4.115199598
3.790254563
3.1894320709
3.670190458
3.425286201
3.67494037
3.206208918
3.735091978
3.90001682
3.449059452
3.669216168
3.193281325
3.91182475699999
4.084513788
2.972412016
3.546410643
3.408276509
3.738984409
3.268543212
3.419104958
3.229453193
3.859901768
3.699021175
3.236772283
3.351957515
4.1286362423
3.718214063
3.87155677
3.159983128
3.852028587
3.558668647
2.958425169
3.08893407
3.538261839
3.401706952
4.652949968
3.335436022
2.8944352781
4.0158579651
3.578656205
3.3665750022
3.616454538
3.795138265
3.667651059
3.244645739
3.387398577
3.241372133
3.591475102
4.129150319
3.377286698
2.902978553
3.275023198
2.756837742
3.090160268
3.539563463
3.508086562
2.898920377
4.081863562
3.166890281
3.540424648
3.199740908
3.287589307
4.094348965
3.356074972
2.927304232
3.654780533
3.817753368
2.921652704
3.3721752295
3.541540549
3.4590085633
3.140788433428
3.1491389893
3.820035812
3.707771221
3.726924692
3.665668668
3.716244168
3.610551454
3.699547197
3.529194181
3.397134487
3.202740763
3.509886442
2.950646785
2.595314105
3.771783298
3.877765481
2.849751882
2.934790853
3.83493073
3.27257162442
3.319900328
4.1655711767
3.003357082
3.517100198
3.2060119306
3.615592808
3.07120393
2.6720123
3.946091531
3.727244993
3.640114303
2.88903476
3.37770352
3.388074493
3.307559551
3.444196638
3.967536438
3.800873892
3.835333516
3.201028954
3.261711861
3.390376583
3.7673763
3.475659927
2.698270958
3.49591343
3.4250498433
3.5993758841
2.904314436
3.24776597
3.033402994
3.177028926
2.62068689
3.043592059
3.447147691
3.089591434
3.54607304
3.272660781
3.04607502
3.12020055
3.726600019
3.49921497
3.378357579
3.61050824
3.278257267
3.560274027
2.965823261
3.121442385
3.113547694
3.485405451
2.90262665
3.260042326
2.52081377
4.094135125
3.461799743
3.56034556
3.497040996
3.365262905
3.405141407
3.236952849
3.16245251
3.928060847
2.68028088
3.784947532
3.601986605
2.860104051
3.097679514
2.618002893
2.946349375
3.18967496026
3.571808293
3.81061832
3.519943079
3.13669954
3.4574184
3.41992363
3.393895603
2.80788012
2.96010217
3.3840595702
3.400107557
2.893036386
3.438682937
3.756080442
4.0551597
3.46000547
3.259163185
3.861602901
3.786590909
3.675836156
2.851645549
2.9940667516
3.400359918
3.8740411483
3.20055089
3.087830755
3.97611114
3.95442743
3.077042773
3.383924251
3.225499643
2.96852097
3.704518273
3.087416976
3.62129794625
4.527035408
3.551143036
3.7387491944
2.847770663
3.756451115
3.962758744
4.16577207
4.4959492017
3.7424440091
3.874605383
4.391504584
4.499784845
4.207932605
3.945178065
3.810628733
3.833835525
4.222601981
3.55294362
3.838501405
4.913204072
3.03441907
4.361745544
3.858211745
3.378617557
3.877852896
3.779237122
4.393291774
4.06419106
3.687786035
3.6093808673
3.81300126
3.341935513
3.998955112
4.4341356597
4.082686005
4.177885825
3.519915685
4.709938173
3.802737425
3.6950805033
3.478570681
3.184681692
4.655822645
4.121204189
3.608347165
4.804278825
3.227931562
4.192584253
4.438867555
3.566669195
3.022970565
3.683679516
3.493063065
3.523025089
3.484310565
3.425416553
3.837715053
4.262968293
3.678168892
3.770190185
4.011961607
4.250191323
3.49002818663
3.6824127783
3.141782285
4.901119635
3.65630441
4.128409115
4.414879468
3.940403202
4.679960239
3.815974916
3.869328115
3.700290065
3.730058075
3.563938952
3.66255498
4.379381225
4.856793709
3.580663319
4.084578515
3.497236971
3.694447921
4.147472752
3.336473213
4.769798821
3.82378836
3.791239605
3.644444596
4.389437422
3.505725474
3.479569542
3.008522576
3.863418735
2.895520125
4.1814595901
4.261664574
3.797227485
4.02072463
3.4092189
3.855177749
3.485674602
3.3225408664
3.47097414
3.5453767958
3.482134624
3.7453549683
3.922331239
3.090976215
3.6842557117
3.174415693
3.72647788
3.5987998849
3.542798256
3.27799294
3.635770634
4.22605608308
3.479511614
4.10715533
3.792904692
3.48667301
3.01168366
3.1126627821
3.512120753
2.902511822
2.955815448
3.4883263852
3.411333799
3.4402112981
3.918513372
3.947254312
3.759581687
2.954698914
3.86072019
4.099652153
3.229046015
3.09862861
3.247422812
3.255408629
3.979749864
3.790055036
4.07381045
3.7438946
3.322297192
3.264853854
3.345005026
3.140589395
3.323025064
3.5148608819
3.598279121
3.6110304288
2.9076104764
4.22292881
4.132121349
4.10632281
3.8486113225
3.080481843
3.675879804
2.929054724
3.600746013
3.669542434
4.420296165
3.343274584
4.44405437
3.360075915
3.063800226
3.629688497
3.90038382
3.313387733
3.210119295
4.097046884
3.80944156
4.022539445
3.0475953754
3.70396637
3.642749378
4.11138876
3.3139701827
3.78425758
3.665483592
3.7026813274
4.23836693
3.31330182
2.717515003
3.990293862
3.744184015
3.193861451
3.088350339
3.294851032
3.291724931
3.707624037
3.378814831
3.57274427
4.134164142
3.42784842
3.6228865465
3.8777839005
4.232841187
3.544148959
3.342274233
3.74372929
3.758075364
3.7183455073
3.3872931869
3.3053349584
3.521227055
4.153077487
3.686681363
3.245387095
4.14109064
2.948447604
3.8946327495
3.696658893
3.352075402
3.8542986494
4.047673781
4.15744732
4.0974605491
4.099610132
3.19856502
3.0727326982
3.52039651
3.677437961
3.489908449
3.706065614
3.544712563
3.776715604
3.643108689
2.799095029
3.62226213
4.134792675
3.987015638
3.730117258
3.62052441
4.163224734
4.120938087
3.04360881
4.205458712
3.4310380088
3.265653301
3.6531648139
4.0673787383
4.267277529
2.701497546
3.956613122
3.640570038
3.239439994
4.1341382979
3.672629642
4.462873197
3.353181836
3.652009448
2.88139426627
3.4672065
4.075105155
3.871211214
4.37767122
3.22314768
3.53651722
3.6048905217
3.433331018
3.7482065589
3.583891928
3.81892782
3.560767744
3.639378571
3.94863194
4.318971755
3.785155508
3.372190858
4.24586616
4.64215894
3.450818471
2.705068144
3.781173598
3.61050982
3.986482722
3.903623327
3.320016284
3.576292138
4.675850349
3.690520354
3.65195934
3.380174194
3.767349773
3.136069665
4.224244723
3.2723141349
3.534393764
3.111085816
3.375309139
3.4977542234
3.889001378
3.827869645
4.107779999
3.589197945
3.92291089
4.1336903813
3.2188565
3.987178905
3.844971801
4.1939469333
3.292553522
3.41989327
2.916050871
4.20304742
4.642723775
4.009086228
3.5975117841
3.726604422
4.00900071
3.2680374062
2.921965181
3.48747696
4.261080548
3.703804582
4.146442755
3.734844897
3.467285646591
3.70061745
4.01015902199
3.768333377
3.980666035
3.36360312
3.8098180157
4.4891335358
3.4455677333
3.6232409351
3.65588936499999
3.794280372
3.766784524
4.027305961
3.8256397056
3.747882122
4.38297317
3.726742972
3.734231147
3.712932649
4.809907488
4.85071673
3.985973516
3.909564553
4.150570563
4.15409749
2.969574069
4.332285558
3.640951142
4.770687618
3.893985734
3.7643044462
3.835871184
2.641802432
3.346195172
3.1807801407
3.75646107
3.682615374
3.460375451
3.1994525827
3.109632144
4.130524635
3.16237383057
3.53718619
3.13572819
3.396524957
4.199842099
3.566111554
4.05852763
3.67585494363
3.460299149
3.080524315
4.0239441702
3.253187511
3.168937499
2.86408209
3.036884531
3.212670416
3.462820287
3.469740439
3.051928068
3.7410682771
3.42642849
3.278318271
3.089356794
4.234937309
4.442043213
4.104048821
3.7112542472
3.808022259
3.415459448
4.312574654
3.510097764
3.39568281
3.9358977952
3.13660565824
3.959968791
3.1657864213
3.45541498
2.871899966
3.96294172
3.290548998
3.815896956
3.143850948
3.903804895
3.751906383
3.414689241
3.24995293717
4.201997806
3.594664968
3.835508513
3.186797856
3.893929326
4.033681332
2.921332446
3.58925037
3.901510598
3.730882426
2.810416485
3.2639284515
3.417825477
4.212190898
3.657652346
3.562105567
3.866056852
3.51908468
3.278231619
2.944838544
2.216900412
3.719747541
4.24524346
3.324136596
3.7683459171
3.697808157
3.372960578
3.614516013
3.7610462912
3.638622158394
3.7141425
3.6942543015
3.530222967
3.195464975
4.1981381952
3.64412337
3.3249537489
3.831232814
3.231453958
3.368179321
3.448893856
3.140631295
4.04662379186
4.369586981
3.623564194
4.2339048956
4.006830076
3.8537352051
3.64756015
3.842203827
3.805560103
3.7009803548
3.160846013
3.42030568932
3.758775498
3.236198643
3.015664737
3.305453962
3.6994142
4.460643866
3.526366106
3.442973145
3.219065586
3.995276682
2.9714314007
3.5948939397
2.857309889
3.3283087314
3.113761131
3.780969652
3.416292531
3.4955452
3.583000554
3.343193946
4.043815124
3.011645991
3.619953399
2.7632647535
3.767141016
3.495026865
3.4470296545
3.3904965036
4.403984246
4.313200008
3.375961419
3.788029095
3.207313308
3.842088202
3.234126396
3.191529086
3.406230727
3.588024668
4.424943116
4.686139286
3.478946941
4.028271012
3.613752232
3.163384262
3.58350067
4.7734313
4.096504562
3.68403705
3.63961162
3.0902888804
3.2250836526
4.406037526
4.59330879
3.714695735
3.9199558495
3.523757506
2.832101637
4.032066008
4.026344156
2.911681741
4.436121795
4.261766306
4.113003196
4.542186376
4.986204496
3.85768238
3.260737491
4.449283506
4.22396526
4.08514467
3.285431058
3.990376561
3.7673509643
4.653848746
4.01630352
3.797909756
4.429820146
4.63732533
4.740749613
4.072744867
4.5570639209
3.953638206
3.230153153
3.972746562
3.814364291
3.200654356
3.995402786
3.653415201
4.421503403
4.167302966
3.865453887
3.50123076
4.751631401
4.378783838
4.218304073
3.950863056
4.053769883
3.103762428
3.179672239
3.82079625
3.187541329
3.184760245
4.52504217398
4.581498685
3.627802633
4.0833946984
4.716860712
4.131572242
3.098412845
3.910222422
3.160959774
4.169632784
3.47001075
3.599058155
4.361646964
3.834508508
3.738779479
3.701086122
3.165943566
3.742048632
3.170983049
4.164196027
3.409653082
3.720106435
4.108291606
4.045580464
4.1755887195
3.252125653
4.171112727
4.04123105
4.0130562578
3.538005992
4.028352346
4.887167926
4.744750678
3.699641315
3.996716917
4.082885822
4.173794312
3.573611742
3.851966257
3.276494253
3.16237354
3.710924547
4.070822138
3.613420477
3.246867459
3.397386667
3.679248097
3.510291997
3.970055309
3.585852199
4.092963889
3.30629868
4.061360572
3.815610007
4.036608757
3.56259158
3.483736647
3.233553227
4.29965167
3.600405507
2.979191231
3.640809885
3.752944617
4.010360245
3.612182107
3.7099831349
4.993021707
3.774652074
3.819682147
3.071216402
4.011759867
4.045719937
4.065187937
3.607657679
3.355102967
3.469020517
3.784193007
3.394486777
3.523286172
4.374793107
3.216963147
4.195679117
3.892025105
3.671818117
4.175423516
3.263995148
3.661861565
3.761108007
4.274092947
3.989955847
3.281047627
3.882199022
2.690090547
3.354295387
3.466507901
3.242374877
3.511765674
3.133647367
4.187504328
3.543782467
3.535986137
4.124825057
4.0072725127
4.136502827
4.470118623
3.188925967
3.9402456589
3.340349463
3.826893807
3.91388224
3.352746367
3.793502023
3.367243507
3.091527507
3.614032567
3.337923035
3.806208853
3.589016263
3.465279457
3.057940467
4.674500438
3.390615317
4.162688297
3.3758580315
3.371337528
3.896734337
3.6962132
3.748272197
3.933700171
3.214598207
3.638793717
3.620876517
3.566631779
3.721062913
3.886686817
2.893617177
3.568113577
4.755468095
3.489772
4.761477493
3.393313595
3.826312318
3.8721564023
4.178715212
4.075385846
3.551301168
4.812888752
3.365868218
3.9742279432
4.884363938
5.164871173
4.144291052
4.39985008
4.161114522
4.332341704
3.857844722
4.269279637
3.690652411
5.034935841
4.399859605
4.036468118
4.359283746
3.760757182
3.579994606
4.102813218
2.898974408
4.603870034
4.334777723
4.593198771
4.264282527
4.655897561
4.051286226
4.380211348
4.6834570615
3.595926285
2.954650283
4.303793128
4.322548156
3.542654042
4.281079487
3.9430694339
4.226189987
3.26315047539
3.998198565
4.107364068
4.007668568
3.841496295
3.873465749
4.311592462
4.09038118
4.623601287
4.122800036
4.3010805973
3.984028512
5.158243384
3.821207793
3.738041738
3.951759221
4.260608331
4.556124109
4.24846574
4.868592698
3.7539261755
3.291615426
4.00323836735
3.508457853
4.573352998
3.941481
4.399497408
4.216724992
3.7634793137
4.231456208
4.5065650335
3.609840848
3.617401782
4.952796863
4.484716572
3.623601438
4.6019056413
3.38371779
4.349151043
3.8070655241
3.760558043
3.8107947073
3.6570145
4.286750097
4.2828653854
4.244018692
4.912344895
4.053041743
4.503832723
4.251552784
4.29562981308
3.481391508
3.586126282
3.593897091
3.588907852
4.0932699669
3.0209241112
3.3377467432
3.7471338892
3.7440696601
3.8888635388
4.1160490452
3.6893748562
3.7432141788
2.8968804156
3.9042273152
3.6286023738
4.5284939779
3.3945083182
3.8681445432
4.3535293052
4.3413488702
3.6264760002
3.8851848152
2.865165176
3.9475806152
3.6424538308
3.6373199122
4.2294584582
3.1827837248
4.2467019832
4.2148789952
4.0897632432
3.9735087972
4.245999262
3.0835919132
3.8481081988
3.5859836862
3.3411411931
3.8851607543
3.7013428209
3.9973736632
4.22810896524
3.3803021748
2.6592956782
3.2141281962
3.0916671342
3.2912985992
4.3617491576
4.7653718242
3.0586437462
4.4660321352
3.6434267734
3.9309244496
3.6658895442
3.4921075252
4.1650132667
4.8001451152
4.5360237552
4.0595125882
3.4612996648
3.7526334302
3.5820496902
4.3152209632
2.6695402438
4.2862467862
4.0611259112
4.2967459488
4.4370690972
4.1521617212
3.5927420402
3.7522448592
3.9267959352
3.9567404822
4.1049057972
3.8060097022
4.8810879902
3.6881551022
3.3665106892
3.6026422592
4.0753855812
4.1997917002
3.2893417572
3.3151722002
4.5794366682
3.1911034182
3.4864436232
4.1012024402
3.9703596144
4.1918030392
3.4207795002
4.9636893306
4.1956610359
3.6141899188
3.4605455522
3.4124225852
4.3707311348
3.3130097472
3.2816458352
3.5213356792
4.1302877542
3.6556274169
3.4840394502
3.3473712948
3.2574920062
3.227170025
2.963243521
3.463090229
3.5513706712
3.593105895
4.4528810355
3.762546393
3.641659832
3.887522605
3.371707201
3.907889835
4.090350438
4.1031845162
3.078564236
2.89726571
3.1373537036
4.071090457
3.890272448
3.96563909
4.329733365
3.93932123
3.772420077
3.735438827
3.89289287
3.710314409
4.141809463
2.673742343
4.102964376
3.109881637
3.219442945
3.184228802
3.77259726
3.454760491
3.56433813
3.926703245
3.998238266
4.301786154
3.613589944
3.63743527
3.47987342
3.397206187
2.931582226
4.0479931153
3.679621156
3.8893233919
3.844103708
4.294487126
4.3546030305
3.776677901
4.49114384
4.340800981
3.76473981
3.341499686
4.246159885
4.1985553679
3.885067749
3.209738168
4.2648967062
3.810576655
3.02831133
3.409739565
4.424747931
4.547325136
3.34110183
3.847478911
3.846638927
3.641927614
2.8317802791
3.5022381214
2.959435339
3.150029418
3.287108418
4.141166635
3.283587977
3.960612094
3.557572935
3.1627146759
3.328705512
3.901606358
3.961877491
2.960349984
3.500032781
3.661018539
3.239029893
4.2437356943
3.6947875
3.174577426
3.297248029
4.346412219
3.481647097
2.976811691
3.830256394
3.444780589
4.557249401
3.687687732
2.37665711
3.422034741
3.690075267
2.681021968
3.952553205
4.3945962683
3.2406096273
3.3822053235
3.8500775713
4.1808224297
3.8281022163
3.5834676433
3.7609725783
3.7855998073
3.8532453727
4.2319758284
3.7978434343
3.9257543113
3.5036037233
3.7998723383
3.3905480093
3.3115354154
3.4980972256
3.8502051163
3.8246239623
3.7270420293
3.2142083383
3.6464025148
3.4731746857
4.2562948113
3.8794252712
2.9112855973
3.9824238523
4.2732351833
3.7394475877
3.4708120003
3.8826969307
3.9435845243
4.1923714773
3.8524341433
3.2546944393
3.9254215483
3.4003119893
3.7834289777
3.5230859033
3.5490991073
4.2071767013
3.7261720573
4.0602409543
3.5186128193
4.0391240577
4.1012238983
3.9574487733
3.9173323313
3.8196581307
3.4792411833
3.9375048467
3.1926399783
3.1834654273
3.7503453393
3.5861564603
3.8186146433
4.3021818523
3.5347136793
4.3859941893
3.5220987808
3.7787967273
3.7621316524
4.2230584133
3.8054802017
4.1693564773
3.5734707733
3.4019070353
3.6302941459
3.6144512637
3.6336757857
3.6145867777
3.2943935703
4.2930621887
3.7487532973
3.320148941
3.9627665473
4.0972443433
3.3079351663
3.2477165563
3.8108115787
3.04171280292
3.3038918193
3.2115225333
4.8957031873
4.0592584173
4.5647292627
3.6335077433
3.8255719233
3.9431538627
3.6860561313
3.2750197443
4.0829329587
3.5262399343
3.7827676093
3.7395408523
3.6875343813
3.6157760913
3.9738493023
3.7706522787
2.945614145
3.194709918
3.049521512
3.6691965762
3.2202282
2.88174482
3.811491462
3.5619424058
2.419165367
3.4520199495
3.167033714
2.579166194
3.559431637
3.339139031
3.371339794
3.759033114
3.2128341021
3.117281359
3.304740904
3.41241643
3.735523482
3.205136644
3.305407025
3.236342863
2.866375314
3.712488699
3.0727033028
3.647241873
3.0412343518
2.724984468
3.2727821761
2.857031944
3.924141319
3.326564337
3.9438498014
4.314762368
2.629916705
2.46214526
3.720581572
3.786821911
3.051103836
3.2766603198
3.402103233
3.107548452
3.416887988
3.583576947
3.133498077
2.710838468
3.109832104
3.369164534
3.686700253
3.30473407881
3.167983587
2.813216294
3.592340903
3.260279127
3.399001604
3.227816477
3.13007966777
3.07571385
3.316246657
3.4339637719
3.3416888675
2.774124495
3.5277804846
3.523992219
3.0144043167
2.789998812
3.724955084
3.282958004
3.321220307
3.5699782566
2.5264773933
3.079177374
2.726006354
3.242283443
2.588254357
2.910073163
3.632148422
2.989632591
2.64332157
2.696697508
3.615806482
2.963033397
3.146180462
3.475571503
2.708589325
3.09516923801
2.794829016
3.159696174
3.405084188
3.724643808
3.048588054
3.801394436
3.083045275
2.302059887
4.101323157
3.340017329
3.091386314
3.684894928
3.97862573
3.465158549
3.558835274
3.439909364
3.875084998
3.41388738373
3.532278518
3.227084953
3.784912507
3.125893687
3.691111157
3.458169941
3.942501598
4.151165126
3.33428041
3.758042689
3.521867015
4.132930576
4.275931201
3.471287677
4.449510799
3.5927594406
3.3512829743
2.697023113
3.501484976
3.497042305
3.355470043
3.720322201
3.413972403
3.5784306991
3.2955343421
3.944446678
3.547329167
3.267131417
3.876618295
4.168616618
4.448697736
3.3560693962
3.860241202
3.821231827
3.539469259
3.496305571
3.68652589
3.427878377
3.786391427
3.280458504
3.94826241
3.618085548
3.8761417144
3.201736693
3.215871556
4.105288886
3.491023298
3.924809232
3.460757845
4.200483576
3.293078043
3.781715285
3.469360586
3.513466461
3.136750304
3.787822263
3.811416808
3.885910038
3.8505736
3.219526623
3.738588775
3.663996461
3.74043882
3.423197882
3.039601148
3.505668404
3.424134391
3.876571153
3.395349872
3.977885192
3.7890731445
3.467602726
3.838379399
3.866262361
3.708150773
3.497296817
3.5342520578
3.849218544
3.468754143
4.527722102
3.160793081
3.562865507
3.169505273
3.7872718055
3.7562833479
3.073196393
3.620303661
3.167110629
3.60914847
3.547060926
3.5205340987
3.705724975
3.687950925
3.36157515
4.077477192716
3.54058603
4.5227726
4.03758125
3.820497211
3.8804034
2.990189174
3.619572228
3.536981737
3.708035397
3.8362885853
3.773057576
3.44480141
3.69998675
3.890636928
3.967924412
4.070049162
3.433962447
3.879675207
3.406355302
3.912120503
4.9761598225
4.52065065
3.75034409
3.63216651
4.29887365
3.928413416
4.238734705
4.15746699
4.773141275
3.55915718
4.294445878
4.250990192
4.333334503
3.389745456
3.594738333
3.678274388
3.04066197
3.861931067
4.12288889
3.433972828
4.006591566
3.59673375
4.054623316
3.885365445
4.621460848
3.58459762
4.353928736
3.615560945
4.0663897496
4.1297322285
3.44861509
3.706736809
3.55355824
4.389392725
4.02836822
4.000710905
3.9535217737
3.19752864
3.953641738
4.38828181
4.04505212
4.029494903
4.338626362
3.91126167
3.6837588055
3.041990404
3.966045673
4.4392450493
4.035973403
3.575387835
3.46767125
4.509466932
3.912764117
3.2260133924
4.496945023
4.365650378
3.763946809
3.3898000906
4.633156385
3.91366906
3.6345872159
3.96044265
4.134078079
3.346708579
3.423129566
4.625785243
3.58577313
4.056485386
3.336257232
4.182407899
4.039836865
3.9849324
4.043466994
3.400298305
4.947551385
3.605319506
4.725262733
4.433407348
4.2108026645
3.42378273
2.55064004
2.754728664
3.069232834
3.27196388
3.328621034
2.730522437
3.647229833
3.216782801
3.22620821
3.247942691
3.156575276
2.805537352
3.00827483
2.989798902
3.405956741
2.98212944
3.450250973
3.849571774
3.627785502
3.284694801
3.182777519
3.296089697
3.2527378397
2.92152412
3.408234311
2.69949437
3.817415769
3.35682344
3.676864083
3.243621949
3.743522057
3.609763072
3.124775158
3.98017516
3.324748487
3.390627919
3.583457035
3.46811247
3.29362592
3.67500197
2.83338528
3.357009439
3.739837156
3.66872947
3.824575975
3.562339371
2.64769003
3.1606096928
3.06405276
3.80441902
3.397800561
3.559343903
2.71554358
3.446777555
3.105314145
3.855037032
2.6075510549
3.257432045262
3.22376476
2.96085196
3.303151212
3.4119829141
4.050162588
3.033913894
3.897740724
3.704889103
2.926215197
3.543830727
3.70103819
3.593331984
3.67972904
3.82658096
3.477007084
3.454066776
3.805137336
3.34976535
2.9821640667
3.0376296802
2.889607854
3.677793006
3.586457652
2.656241415
3.26824315
2.93196158
2.71290056
3.70992449
3.759692367
2.966383538
2.658388442
2.885398284
3.6631201575
3.295054403
3.17469189
3.546572596
3.698645404
3.028448323
3.6526448066
2.746560414
3.4189799485
3.351850438
3.735789915
3.475974957
2.950949155
2.972143469
2.860789124
3.473259766
3.384045148
3.323737399
3.067931165
3.5688821245
3.280608104
3.814115367
3.28243544
3.2174449
2.621036106
3.419890721
2.93721978
3.140060894
3.220664438
3.069973898
3.347748726
3.0144128431
3.320449134
2.562259352
3.294709086
3.246335809
3.65911375
3.201516976
4.220433044
3.285668132
3.2307271048
4.128347078
3.1461510503
2.819878596
3.441983664
2.831494516
3.037183493
3.0205986691
3.746008261
2.901997396
3.175804286
3.333462156
3.52572184
3.341325846
2.978277134
3.266358626
3.137767517
3.170990573
3.506966106
3.288322337
3.341483856
3.228957233
3.8629591606
3.602777433
3.682583141
3.574172926
3.312439412
3.199585766
2.993833797
3.6746410338
3.366274622
2.8793077405
3.116555369
3.094735249
2.883696315
3.7919839917
3.398134985
3.485129696
3.0349819658
3.256711609
2.855320196
3.409129006
3.092859088
2.881972866
3.561971596
3.510936553
3.329218394
3.478415196
3.059721092
3.210230326
2.479720947
3.425479374
3.511857179
3.07486237886
2.955026474
2.695309956
3.50897258
3.513028579
3.691616112
2.984732697
3.527327111
3.105222696
3.402915595
2.983019015
3.2449931
3.724417924
3.112483028
3.480001776
3.065598896
3.3777534573
3.4234993
3.257112119
3.519460964
4.290458707
3.856414909
3.803728371
3.692427792
3.597536395
3.724103664
3.64896213
3.4618790071
3.323413408
3.327512785
4.029874422
3.4357743748
4.535199606
4.208464594
2.862920069
3.9701799909
4.070005967
3.919140732
3.138018943
3.698488313
3.038481016
3.7627470734
3.5594207891
3.611684582
3.680499031
3.278890076
3.906350056
3.736642429
3.2664710669
3.676189468
3.096284458
3.527089481
4.339007852
2.853414662
3.223622502
3.347463793
3.882378717
4.122736752
4.041928161
3.5400660429
3.379761644
3.925202809
3.297252322
3.263969088
3.5061896703
3.602683314
3.313424193
3.693185252
3.463371428
3.7990818597
2.805196792
2.992911869
3.24111926
3.613299815
3.539240385
3.512283011
3.273356872
3.512314536
3.6101454181
3.974427876
3.145490343
3.11376742
3.466844613
3.542175668
3.76209301
3.80134470787
3.667434926
4.3125388271
3.462070172
4.016621754
3.915699697
4.187747689
3.480930125
3.469419288
4.087071362
3.686390571
4.3096703288
4.09935663
3.482657942
3.663767182
3.288920546
2.855776411
3.840217135
3.754613491
3.471457442
3.7851187008
3.539214302
3.287153422
4.059077388
3.712517192
3.53876406
3.230280672
3.196922283
3.550529028
3.394577746
4.031058329
4.2199990841
3.2028512511
3.5875410599
3.9600703099
3.0658635952
3.4105212299
3.4111149611
3.1785352599
3.6654158199
3.6526624499
3.2561299559
3.6204267931
3.6176014969
3.6428950749
3.7337197269
3.3407194589
3.9078728659
4.0957396019
3.7435128249
3.4880359199
3.7167566289
3.2515551989
3.7759803269
3.3907192151
3.6580801249
3.9064103829
2.8845210969
4.1485014369
3.8371273899
4.5402428459
3.8439946691
3.2608199651
3.3125804689
4.0382272229
3.5349526809
3.0581994929
3.7619489951
3.2943380279
3.8498057299
3.6623920061
3.2311836199
4.0935014419
3.8520674439
3.8661856866
3.7164157379
3.1412071699
3.0255076401
3.2686812851
3.6540018199
3.3847806999
3.9565753849
2.9386271639
3.6825978111
2.7849318561
4.0025559599
3.8579933411
3.0846543399
3.5410806119
2.9101894961
3.7685356531
3.2845632199
3.4086243559
3.4980699249
3.9132925561
3.0746200859
2.9023687309
4.2766599399
3.9104213254
3.6172087849
3.9680534619
3.7506499699
3.5621779199
4.3679253979
3.4853269009
3.2353109699
4.0860784049
3.3151943449
3.8589909809
3.9689344499
3.5189185439
3.6315362299
4.1166449299
4.0290771999
2.8849622389
3.4547829471
2.889626313
3.9967210149
2.8648099411
3.4294952899
3.6213460402
3.5001975561
4.1420383899
3.4518846249
3.4592632299
3.4778499249
3.4794898269
3.7128468541
3.7569218609
3.3499383161
3.5090027299
4.050728019
3.33149361
3.334251778
3.673346798
3.5222522215
3.14980335
3.839090442
3.339682761
3.403650312
2.8987312955
2.697310894
2.741584304
3.693411989
3.877174457
3.150259791
2.852003308
3.591884909
2.896903931
3.516427931
3.853580569
3.420054611
2.560239914
2.992896449
3.927840963
3.8719440328
4.251501324
4.176396434
3.880838919
3.180604586
3.322255384
3.473480209
3.598375815
3.427563527
3.049707029
3.108847001
3.3921455375
3.521776718
3.792447649
2.7131128026
2.966233159
3.130427153
3.492485713
3.066915659
3.513479731
4.090020844
2.601492593
3.658292381
3.54633141
3.355780593
3.196951463
3.467563284
4.472786131
4.167131765
2.7035042978
2.944009173
3.005656929
2.971425204
3.47179882
2.362538874
3.248613671
3.343138179
3.309218911
3.357407069
3.571023585
2.876243786
2.99241021
3.910372684
2.973875094
4.102580855
3.298331205
3.286496756
2.64460703
3.383469928
3.482150393
3.349808289
3.480572861
3.465484367
3.070316147
3.423489369
2.86688566
2.954151507
3.5923699125
3.357673213
3.340062941
3.563055944
3.085213324
4.1008377574
3.412927924
3.201356533
3.426143514
2.595860358
3.206690215
3.615017134
3.043221714
3.289181967
3.629768237
2.844308119
3.250885669
3.10940818
3.535341616
3.370394255
4.24072933
3.20003098
3.932132778
4.64560709
4.023295331
3.946403938
3.597039093
3.726535694
3.61152139
3.438668509
3.57752076
3.441341688
3.396760694
2.7427031
3.764815038
3.786134122
3.476782661
3.640306898
4.409095299
4.21394122
4.024441758
4.01856318
4.378692778
3.86644565
3.56715304937
3.895024394
3.328509416
3.967323586
3.205756201241
3.597920171
3.372312467
3.21775432
4.351866366
3.35482694
3.60020684
3.41716359
3.506602095
3.273036166
3.145413199
3.72971324
3.700518249
3.87325374
3.592721548
3.23036967
3.527037663
2.91551314
3.24363162
2.98990544
3.625218074
3.47749867
3.288498087
3.579973591
2.935645373
4.128981279
3.658765769
2.87747242
4.72669395
3.943381698
4.250133517
4.105084604
3.953974706
3.578841579
3.455247614
2.9629249
3.4089589357
3.250955703
3.422119545
3.39506582259
3.679717674
3.9984028
4.166471992
4.24848725
4.454878799
2.77016149
3.212738318
3.71891505
3.276808885
4.0505012
4.13187513
3.260220236
3.784779416
4.81442452
3.18023815
3.26063935
3.64607418
3.8775831
3.93184585
3.222273016
3.035725559
3.50004762
4.308994231
3.777101977
4.307103152
3.343073729
3.714683674
3.95640844
3.686650813
4.271408897
3.430145022
3.125344403
2.930679545
2.6401204443
3.30302243
3.477835898
2.840970971
3.135935335
2.8328676348
3.775917408
3.005778376
3.61817422
3.3399236098
3.412595107
3.016561255
3.417217873
3.091526278
3.294224722
3.218661684
2.93695541
3.37883503
3.689744783
2.832579246
3.093930077
3.4307495988
3.4398594
3.153686244
3.629518289
3.366705361
3.0216129871
3.674584525
2.59399615
2.943244615
3.598031283
3.103385104
2.90360836
3.877729353
3.07170005
3.4433264234
2.86579911
2.929246221
3.378664384
3.2221975193
2.785517457
3.329311737
3.84657172
3.3186834146
2.8593174952
3.72327495
3.313132523
2.951509758
2.927773052
2.927498415
2.718628639
3.91472301
3.03055991
3.406582162
3.1316521313
2.889999425
3.5952123135
2.95646013
3.099248195
3.295234975
3.3976421933
3.144220916
2.870177634
3.3318050997
3.30923978
3.3225149366
2.93720118
3.29984333
3.234900131
3.398983852
2.897214876
3.252785509
3.4552437499
3.572441953
3.287019501
2.918813429
2.63922243
3.477084614
2.928995367
2.907228465
3.557151144
3.443912367
2.913048432
2.58205248
3.350960086
3.672908865
3.2522338158
2.930997309
3.59514134
3.149082347
2.520914996
2.93797104
3.121008121
3.275942783
2.802398875
3.461957733
2.9751606312
3.296039588
3.320408663
3.6162420045
3.8486853288
3.871824694
3.888923204
3.66297478
3.555160891
3.232845203
3.67121101
3.97288184
4.0961890567
3.246337668
3.291917004
4.076357922
4.19516211
3.98698727
3.112745894
4.037634069
3.750094479
3.84152177
4.1492014
3.504894432
3.188837413
3.717318923
4.111881748
3.797254989
3.888995342
3.334407949
3.7141515296
3.41777576
4.636443953
3.976752232
3.68312721
3.680344444
3.4912865103
3.92717249
3.873492897
4.55354696
3.64172832288
4.2010567822
3.688979091
4.14216324
4.047031982
3.663238187
3.716905421
3.462359315
3.612466611
3.94103632
4.010167939
3.140418315
3.254113465
3.990227515
3.443829188
3.2581582861
3.1295109644
3.73288174
4.1226462292
3.646112341
4.405765353
3.161772328
3.655354769
3.5698791376
3.653230534
3.6053282412
3.263843147
4.025859679
3.258609202
3.695693692
2.98905235
3.384628323
3.726225916
3.610123894
3.506567956
4.088757685
3.598437902
3.541123206
3.286764442
4.274366665
3.849544104
3.815137703
2.966848267
3.688415535
3.422065693
4.154210599
4.45487289
3.4405388098
3.6186571853
3.75073473
3.785957015
3.6267961128
4.254609612
3.288148709
3.096312437
3.804795517
3.377860343
3.556552362
3.481387541
3.412847899
3.463963129
3.5808924522
4.15159716757
4.17390619543
3.94226639443
3.24629327643
3.31117156957
3.37412346857
3.41371877743
3.70293739743
3.57178567157
3.92114930857
3.84458263243
3.32253288643
3.48897096143
3.19642047267
3.80000302443
3.55095810543
3.39763929143
3.68581566843
3.58351677943
3.95209681523
3.30014855143
3.17155998343
3.12821861543
3.43650187793
3.56220503743
3.48022638543
3.64219874743
4.00174826857
3.78261364243
3.58644517357
3.64895722943
3.47326325043
3.91791585743
3.77608035443
3.80100078743
3.74699195443
3.64969938857
3.21899636643
3.96296057943
3.63241588583
3.86514485543
3.37270536027
3.02427904243
3.59922328043
3.02833354687
3.37061192743
3.60117534443
3.42428231757
3.60268466657
3.44409837443
3.74020708843
3.57548055343
3.31567490443
3.21509952843
3.33470226643
4.16312813557
3.46998453943
3.61375961143
3.36275144143
3.47207097443
3.37307805743
3.30806147343
3.43852281743
3.55818398543
3.88145643093
3.87783312433
3.81224340543
3.85683187213
3.71515524743
3.80555421043
3.70062015743
3.74464363143
2.85835823543
3.75695452443
3.47775396543
3.48831355757
3.96400608843
3.07346422443
4.25624993243
3.89417387743
2.95833382443
3.21149457757
2.93213832857
3.27101090743
4.00270650243
3.14193061043
3.30199256857
3.45275131543
3.87511219743
3.16748492273
4.08738805643
4.48725306057
3.32645813743
3.26930721257
3.95398849743
4.05688068543
3.75429712143
3.62435151643
4.01130683243
4.23925726343
3.70031242347
3.03961337847
3.02164425647
3.00331626053
4.04868066153
3.50673567647
3.50760656453
3.65306015847
3.69930164947
3.64125456847
3.33022461947
3.78880925247
2.67755548947
3.64441817553
3.42205418647
3.18203079147
3.21919515253
3.41615155847
3.36464309627
3.66386510547
3.24957699653
3.08529742597
3.40107389753
3.76349305247
3.82686512153
3.44614839447
4.01789484953
3.68838744031
3.29746757247
3.18487957153
4.34913590087
3.55696238347
4.00373508753
2.62269788047
3.17879857243
3.07595573847
3.37352405047
3.06421094447
3.51998744447
3.97128089453
3.13730659347
3.35437680153
2.63251232453
3.28179837437
3.11395420647
3.42967169847
3.64555600357
3.81150136647
2.98394549347
3.34713357017
2.20789226647
3.08822132447
2.36363191247
3.88202144947
3.32354043047
3.01576314703
3.43503808453
3.81734744647
3.26749324187
3.28990168547
3.70658925647
3.65420930171
3.01237491938
3.05193169947
3.72072882047
4.06118571753
3.17945855347
3.18647868953
2.79224574147
3.65003743647
3.46424232707
3.92994609947
2.62099066847
3.94125980153
4.15403972047
2.41380172447
3.35045003947
2.83545952407
3.00762788853
3.54146257447
3.56621871247
2.45800784587
3.73119102517
3.44359863647
3.42639890747
3.19308704247
2.62613466447
3.74450183347
3.16759993347
3.59450156847
3.82602949147
3.12785401947
3.37966451553
3.00738255037
3.91781304247
2.77887399973
3.08723649893
3.16374151747
3.72985874297
2.87877633047
3.4694357426
2.9348727444
2.6377271406
3.1384473136
2.9314631796
3.1596350214
3.4955983626
3.2662344014
2.8413535564
2.9445694446
3.2298322414
3.1291973634
2.5799330724
2.8303387896
3.0328784636
3.4165805016
3.1782161722
2.2439342224
2.8332681915
2.8466496996
2.6888187229
2.7453086079
3.1548958536
3.2778931954
3.0798207346
3.0122692504
3.1467326044
3.1976058024
3.2120741756
3.54345763892
3.4173202504
3.0030009444
2.9046649504
2.6050216526
3.5810120826
2.8382134366
2.7023974676
3.1459920464
3.0883849216
2.6333090744
3.2808459014
3.2191766854
3.36020103068
3.0015719366
3.0733354636
2.8788712664
3.1034540414
2.8030408007
2.7118783946
3.5319280654
2.7619971724
2.3509728234
3.0158917981
2.5938882154
3.0471674556
3.1332887433
2.9632229046
3.2073185856
4.1797255804
3.4792706904
2.5991113606
3.6408070906
3.4332843556
2.8850343344
3.1393320264
3.1569574266
2.9451229904
2.8704516593
3.41149975054
2.7749927426
3.1515550724
2.9899990204
2.5933553956
2.6959367579
3.1488222014
3.0847859434
3.0217812016
3.3705476494
3.2709836294
3.0495971136
3.5438844644
3.1777130738
2.8541348644
2.8413539674
3.0175184586
2.3500102554
2.9842945374
2.910688678
3.3442822534
2.7603948135
2.9109604564
2.8399445966
2.4706525464
3.2501479464
2.7634875674
3.7128376126
3.3682424786
2.9434465024
3.2272273136
3.3919230196
3.239483124
3.59889723
3.408666409
3.4077372973
3.26101503
3.647319948
3.385595157
3.731589215
3.465174483
3.894059842
3.233956299
3.1448517714
3.99982312
3.2973622132
3.271204737
3.351315483
3.273472154
3.70206056
3.650425305
3.70191994
3.593994979
3.8322095887
3.24175952
3.93669795
4.289228148
3.793960224
3.561057782
3.729401613
3.491978205
3.32859425
3.8945021386
2.908166671
3.767757867
3.51326264
3.043350968
3.85704025
4.09144994
3.8965703927
3.426911703
3.617311245
3.30821776
3.73962932
3.985295693
3.61828058621
3.21364927
4.01330735
3.839134025
3.264063556
3.51224832
3.90069397078
3.939974465
3.447537314
4.05259539
3.89778147
3.750812404
3.086218877
3.02006868
3.568225418
2.91813494
4.368730768
3.559201209
4.104456943
4.293572225
3.343592759
3.459488837
3.706961982
3.58283255
3.52638543
3.48931123
3.346776769
3.70685576
3.620335978
4.399948807
3.522930459
3.1972898608
3.426361321
3.084789979
3.666770756
3.56931119
3.079060937
3.492376263
3.676562078
3.381291257
3.587715154
3.224936876
4.042303828
3.295929664
3.552313349
3.368213178
3.820059412
4.204633511
3.631199274
3.833728119
3.701050196
3.70982462
3.1711048611
4.125165808
3.596304565
3.707553498
3.37615885
3.676362855
3.626841371
3.722430619
3.580661585
3.548378405
4.214046939
3.487940675
2.857725777
3.160043246
4.072183267
3.780730065
3.322269098
3.489705453
3.670594583
3.221844299
3.928564756
3.81883256
3.399586135
3.909800331
3.505862584
3.627555428
3.707287509
3.653563355
3.475474285
3.921178307
3.622392125
3.47870025
3.154057935
3.706412708
3.528554285
3.633305335
3.279048101
4.350246732
2.878486496
4.232841049
4.345597043
3.751778716
3.964934155
3.193361746
4.09436045
3.204996015
3.537998749
3.626546915
3.716979385
3.554918459
3.282251932
3.939622353
3.310664625
3.707836915
3.600492302
3.5634802545
3.780470015
2.928052335
3.6231532
4.280450884
4.423118745
3.863438968
4.381152245
3.051681675
3.826603868
3.526904946
4.19892845
3.110712435
3.75546153
3.408572572
3.301682985
4.016191195
3.44891881
3.438620095
3.972407509
3.3118249971
3.255677585
3.616282285
4.174741615
4.111065071
3.982873275
3.886246895
3.488569929
3.894343181
3.178791321
3.692168611
3.400355511
3.453617245
3.565082017
4.159163065
3.014064017
3.586636185
3.9145075725
3.179596004
4.429314937
3.4385335475
3.737771825
3.780099335
3.761166145
3.907645722
3.591266661
3.484981714
3.695431893
3.633776995
4.159891005
3.311530518
3.821159519
3.6724318895
3.543683065
3.4581419045
3.61119921
3.41430086800001
2.8840329198
3.619382865
3.317751382
2.843598245
3.595134311
3.456246516
3.553072668
3.523127523
3.135469361
3.710989132
3.8055053005
4.43607553867
3.125984248
3.441638171
3.0929071136
3.773365104
2.633092644
3.045176739
3.44669358
3.2928225713
3.217167934
3.378588211
3.229222235
3.365846984
3.4583156289
3.3514103055
3.7125234955
3.48995963
3.362758243
3.53788724781
3.1954049727
2.6025162494
3.235024248
3.019168562
3.5036600621
3.72253899166
3.8605162975
3.877846535
2.888860958
3.651870596
3.0493412846
3.317959354
2.837673195
3.789480448
4.20148448
3.305898117
3.4098973811
4.1098561294
3.798600621
3.8512874317
3.192808226
3.075930221
3.357715385
3.6480896146
2.8933936562
3.874692138
3.193636886
3.868903278
3.300996299
3.627733144
3.2775369387
3.374984989
3.68854573
2.988922501
3.5198742542
3.451174779
3.571101336
3.496904271
3.07845333
3.9677564385
3.863069237
3.442719427
3.334226091
3.536794369
3.443208955
3.240646727
3.216629831
3.111406312
3.938461919
3.233502386
3.539838602
3.412945295
3.5654241395
3.414859115
3.547679999
2.918452716
3.571688543
3.7244666111
3.0378126501
3.805842781
4.022963796
3.768255163
3.292622242
3.136363441
3.473080533
3.660126889
2.649316553
3.54366767
2.859122851
3.061449101
2.951879477
3.057944351
3.9759161999
3.470653972
3.706762928
3.604519088
2.919208131
2.832575174
3.086000757
2.985467298
3.1888414071
3.374486066
3.784359311
3.756590236
3.701950274
3.205075671
2.985628681
3.908543274
3.650772559
3.064799356
3.414417826
3.678380621
2.9442623546
2.881371205
3.045075851
3.364758865
3.156995449
3.233148882
2.811300895
3.555651523
3.620431381
3.27265268
3.11404569
3.3055556117
3.4579321
3.030571098
3.102300304
3.2084104857
3.132488755
3.671302641
3.812566125
3.29419937
3.293426379
2.718617363
3.710551181
3.169894297
3.06817816
3.572902324
2.677841776
3.266077311
3.555954509
3.300230959
2.9862238508
3.132211362
3.470839961
2.556132989
2.877112405
3.531830611
3.936879361
3.231775255
2.578862929
3.4610379929
3.352491272
3.403945372
3.822763351
3.31973106
3.656253461
3.2196918731
3.6617770606
3.834996417
2.3618471308
3.6745206025
3.378148206
3.62266025
3.101049982
3.45142184276
3.505490929
2.9614274076
3.310155662
3.266157071
3.059704555
3.0436806471
2.926145321
2.8111766535
4.049127766
3.035550711
3.0762257023
3.82545967900001
3.101132172
3.315546801
3.241783902
3.489079915
3.433895228
3.1309396564
2.981471189
3.509051999
3.409295805
3.5177982972
3.214704446
3.78352287
3.887103254
3.317793136
3.371049356
3.7037695942
3.365021676
3.448508286
3.4697092436
3.329241256
3.648476803
3.408812076
3.629946078
3.824395248
3.3945818266
2.937880491
3.123658597
3.74938706
3.293767903
3.357098549
3.275178566
2.8275043006
2.954543891
3.442025058
3.054319925
3.827907295
3.5710507707
3.4036252783
3.693079629
3.656543181
3.6850047378
3.611092845
3.85281773
3.201406067
3.382399882
3.371482493
3.18990489
3.266943754
3.512623566
3.3872140116
3.816317898
3.1212065422
3.179415091
3.2300858033
2.958863779
3.2390229369
2.966686526
3.723898393
3.543181191
3.589963402
4.175070957
3.643304196
3.346902771
3.386579452
3.100415446
2.765074391
3.387038147
3.0221923941
3.106331266
3.176790118
2.601089056
3.9557533616
3.22065729
3.641224172
3.456379166
3.668802572
2.997419679
3.359425666
3.735962505
3.453112535
4.0493927322
3.784906256
3.082004659
3.161192345
3.209675494
3.527515677779
3.635434043
3.456576033
3.283893261
3.009615668
3.696074232
2.959905627
3.2723496473
3.057111573
3.283648035
3.0606761972
3.420023713
3.251337473
3.102829441
2.708690532
3.3549134695
3.016085757
3.020000982
3.603960877
3.4827252198
3.28991933
3.245763301
3.49153708
2.98410503
3.370456057
3.6160253456
3.17564987
3.41642233
2.81293741
3.48492073
3.5655546
4.18007209
3.54616422
3.31186574
3.705170597
4.00912549
2.71887546
3.51850577
3.32105186
3.697837532
3.61012807
3.42431687
2.95542311
3.39938558821
3.40469343
3.32937302
2.99650407
4.35398569
4.00978642
3.41216096
3.246959
3.498442899
3.723651399
3.326967836
3.30490492
2.98104124
3.41405368
4.29277145
3.90869205
3.89314969
3.65347389
3.01824206
3.91092714
3.329742817
3.41345859
3.50807109
3.403187516
3.18570035
3.275823409
3.45603908
3.671466
3.32805896
3.34072565
3.15121255
3.155976676
3.48907475
2.90055577
3.62588764
3.1218631
2.73115134
4.349040827
3.967533781
3.31868626
3.37273058
3.11979784
4.20237763
3.236586359
3.23886621
3.288667512
3.525714228
3.59697031
3.69343749
2.97192965
3.076344124
3.248830851
2.971800538
3.243558264
3.324033798
3.34912179
3.22203434
3.39342587
3.61616482
3.667133937
2.94374608
3.48403278
3.42155384
3.29351362
3.2787692228
3.70968973
3.54332719
3.45444077
3.6101454
3.52050679
3.00448688
3.58456395
2.77681402
3.493053386
3.0815748
3.70357744
2.73836118
3.47688957
3.56941517
3.48257956
3.05561768
3.01830719
2.7967019
3.53773369
4.13062331
3.495244157
3.38782898
3.729690595
3.18055897
3.37537373
3.73362027
2.95112541
3.40413011
3.78500485
3.51738133
3.23884888
2.85826625
2.96135331
3.23075247
3.4621651
3.54763334
3.25916312
3.286842658
3.052266454
2.98989177
3.6169773153
3.3227899
3.692301889
3.57188632
3.550053115
3.460823978
2.83810878
3.25191682
3.61394989
3.406900577
3.10206839
3.15656664
3.358494626
3.446766475
2.91819334
3.22010464
3.58591361
3.594549917
3.416643011
2.98111362
3.07137184
2.84578706
2.87096871
3.37580688
2.86912712
3.9591177
2.8591367546
3.26817286
3.41562083
3.47585479
3.44236431
3.073287498
3.03461971
4.164999574
3.27445738
3.58474244
3.14747282
3.3627904
3.371121152
3.499890739
3.70892986
2.885072489
3.17534178
3.30829498
3.83502398
3.258666316
3.35956098
3.957079618
3.50173662
3.31819504
2.662846034
2.5522439
2.76493246
2.6336237
2.27274138
3.16799685
3.03298305
4.39954665
3.64182116
3.108235267
2.740103412
2.660454268
3.98621157
3.6194831
3.307628153
3.27455847
3.37736906
3.35048836
2.93636937412
3.70077099
3.631360851
2.99858517
4.25261084
4.0760831
3.58943863
3.80270275
3.79237174
3.847674962
3.12420276
2.96543183
3.50279209
3.87015292
3.9364652
4.377481852
3.47409765
4.09948615
3.3357743
4.051275728
4.056526462
3.6632248
3.37039662
4.944155119
3.683931766
3.70322248
3.93349121
4.48121412
3.93070697
4.018627789
3.54615326
4.57449662000001
4.117794969
3.45747179
4.35699491
4.22668141
4.173586232
3.98599901
3.34648915
3.21153753
4.70447628
4.337967121
4.03295104
3.7363225808
3.18516491
3.44773836
2.65275662
4.0243202
3.96248007
4.22378106
3.834695386
3.63884731
4.41906277
4.15236144
3.7196627574
3.1121582327
4.24345669
3.77991626
3.35358898
3.23141829
3.573780084
3.73375161
3.85388235
3.6048307
4.012044243
3.65627154
3.04459335
3.58323836
4.19073261
3.49138688
3.70058927
2.98912852
4.48392308
3.834753561
3.62854215
3.237477814
3.40782569
3.65209142
3.974334809
3.22673745
4.07348316
3.73828093
3.755124835
4.06916733
4.01455535
3.71422157
4.364590961
4.24851956
3.912264322
3.17479273
3.49054456
3.28671147
3.60796088
4.24025045
3.61518464
3.33262057
3.82385573
4.033898269
3.783396164
3.96126932
4.69348353
3.58250175
3.35245713
3.41075754
3.41496871
3.804369511
3.23496126
3.213491286
3.65834406
3.35104238
3.41931631
3.978895465
3.38226138
3.74117067
3.717509049
3.94261167
3.67412666
4.03895246
2.99561498
4.06063581
2.8144570989
3.285367086
3.112865
3.83327378385
2.9578624
3.78369197
3.413617196
3.156823141
3.76811931
3.212959037
3.152399999
3.6195851
2.953935436
3.93138064
3.59774149
3.86144264
3.47026068
3.21695906
3.986713822
3.3007841
3.455444533
3.24707646
3.04472107
3.86646356
2.998178611
2.948676244
3.16301601
3.2045308182
3.10385473
4.11978337
3.56436012
3.31190351
3.50283809
3.85952851
4.099611915
3.46559758
3.01466523
3.870820169
4.3536202
3.35761441
3.944900343
3.123537724
3.83241829
3.56944458
3.65714155
3.52222188
3.374195292
3.362773664
3.35024459
3.07030972
2.96478163
2.875927534
3.21407867
3.23428352
3.13433124
3.82620863
3.91014048
2.9607313
3.79989419
2.77646351
3.6302572172
3.018932738
3.7504944
3.77281389
4.09710418
3.37697967
3.3153816
4.27412546
3.33681162
3.970785911
3.638965248
3.45441587
4.227778792
3.47374031
3.23484493
3.470136531
3.036456698
3.07781631
3.616447191
4.3276473
2.66817691
4.38856717
3.549894635
2.77909078
3.546878487
3.330523748
4.115578514
3.655298983
3.529177895
3.614667087
3.797542627
2.991397094
3.325834376
2.993940213
3.827843686
3.629221363
3.091212527
4.215329733
3.22920591
3.989957757
3.347635023
3.168040041
3.344804753
3.020453463
4.318816063
3.011808362
3.562507231
3.781970647
3.488223357
2.983354837
4.202794757
3.787132323
3.490066223
3.238074737
4.034089565
3.571897053
4.151519617
3.138782274
2.726909393
3.595956237
3.115336463
3.452289703
3.190428127
3.235134166
3.129015623
3.373092946
3.639129827
3.165120873
4.129299577
3.299715983
3.152567712
3.63303356
4.3181423495
3.32318648
3.646221493
2.702798625
3.34219194
3.148219579
4.029451877
2.719433222
4.018521851
3.407894233
3.484802847
3.421407243
3.147863223
2.945220923
3.869280603
3.655609027
3.425187583
3.696025247
3.655303433
3.407102516
3.253200262
3.354241337
3.981909417
3.548821413
3.999960913
2.991505141
3.717508583
3.400670483
3.717447503
3.1744384496
3.196204397
3.362833332
3.338823913
4.2138948
2.982227263
3.328671323
3.712932062
3.710873013
3.05314349089
3.262307667
3.767880847
3.063595786
3.40336985
2.839007523
4.057542043
2.949659777
3.660019079
3.034452253
3.527337213
3.509867167
4.0130939701
3.163224177
3.30068356
3.00266599
3.31990245
3.092045578
2.9421492281
3.892244766
3.698050992
3.751344471
4.459030086
3.22270447
4.009535241
3.194214961
3.50948023
2.979870454
3.41749575
3.804201694
3.372536361
2.99774419
3.194096509
3.60785203
2.68548643
3.34403518
2.843882901
3.51572075
2.81874121
3.658155988
3.426538525
3.6422671933
3.77049379
3.39479166
3.10526212
2.689397472
2.56679494
2.929299764
4.3386158
3.00436015
3.094599522
3.67534909
3.659589971
3.5867338
3.366852129
3.02461696
3.958755769
2.923710683
3.256631009
2.76330424
3.28815196
2.501820126
3.16676069
3.899150107
3.26158148
3.0238672913
2.95135249
3.56837867
3.33769641
3.69792262
3.443826452
3.944019059
3.17524309
3.447766304
3.41614661
3.2073992616
3.157448727
3.47915466
3.08861682
3.355731419
3.84544656
3.2999438
3.94920368
3.582871879
3.2727999
2.848706751
3.10913754
3.819952728
3.08449876
3.29970387
2.875263935
3.558233125
2.854519574
3.042678771
3.62843179
3.665476397
3.54550788
3.464127931
3.44525444
3.46988266
2.71634878
3.08202609
2.80940373
3.26563603
2.61606629
2.95860729
3.036609329
3.359689348
3.584574044
3.49836314
3.45065523
2.99470345
3.35285114
3.27895071
3.730786996
4.33610323
3.586144078
3.67800552
4.3019945
3.562359403
4.411052375
4.24961271
3.255167225
4.607943851
4.371943265
3.353099176
3.4648946309
3.52498744
4.05935682
3.708104323
3.964647822
4.22746037
3.648464205
3.49370075
3.870180493
3.41619238
3.4325715763
3.532649596
3.70122182
4.198933272
4.018694114
3.660661068
3.519166146
3.79794101
4.3393455
3.71300336
3.508182519
4.37009913
3.7524276209
4.09157669
3.435665911
3.936066559
4.153482025
4.02327729
3.13350992
3.33819408365
4.00823186
3.480397046
3.58095288
3.634973753
4.46842775
3.428358942
3.68876255
4.70042967
3.5634870692
3.5284259757
3.96600497
4.30543425
3.675446057
3.56130025
3.76738485
4.240138
3.16995948
4.361711086
3.95525045
4.092513
3.79924731
3.247761411
4.47766903
3.20444364
3.547815686
3.4425393
4.044644234
3.55458157
2.990457039
3.36729404
3.224880283
3.58999397
3.40015777
3.85321318
3.37845856
3.71528387
4.867581508
3.475236026
3.88306434
3.61631462
3.51046905
3.417396374
3.163141661
4.9825844558
4.82971785
3.37577414
4.045972052
3.414843147
3.503646189
2.96876325
3.26734895
3.966973646
3.96968621
3.72178804
3.6378606656
3.94759369
3.53167075
3.578185094
4.85875706999999
2.68070012
3.0640131
3.50990354
3.85272252
3.55417408
4.20475068
3.98747524
2.88512357
3.14322526
4.177093169
4.552931043
3.50971989
4.47018407
3.68264559
3.82730286
4.01646423
3.22925311
4.36256435
2.903192437
3.48273652
4.3932446
3.77666579
4.21158469
3.04664591
3.8129102
3.56638201
4.25316381
3.89900964
3.18381104
3.15049129
3.27396152
3.98404163
3.71793053
4.04032856
3.26124173
3.74146925
2.60258513
3.01367784
4.06808517
3.409972078
2.67062524
3.38412743
3.52324912
3.34762571
3.720984144
3.3327267
3.28966855
3.41261168
3.40741021
3.24507645
3.6172415
3.8154279
2.61015641
3.563946714
3.5735427
3.506173717
3.75524211
3.35514166
3.92034495
3.51869135
3.67943422
3.68334633
3.24969888
3.7209555
4.191882775
3.57011135
3.70666538
3.05339808
3.94951662
2.87243721
3.4491805
3.75678957
3.49233352
3.743972438
3.48107154
4.0754009
3.7079762
4.29904066
3.6454820513
3.984601384
3.63905312
3.62184919
3.31214323
4.582172744
3.55521465
3.31582532
3.87940933
3.38995162
3.66408667
4.23938374
3.311480781
3.63618461
4.05958423
3.72298807
4.16548476
3.90878902
4.19418862
3.86248783
3.3209627
3.16460884
3.032334518
4.09996548
3.43081155
3.06268505
3.77032638
3.443955588
3.008692646
3.45425718
3.912458322
3.817205364
3.777744528
4.065344921
3.02803128
3.780118366
3.19972859
3.160010185
4.07725006
4.03614686
4.181631472
4.04261469
3.203751138
3.55191086
3.28926654
3.8714094
4.46303711
3.606548095
4.09726815
3.51183464
3.397306143
3.44382075
3.49259735
3.56219306
3.809198799
3.662134452
3.30940307
3.83371819
3.4765251
3.64342993
3.9792167
3.75832172
3.36771284
3.77095151
3.88684598
3.606886491
3.36714216
3.424135605
4.18623282
3.02042175
3.69105633
3.81362762
3.54439647
3.73293098
3.59680583
3.39054729
3.83785981
4.34740056
4.215564857
4.57790182
3.07062834
3.30643428
3.34283707
3.337487504
3.71858158
3.149324198
3.30600566
2.40482847
3.72233025
3.9289333774
2.91750669
3.379144098
4.14747786
3.17696061
3.651697894
3.54612619
4.158149139
3.47437817
3.965865062
3.37852848
3.41977614
3.89272784
3.509818982
3.77415741
3.768467306
3.02636824
3.88707977
3.696810805
3.291096107
3.076337195
3.626285022
3.6930302
3.35953828
3.35314891
3.000015627
4.1199890231
3.199522259
3.885689197
3.5645745
2.64558408
3.11730694
3.46184095
3.841154809
4.21939354
3.741084542
3.53572695
4.64780951
2.85315083
3.5525899
3.54720913
3.9356160761
4.434811613
3.76493826
4.76227072
4.07953334
3.18041242
3.43443593
4.532258927
3.35985979
4.34908569
4.13603243
3.502692589
3.86820764
3.49602097
3.492182801
3.680551298
4.80830143
3.856482383
2.9075440813
3.92356393
3.47890118
3.864225538
3.479954542
3.69684808
3.385113454
3.72945363
3.493136821
4.206333836
3.5868255
3.14675437
3.559809886
3.12521192
3.5295058
4.52423874
4.36765045
3.9457512
3.26429298
2.97131606
4.42964689
4.506738479
3.7141165
3.33049392
3.270725884
4.289200518
4.15116412
3.87563227
4.23170734
3.884863221
3.828423107
4.3115899
4.30616346
4.51750195
3.72045053
3.52053521
4.094107267
3.2527127
3.78209937
3.98414431
3.09758172
3.53309949
3.29816248
3.555463371
4.00746861
2.89722849
3.85364859
3.95558613
4.08439357
4.15824321
3.87760377
3.06632909
3.89317183
3.65168163
3.68863188
3.1093327173
3.58014899
3.801759364
3.74550292
3.04903751
4.59097447
3.603812999
3.8856326
3.265413647
3.70888617
3.39476678
3.5568289106
4.4295024
3.72563287
4.19150525
4.018026193
3.72885896
4.35528317
4.316268318
4.578492728
3.536329
2.8532932014
3.609419815
3.823839506
3.17551764
3.457954783
3.73979474
4.161655878
3.156498216
4.255024407
3.42653239
3.179599418
3.565083339
3.4705164061
4.05880167
3.824206101
4.116658781
3.073683896
3.123683486
3.394066196
4.207477011
3.935114185
3.441912569
3.1616901778
4.12780457
3.98695771
4.008800188
3.342959978
3.764465821
3.253359988
4.158665286
3.748560857
3.219619643
3.892115758
2.985903319
3.91208312
3.86533417
3.410827021
3.226731922
3.6119436
3.522600854
4.130822083
3.501844574
4.152892298
3.269782711
3.364993305
3.339719524
3.520202596
3.918045041
4.199214922
3.54731045
2.570693568
3.05825687
3.6448943966
3.63767079
3.888252023
3.084043917
3.377281454
3.208684556
4.119252591
3.801399803
3.1993029119
3.878213628
3.941367029
3.079581191
3.10341904
3.914471662
3.93443999
3.63875974
2.621778326
2.746811063
3.812819003
3.923340419
3.552319558
3.767012287
3.283538598
3.756939538
4.10683979
4.421560441
3.823557138
4.280093112
3.43710929
3.757056198
4.302362236085
3.21084164
3.725907627
3.624983942
4.109466783
3.001005559
4.347963016
3.762914258
3.255489138
3.88230675
3.238172368
3.96361653
3.415782282
4.046890174
3.777097712
3.662148493
4.386092066
3.73348161
2.775037138
2.351928398
3.29928482
3.284078663
3.09435876
2.911670081
3.25794823
2.604773395
3.1500445
3.33759525
3.577926512
3.31106566
3.84892015
3.86608087
4.51701667
3.751519846
4.02719795
4.225803493
3.94621211
3.31497334
3.44823191
3.71233245
3.580430905
4.190571137
3.943541328
3.07814626
3.95880655
3.856376758
3.62581813
2.88153512804
2.87149087
3.185710886
3.525065103
3.4513711
3.758060271
4.07144172
3.360445204
3.866535366
3.6482953729
3.84584838
3.7165016354
3.46589781
3.301577591
4.0403303202
4.198304784
3.43436208
3.53805714
3.14186489
3.72930963
3.05522868
2.881583607
3.261797594
3.68964815
3.023625126
3.29384679
3.432674267
3.374096218
3.698964585
4.32100018
2.96293735
3.00922108
3.15312781
4.23679582
3.867205243
3.430008322
4.128115133
3.33320784
3.605602457
2.81730964
3.74678029
3.17725748
3.00029268
4.05786533
3.099223202
3.58048715
3.21129362
3.69088807
3.722168995
3.40069731
3.23373782
4.110702296
3.84374846
3.84626447
4.10504767
3.800834671
3.644485934
3.60286282
3.74979531
4.005336594
3.1014249088
3.09193324
4.22130025
3.332420596
3.78244146
3.83948114
3.18619017
3.42089223
4.026531259
3.258804242
4.299638595
3.134262922
3.832079139
3.765771609
3.971016691
3.722124155
3.118676357
3.133765989
2.984751522
3.134076667
3.7563655567
3.069502609
4.323838581
3.132857098
3.040960669
3.466473489
3.538707962
4.765353892
3.7870345809
2.918877779
3.223502599
3.487140773
3.244562814
3.815073398
4.172322469
3.328456871
3.795861678
3.263959016
4.046777849
3.4417277181
2.834415311
3.683086669
4.045090555
4.002463149
2.762016657
3.632950438
3.551673839
3.613441049
3.38965190185
3.250262731
3.618052049
2.560608101
3.978486947
3.475649404
3.579382419
3.206599091
3.361074391
3.701632099
3.528224419
3.767929151
3.794124069
3.913667503
2.966420769
3.155872907
3.576062961
3.818944221
3.74075749
3.236932479
3.369780905
3.327080915
3.437084959
3.321507489
3.769626019
3.427016689
3.877039379
3.146743663
3.1420690334
2.860827969
3.863072169
2.955925089
3.893547051
3.851282622
3.675144737
3.767816577
3.582597849
3.174759349
3.579353557
2.534518249
3.710219021
4.162111641
2.843111891
3.875341633
3.508092221
4.092193601
3.481741458
3.036400069
3.721252981
3.7350178493
4.360148433
3.676824809
3.454366761
3.309362463
3.553589379
3.225089783
3.319662029
3.642626239
2.652388147
3.510383775
4.124861099
3.4329856
3.878399901
3.59367525
3.757954463
3.72461586
3.93558882
3.42301212
3.72763753
3.706275207
3.124693776
3.581691341
3.969230046
3.57437684
3.81483641
3.1099791595
3.135999496
4.041923142
3.7281263
3.722173716
3.829349547
3.88668049
4.061936069
3.82259944
3.0592939
3.107887492
3.630427262
3.4203300801
4.112762276
3.650374959
3.33964903
4.04844482
3.429940481
3.925831256
3.771441398
3.782422362
3.689228718
3.7222560536
3.76708876
3.9083669372
3.495808
3.62756686
3.38315297
3.427679008
3.95094135
3.95263809
3.77394556
3.873227497
3.230275841
3.1391475
3.089439884
3.602984734
3.98701998
3.56659609
4.01917754
3.695187805
2.948103243
3.467939893
3.803023185
2.98754324
4.01266689
3.768240695
3.66572907
3.418231801
3.49055782
3.236548721
3.65792967000001
3.41177138
3.48803239
3.917676373
3.612011042
3.28676772
3.902337939
3.100697639
3.35420198
3.80025165
2.88099003
3.631268868
3.39795012
3.175641699
3.557781568
3.72223349
2.77975253
3.39787665
3.831960446
3.758092642
3.612063442
3.93540611447
4.09366176
3.59910295
3.59560355
2.97405184
3.70560282
3.9909447007
3.80198417
3.03533283
3.627771354
4.0821435
3.492507364
3.931680303
4.258752886
4.344067613
3.759751296
3.856854314
3.682379696
3.882613431
4.25481922
3.557358396
3.580449358
3.685928297
4.29584279
4.204890833
4.296559246
3.526436734
3.309727981
4.005137454
3.7869546136
4.3989423135
3.490756413
3.706240146
3.8562355056
3.190664454
3.6999827055
3.705023663
3.742652636
3.826883356
4.3562752385
3.878737859
3.2388316638
3.228404806
3.967675836
3.91923147
3.36886277
2.684266005
3.585080039
4.2013620451
3.978057606
3.883615163
3.539781606
4.2391703
3.4860717071
3.128084946
4.398949596
3.500671352
4.5025074547
3.197236411
4.729450379
3.937301015
3.641656767
3.690814139
4.896043926
2.968832587
3.876102526
3.502609896
3.087511234
4.496188096
3.755127372
3.535730756
4.127627776
4.051449831
4.3807668467
3.350957691
4.4128273204
3.646817784
3.537143131
3.616533686
3.603351846
3.912615698
3.584652509
4.629247656
3.7323013993
4.315708734
3.558751531
4.503482941
4.559545546
3.8501230155
3.69353886
3.250102705
4.523349152
3.788161474
4.295557903
4.303164663
4.535908456
3.771851376
3.437712666
3.476326406
4.543768825
3.869218576
3.504425746
4.160720186
3.0434866898
3.291102284
4.063375776
3.306628176
3.115904856
4.165640716
4.291317446
3.039013706
3.537647818
4.139995776
3.378987222
4.0576618565
3.289164735
5.06979834
3.123550258
3.738097355
3.675277249
2.997341067
3.607084571
3.64643036
3.779593323
3.4645824
3.4540876
3.60615897
3.16008863
3.9914305951
3.58226689
3.471581989
3.607635645
3.96801695
4.174069744
3.143149932
3.798000158
3.991605437
3.511169048
3.66391487
4.368673761
3.700262678
3.098479503
3.291617658
4.241879165
3.26142485
4.0836050346
3.924152977
4.40700807
3.072994673
4.117392988
3.843696651
3.68574339
3.60729011
3.26520512
4.121401047
3.977941
3.2834501807
3.681066816
3.48171145
4.338465684
3.9285136053
4.25398099
4.30808462
3.23798605
3.480376211
3.66440368
3.696187139
3.489433532
3.689984358
3.872088289
3.422105454
3.781267158
3.872332476
3.461420918
4.01694826
3.51237636
2.766906171
3.562613006
3.3652584783
3.795532381
3.528194069
3.726045224
3.810365224
3.166812158
4.449760991
3.589631777
3.372169394
3.5346624
3.626266531
3.578922153
3.72706811
4.30851663
3.491198648
3.618582902
3.201979711
3.62660509
3.280297153
3.744325981
3.21270685
3.25258421
3.6304542721
3.85303022
3.550714967
4.256037918
3.404659014
4.0606291135
2.907345558
3.50824483
3.472128954
3.81043033
3.30173247
3.92783979
4.524767735
3.452281469
3.955986154
3.415970133
3.4358581147
4.010830455
4.176002387
2.854470497
3.108750793
3.989094933
3.823543993
4.046047138
3.216277156
3.901905475
4.243083901
3.364670897
3.436656714
4.137215034
3.328117656
3.533816038
4.517973669
4.160775473
3.6943701733
4.004861512
3.327432806
3.531645605
3.88320131
3.0415318676
4.4903556711
3.926394991
3.310721928
3.130910349
3.476604899
3.892158776
3.837905328
3.597362367
3.570819202
3.488365935
3.478424061
3.826915709
3.883596979
3.57842049
3.815111323
2.976816599
3.663196621
3.827103789
3.371422291
3.510857655
3.677159651
3.4383322116
4.015108021
3.62849895
2.877862311
4.03034964
3.183447102
3.657448191
3.549743841
3.735474061
3.9850957
4.621753422
3.76444499
3.566070711
3.711607547
4.322232059
3.20622153
3.113719748
3.995623594
3.628376748
3.7055571282
3.782789191
2.998455809
3.42046762
4.055352992
3.664782166
3.696366406
3.591738058
3.448317271
3.258168934
3.969696057
3.698853451
3.222974782
4.373339414
3.59462584
3.474855589
3.5986721928
3.097304539
3.7533884166
3.488082358
2.922976738
3.773756429
3.676654789
3.47821182
3.58958922899999
3.728640272
3.678244934
3.985736895
4.058394057
3.464904729
3.733597296
3.424401341
3.677810923
3.8850645505
4.58983006
3.1379604
3.27332757
3.19350284
4.092282513
3.59771511
3.493149162
3.70681255
3.193276935
3.58777641
4.09888703
3.93141536
3.617482333
3.369085755
3.50126902
3.597783263
4.40701946
4.08003923
3.34204428
3.5586132
3.72746185
3.634941985
3.88217862
3.71469028
3.40479949
3.30334452
3.442599163
3.71982355
3.6082338
3.34562889
3.08987246
4.288417775
3.660962138
3.5662844227
3.38717108
4.24097989
3.092727885
3.736632845
3.15032481
4.39196547
4.3455847
3.14613806
3.688226766
3.71805177
3.4984456
3.98021683
3.57802541
3.71579674
3.89482799
3.6128487275
3.718260627
2.661074396
3.06694939
4.50626213
3.506262129
4.17572868
3.041171714
3.28411684
4.05876793
3.6425186
3.48389208
3.03892203
3.61883124
2.57695361
3.98611488
3.38759811
3.81714713
3.11688983
3.94707843
3.65684305
4.1736493
3.92798134
4.02989723
3.424445021
3.32168133
3.36871138
3.722703595
3.832285965
3.523436925
2.989199644
3.347266055
3.629338865
4.328021095
3.23916973
3.3626702472
3.712008775
4.05973252
3.97957137
3.957978739
3.87538711
3.685501453
3.862347783
3.69712801
3.55823341
3.703670145
3.729903885
3.76978025
3.65274807
4.07461827
3.3293992145
2.8065392415
4.1022747255
3.7474588845
3.5219072855
4.2889114705
4.6709932555
3.9546062455
3.3496137255
3.1933080605
3.6525107355
4.1133930165
3.7256611055
3.3878478135
3.6147238465
3.5366487355
3.8873796055
3.6079678755
3.3322579855
3.3376693455
3.6270968055
3.3960965555
3.7484579525
3.9234588755
3.3319040035
3.2529493455
3.7430576355
4.1231518125
3.3604525278
3.7030107245
4.2564083255
3.8051055055
3.1099165235
4.0999949255
3.8928943828
3.7601879455
4.1757149285
3.4886519655
3.1895945755
3.32126169
3.8570208165
3.4526240555
3.7331315955
3.4351227845
3.5022612975
3.7404142105
3.4653990405
4.4591124425
3.1673695655
3.5170690755
3.1110269355
3.8646860655
3.5336767775
3.5236082685
4.0595584465
4.0689545755
3.3041085755
3.7612380955
3.4588649285
3.5522731455
3.3903851145
3.2573148385
3.7546392255
3.7084234305
4.4473899305
3.8491777155
3.8582911615
3.5039201545
3.6856759275
3.3861413545
3.6027495825
3.5812773915
4.2181855919
3.9305961515
3.6443773535
3.9877385845
4.0918268055
3.8645254155
3.7850918655
3.4803313855
4.0663459645
3.4149801945
3.5684914555
3.5192673745
3.6994369255
3.6477109655
4.0612727155
4.5207879105
3.8024661085
3.4172535955
3.8010261385
3.1177206825
2.8796854255
4.0915527045
3.8068459805
4.0241438961
3.1521980265
3.0464812955
3.5486150255
4.2257239305
3.361791281
4.226911463
3.733412627
3.588795901
2.963262918
4.983249836
3.249206534
3.543930723
3.546687894
3.4219577053
3.650189566
3.564938558
3.642215896
3.126032759
4.312223952
3.2825429852
3.800339714
3.24567868
3.8014718639
3.996823087
3.219935259
3.456560147
2.898042463
3.4087459521
3.292444127
3.099803441
3.759151822
3.569392374
4.038791789
3.3849345155
3.051201174
3.739586066
4.2331005464
3.10831554
2.6281367311
3.834789526
4.037082976
3.310792576
3.0887170058
3.514548687
3.494802701
3.695234056
3.566827411
4.088584785
3.928413514
3.877080273
3.546454471
3.4599905657
3.421333468
4.162927737
4.056655207
3.2396929443
3.058601097
3.197598939
3.4588867041
3.790915353
3.516316106
3.8164847212
4.129374683
3.826001786
3.211741126
3.684231559
3.584388307
2.933973355
3.357182601
3.42551948
3.750473126
3.476122106
3.3047276
3.523222548
3.01194495
3.436320724
3.549982366
3.340515621
3.181337318
3.4067555665
3.835127134
2.492706303
3.222992322
2.405797946
2.969037254
3.366098524
3.664590786
3.84335965
3.515014856
3.129343334
3.338405286
4.107975176
3.805720609
4.020436156
4.041549914
2.785719946
3.989527184
3.452914229
4.29261279
4.118651447
3.383945804
3.330486031
3.8033943338
3.4855633105
4.349878501
3.19695165548
3.621411484
3.580697321
3.967102706
3.788843201
3.7454819711
3.169299601
3.833755051
3.110101772
4.007050228
3.446689055
4.029562711
3.178946085
4.179954215
3.390620182
3.978448998
3.730669438
3.821458385
3.42585913
3.949686269
3.011473281
3.5132590353
3.073079743
2.935752221
3.130399268
3.8445230032
3.672734229
4.104544111
4.123682131
2.799154727
3.534223595
4.706425832
3.475095618
4.091320538
4.004290356
3.590714978
4.082250921
3.191755388
3.852338721
3.39918504
3.117408057
3.223917421
3.48421488
3.426008623
3.494308709
3.360441992
4.144964887
3.740216217
3.446427288
3.5403904604
3.934535107
3.825756909
3.707160005
3.930702041
3.542674491
4.25096867463
3.35729441
3.664486111
3.652494226
3.8584482704
3.957125282
3.57883968
3.295207764
3.866410829
3.921306841
3.986045135
3.408580751
3.510065791
3.9566572075
3.389967931
4.251900541
4.25533308
4.149713439
4.083947611
3.506409299
3.401133319
3.843788224
3.764109294
4.196874459
4.075938671
3.340809271
3.839905022
3.879454448
3.234130649
3.329271231
3.7966259469
3.577722941
4.181741144
4.149644725
3.556660219
4.1224135745
4.192961441
3.549506499
3.661074922
3.594577221
3.592776731
4.111257406
3.682098891
3.5901807222
3.2844572914
3.8509249659
3.0974889936
3.1254341636
3.4378702284
3.2584408964
3.4447336419
3.1616674236
2.4916749396
3.1286192934
3.6143483408
3.0870260236
3.1366843686
4.3706965108
3.2921074866
3.6912374764
2.7589309387
3.4487911874
3.6915517014
3.2327806306
2.7717844618
3.8886632326
3.8041523936
3.2350990236
2.9200099216
3.1260507394
3.9198097846
3.4882065026
2.9640495763
3.4413398356
3.9523848286
3.7443137636
4.1916942476
3.4020124748
3.7467166616
3.1022287636
3.5336031636
3.3223116034
3.4896521366
3.5587633634
3.4959688924
3.5418124764
3.5830808986
3.5016483784
3.0424942986
2.8896963756
3.6720390914
3.3063354536
3.4241352464
3.0421440826
3.7523914844
4.2407524244
3.6049777134
3.4446832984
3.2630313184
3.8911393994
3.1600679274
3.6005255436
3.4235192136
3.0960709946
3.2143021337
3.1083445336
2.4713993506
3.2763771704
3.4116379164
3.6378285144
3.8251818596
3.4491854756
3.0436586265
3.4281784614
3.4085502464
3.7078649526
4.4299170236
3.8447283006
3.7498900905
3.2564233894
3.3473134271
3.6806990366
3.0120399956
3.5263664654
2.8678101396
2.8584337264
3.6308825153
3.5742991876
4.3329708044
2.8776888456
3.9541984294
3.3086061904
3.6220489744
2.9572279184
3.0386652836
4.0103226944
3.3611641174
3.1705940274
3.2850366114
3.8443843894
3.89273806448
2.99338458915
3.7681418126
2.9436111194
3.187661231
2.601079342
2.866424449
3.528595066
3.305579292
3.34764469
3.47485612
2.963176038
3.286402369
2.962739831
3.406629154
3.347590903
3.977477754
3.6334268997
3.444582792
3.69895285
3.3984121971
2.95451553
3.0736939847
3.615032742
2.996791677
3.8283699086
3.845089893
2.793741274
3.221457749
2.849273143
3.527132939
3.473681713
3.235895145
2.7374257595
2.831451929
3.1580775308
3.383921277
4.009608825
3.83749594
3.19169849
2.822014805
3.1376418051
3.6456881677
3.301904497
3.063905276
3.643049909
3.156881
3.72481704
3.2161198446
3.091252277
2.951816438
2.9143010548
3.156159669
3.182564171
2.946140739
3.618522404
3.453432731
3.57720813
2.970219244
3.899602851
2.918096779
3.124158645
3.292480695
2.783662146
3.00312628
3.260700649
3.062969281
3.247461523
3.284948405
3.687475643
3.2352874015
3.329831972
3.3319662183
3.526833811
3.195857933
2.95868896
3.317974368
3.055025677
2.968148248
3.565623103
3.659281102
3.3445105
2.828034908
3.382078818
3.73069239
3.1100247507
3.528531016
3.30192136761
3.319436607
4.373437675
3.32465084
3.124526336
3.0047193573
3.581819766
3.5622591128
3.340973459
2.639111243
3.736648864
2.9050799441
3.056572297
3.001153831
3.544704611
3.420154903
3.092841518
3.601991541
3.795361882
3.8486582
4.127112557
3.908469113
4.04845827
4.29682621
3.84735836
2.969721688
4.0407867
4.45595726
4.179194179
3.358608682
4.08786663
3.25551872
3.77477776
3.53769319
4.02414835
3.79584262
3.67249525
3.46564484
3.68044714
3.148492344
3.462557749
3.69312677
4.404675083
3.21518515
3.2790608201
4.3693439
4.17519317999999
3.923647908
3.06920906
3.723515395
4.20701493
3.318940338
3.72690246
3.4294652
4.16322926
3.875901131
3.19758445
3.44969798
3.55744742
4.05324302
3.0643955
3.31351372
3.340435096
3.818653466
4.500723777
3.4794959139
3.345270226
3.871268207
3.557746811
3.803271791
4.39134904
4.5204259939
4.43099714
4.09510592
3.113214796
4.32373656
3.85319187
3.85822443
3.469250315
3.550335686
3.764863989
4.334824794
3.34276966
3.9062186632
3.55191901
3.412439477
4.709283013
4.07241227
3.726467583
3.206829766
3.435495996
3.33334877
3.995822238
3.59721209945
3.743609642
3.937093951
3.514250643
3.4796561648
3.167122475
3.62945245
4.044741943
4.034271135
3.35128913
3.5957262669
3.617333905
3.754590513
4.67165828
3.606517106
3.360751807
3.704479218
3.842641973
4.008816422
4.01895555
3.867671489
4.41318722
4.377995609
3.93275279
3.1969369467
3.297164512
3.660879166
3.531924042
3.675347047
2.97246066
3.340074469
3.304080042
2.515800234
3.373505173
3.19121909454
3.548865427
2.857991098
3.193423547
3.638422586
4.088008847
3.135633759
3.443367021
3.758275803
2.996432014
2.860211182
2.77655839
3.059938632
3.3788804326
3.558499387
3.36272162
3.7157005356
3.474734132
3.182103217
3.446960357
3.268420632
2.886129167
3.7179444002
3.744143984
3.3514236
3.675071682
3.415617995
3.525999097
3.785211243
3.05471851
3.190160231
3.031347887
3.073614857
3.283365528
3.17390559
3.806903077
3.670291125
2.852077147
2.975745739
3.582252247
3.871794061
3.441792711
3.493153348
3.225739385
3.1311159912
3.207049197
3.255894262
3.362223792
3.081117718
3.825703103
3.547242924
2.653388138
3.848736778
3.070337697
3.368334777
3.255147247
3.85790997824
3.433908487
3.2575268955
2.539188552
3.1663005367
4.313489762
3.7982872792
3.361405822
3.09757341
3.522468807
3.163743722
3.829876637
3.391785217
3.994716519
2.901234533
3.157004055
3.913097517
3.996054027
3.80247574
3.306551983
3.811917802
3.148794223
3.559133654
3.120639299
3.754263242
3.527420052
3.434416451
3.2898637841
3.121323889
3.511818985
3.630506785
3.915752228
3.2659181278
3.3660286736
3.0102934961
3.212263915
3.18606999
3.533244648
3.573715598
3.56466074
2.976534327
2.798005628
2.712781411
3.372136332
3.323408136
3.049231674
2.876601639
2.761574494
2.555051466
2.958962289
2.642999903
3.567891961
3.482685229
3.23371089
3.4974575
3.619368239
2.780429628
4.211335838
3.026353267
3.758433012
3.817800585
3.7384303024
3.466993532
2.810573858
3.390843422
3.1978026288
3.231686055
3.40992997
3.269989881
3.130384813
3.72982074
3.747417349
3.132527937
3.39919964
3.374325688
3.7392072558
3.773168505
3.96542629
3.386153018
3.1258510519
3.724308888
3.53127873799999
3.142657911
3.522388143
3.45784463
3.541325749
3.189367564
3.830119579
3.3190638484
3.390298169
3.433463644
3.3337213
3.4500237904
3.384689006
2.9792887403
2.946265462
3.099361659
3.36700337
3.411624955
3.2138247169
3.928639242
3.259790534
3.5976753938
3.9584178
3.1503832266
3.607909888
3.48301936
3.762453481
3.551316219
4.04939133
3.727891823
2.994076442
2.90190725
2.959362685
3.371939329
3.2443679
3.79049374
3.182207837
3.333845501
3.896240883
3.487263778
2.866067828
2.717109019
3.219972331
3.113714133
2.9920211877
3.125369313
3.953513827
3.294649897
3.456200329
2.816964036
3.14204521
3.667667852
3.433460981
2.904035647
3.39296203
2.886853565
4.353826375
3.1415791865
3.182523576
4.315287715
3.700830865
3.066814321
3.938979861
3.490564754
3.950787099
3.6164587498
3.75579041
3.187992145
3.620606302
2.692703355
2.832187854
4.634045681
3.8347966165
3.613284844
3.102001335
3.571966163
3.2297247453
3.209492343
4.157404376
4.438176441
3.396365402
3.801508478
3.801394325
3.249918511
2.723539785
3.176264725
4.224793459
2.56890743
3.486416445
3.511163665
3.803999815
3.58092364
3.60520697
3.775151211
2.929790238
3.5414162551
3.646831659
3.685877895
2.912323969
3.324557571
3.14304382941
3.43939197
3.96131833899999
3.8040204334
3.554740595
3.208585079
3.433228713
3.135417305
3.750425755
3.756465698
3.183506063
3.35656298
3.067209816
3.669126335
3.203570036
3.006413315
3.197441191
3.794407095
3.3738974323
3.84130952065
3.108645862
3.393240391
3.250204155
3.905888455
3.997790805
3.637956916
3.03943478
3.775160093
2.603308482
4.373705227
4.0463783437
4.268977735
3.557028273
3.831863588
3.6058985617
3.412626018
3.803024855
3.537679023
3.3743204727
4.076181722
3.59453007
3.776915854
3.067493697
2.981470579
3.380913422
3.989469831
3.404803225
3.744057625
3.394752378
3.690443765
3.364216193
3.187470916
3.2455306477
3.42369463
4.028126952
4.119313398
3.47380176
3.4729057347
3.90073014
3.64526898
3.8561864782
3.6686882718
4.00434582
3.250723821
4.225836327
4.22267981
3.567343091
3.754388678
3.330631201
4.49036791
3.72061143
3.30490368
2.97761789
3.48553598
4.2152644
4.03746591
3.9346082458
3.720968886
3.397126891
4.6739874395
3.560085592
3.481018662
3.718797424
3.69121156
2.824898524
3.463032324
4.49069539
4.036183437
3.94118544664
4.174360011
3.238333229
3.082559557
3.77092575
3.754041784
3.576380189
4.20874413
4.253903065
3.9480447388
4.10036843
3.143067308
3.716518512
3.36149593
3.335385611
3.364220288
3.976712529
3.30713435
3.865246373
4.035804827
3.4526893223
3.71940074
3.747907698
3.248107015
3.378407744
3.795769641
3.526761361
3.588541717
3.69020954
3.2443985
3.867814155
3.68244415
3.899317021
3.34125876
3.5372269
3.588452
3.67793618
3.409559381
3.636416076
3.993434196
3.534139745
3.5331819265
3.39742715
3.476736828
3.34105892
4.050244252
3.254250677
3.489208327
3.3896177144
3.4802982054
4.1143083748
3.691522832
3.772445956
3.811072866
3.538227794
3.476110261
3.90656366
3.9365024121
2.778453339
3.62096789
3.45236074617
4.3919871558
4.0392620426
4.50762686
3.715098597
3.687151316
2.91637667247
4.251205061
3.2798116164
3.677634789
3.633936674
3.594326482
3.578569857
3.400582622
2.982482082
3.267506682
3.100235323
3.206782857
3.3729840702
4.977597882
3.122790887
3.722095219
3.372568812
4.315029522
3.6887716
3.940333534
3.9878958115
4.043612797
3.3459468964
3.7830848415
3.053188067
3.683048412
4.519687441
4.171655929
3.559073
3.545354782
3.569929235
3.932558713
4.136388209
3.901171153
4.297468371
4.387310855
3.5589173595
3.1154368425
3.558533148
3.939631767
3.563285462
3.408690564
4.1384306402
3.7963116
3.780859443
4.315154615
2.997599029
4.302413857
4.216296225
3.494979107
4.058038846
3.338228223
3.576684142
3.805940512
3.873290263
3.946126561
4.476134642
3.440263472
2.979341521
4.60175482
3.423341873
3.968231287
3.549921868
3.299935291
3.435732054
3.4925798439
3.568196998
3.682115997
3.525164156
4.0780073867
3.264184261
3.328263164
3.300611728
3.804543752
3.781802135
3.659230873
3.954703465
3.77794789
2.791763532
3.403465528
3.717848773
3.667597872
4.4168011822
3.149675941
3.678844022
3.49921914
3.379333477
3.501915441
4.12219774
3.452464537
4.044192005
3.677079370646
3.732942335
3.836074237
3.211275148
3.994661322
3.110621571
3.7634275306
3.698170552
4.14347364
3.76173735
3.557247807
3.894088446
2.857387082
3.34369371
4.040828237
3.4121271288
3.290775048
3.65482592
3.6963684098
3.445683641
3.55167063
3.5068031439
2.9565866071
3.677552231
3.50460685
4.0110213518
2.9667561082
3.23411743
4.2040761163
3.324838687
3.05759512
3.7418011996
2.7913293955
3.493624383
4.78035874
3.116842164
3.399791848
4.0303707901
3.87663359
3.15565512
3.269985932
3.618039291
3.357712876
4.4181030113
3.233291044
3.310776201
3.25616955
3.770638921
3.37774262932
3.874853434
3.665148486
3.287909911
3.27055815
3.2573690351
3.780314554
3.58593294
3.53843522
3.957211522
3.009239099
3.2056662529
3.1688213439
3.3863934365
3.615157328
3.777866587
3.44506703
3.192303513
3.74396594
3.60529263
3.608236591
3.483205979
3.436299329
3.5352601906
3.529484539
4.011798779
2.963821284
4.1176981661
3.226251734
3.77615367
3.56287210763
4.188170307
3.624294922
3.425801616
3.60990704
2.83842856
3.1787905991
3.298630478
3.71427038
3.680180425
3.265612785
3.85323739
3.365436028
3.296727315
3.866692546
3.754729584
3.4464682502
3.266500186
3.034017895
3.533729837
3.622914811
3.143212121
4.00503172
3.255362205
4.8197888
3.1717034213
3.268793608
3.94493639
3.762289928
3.90458104581
3.310838035
3.886937003
3.390069577
3.237925434
3.656171261
3.356516731
3.393620971
3.110746158
3.394807154
2.9467702071
3.493285279
3.31040927
3.424951501
3.184324674
3.570124539
2.979124412
3.157719791
3.443475509
3.683169549
3.381745154
3.063657441
3.805424711
3.273662781
3.6849103317
3.265995186
3.640143284
3.110866576
3.095660291
3.4362536772
3.524091968
3.411809213
4.089115177
3.468549701
3.927531366
3.177804211
3.309645053
2.737420735
3.518847282
2.974433194
3.490033761
3.463910681
3.369056451
3.591563766
2.792291639
3.2211321413
3.582157941
3.223048635
3.314248131
3.860433441
3.234874334
2.805787851
3.134674712
3.267971299
3.167706061
4.167668727
3.389151131
2.987530171
3.225879981
3.080134802
3.803938361
3.636299043
3.809771933
2.943503941
4.012596806
3.801792811
3.224698936
3.241011731
3.089947741
2.882621515
3.274353171
3.249246686
3.727431001
3.543535831
3.992306921
3.729309832
2.788834281
4.153009447
3.091872721
3.834775941
3.483773342
3.000109581
3.59416911
3.5869235077
3.783660641
3.570407368
3.08663379
3.003063662
3.926776701
3.482926498
2.814199518
2.996861739
3.48551781
3.063590501
3.036497858
3.511090336
3.623203314
3.230098051
3.6796255635
3.980324991
3.9235500546
3.549671867
2.989487434
3.36602202
3.657420593
3.3859737449
3.0224810382
3.40124408
3.524658657
3.264918986
3.550914194
3.40358059
2.957420097
3.315729682
3.221492912
3.433653602
3.694894028
3.636074604
2.750013298
3.5633872833
3.373765993
3.337568175
2.700338007
3.172048275
3.0112900572
3.168104332
2.858264209
3.462254338
2.52934859
3.42371589
3.768179089
3.637157708
3.484847845
3.096382335
3.32298842
3.307471395
3.451417282
3.136779621
3.3404896983
3.7369586642
3.349396614
3.567544877
2.949374208
3.014067725
3.166239166
3.563080866
3.063132341
3.589845489
3.287818449
3.289579259
3.12210424
2.894985303
3.278700828
3.816555014
3.958751465
3.8470306006
3.17563886
3.44166214
3.237323276
3.7451765351
3.6450063234
3.051971635
3.0721901985
3.124320948443
3.859223249
3.505334519
3.8260741415
3.696497857
3.30639014
2.996498562
3.538493905
3.121143035
3.20580063
3.777374306
3.1162909895
3.460118206
3.302610445
3.450435289
3.35985924
3.431295731
3.5563631831
3.198711692
3.518264876
2.659724007
2.99823172
3.479534923
3.42518907
3.302742367
3.371657603
3.267250639
2.657769474
3.563198405
3.5104396179
3.193370748
3.370884734
3.45199105
4.143489963
3.5062532115
3.8446373005
3.685911399
3.83771644
3.20823507
3.623122749
3.551170855
3.0208076327
3.399635739
3.673069457
3.235737846
3.119077692
3.38555545
3.69613747
3.309847865
3.673832405
2.724514724
2.9007855778
2.94956646
2.82150763
3.99617261
3.682128054
2.673632366
3.81939864
3.41452291
3.008104275
3.361490381
3.2412963896
3.511736184
3.232206456
3.270399562
3.438344075
3.713467956
2.971711365
3.233242494
3.5489439794
3.819989428
3.313392698
3.10430316
3.32510213
3.238335423
3.232239246
3.22127949
3.04989691
2.84522021
3.64666682
2.965756902
3.228344992
3.565933706
3.160397823
3.3271188713
3.473555676
4.1034524055
3.879940913
3.26834076
3.76981189
3.7968468169
4.19235438
2.747962738
2.959470546
3.01111639
3.13014057
3.414328242
3.163327366
3.26105752
3.35888894
3.291385226
3.273662134
3.022652711
3.35661007
3.052338985
2.498055405
3.716143801
3.49417297
4.200546025
2.973614172
4.154133216
2.3907395327
3.391122414
3.470852081
3.181146087
3.20565906
3.363050967
3.5102279475
3.446546984
3.392090979
2.83093751
3.216409102
3.026909194
2.69828298
3.7436558176
2.89877238
2.955773664
2.94626677
3.15487774
3.266379206
3.538254116
3.820717781
3.249080875
2.693581846
2.949054673
3.266141442
3.201166036
3.186367113
3.521503779
3.203865733
3.007077892
3.6758933
3.360584942
3.378648522
3.610539068
3.172208678
2.824320782
3.393774748
3.824084448
3.308858045
3.623405278
3.780272388
3.697410842
3.554673152
3.744698441
3.085355157
3.067484022
3.311963327
3.574802958
3.417763582
2.784891433
3.449650722
3.564882275
3.282220715
3.382175711
3.49391552
3.439566592
3.547705487
3.597411486
3.465571187
3.390633575
3.059609304
3.511268062
3.356221292
3.1299541486
2.979256892
2.810255378
3.504676444
3.207498263
3.595520356
3.462337829
3.201126199
3.698068371
4.111112408
3.822280793
3.156052876
3.497254136
3.328162661
3.180624626
3.162446375
4.467800442
3.7230498838
3.1249189692
3.1725283225
3.557247347
3.295051977
3.443019295
2.9556725826
3.222576291
3.531165443
3.474954308
3.3817050877
3.323908832
3.235598402
3.759845688
2.948684731
3.59077594
4.320096342
3.655547857
3.510809152
3.836107502
3.826531692
3.055173108
2.731358412
3.2338864377
2.8531610315
3.679453126
3.088058068
2.801791112
3.262169942
2.99744593
3.021228442
3.335554767
3.978695622
3.728817967
3.344372528
2.737360584
3.551666847
3.1951668762
3.135570852
3.057588528
3.263837181
3.7613435979
3.172742682
3.238328838
3.739982812
3.249072159
3.251181887
2.840862324
3.011458776
2.903380515
3.512453104
2.894061136
3.012830906
2.791013438
2.334593417
3.261133516
3.170475952
3.124265056
2.635678405
3.035576824
2.734348799
3.0928053305
3.136429889
2.896385288
3.010499205
2.844151006
2.955429546
3.242460766
2.7587396448
2.721294371
3.459780236
3.287094227
2.756138731
2.874320716
2.862173296
2.388235332
2.502252654
3.042219893
3.546416146
2.722778853
3.339127234
3.753088114
3.635031911
2.929386237
2.755265336
2.410944386
3.176491634
2.850895651
3.774264617
2.771729851
3.3073721943
3.000423034
2.883941758
3.266442026
3.074033054
2.724716704
2.794344224
3.179808162
2.772691954
3.325468933
3.2931315946
2.740824976
2.896622706
3.092746046
3.3235729686
2.9561413675
2.721134179
3.206000419
3.445221524
3.269066642
2.925934287
2.509755321
2.592087435
3.3364969546
3.303263504
3.354466384
2.644991896
2.839250333
2.80326837
2.6105495413
3.1406082093
2.894721234
2.259592236
2.817786436
3.502073747
2.449784665
2.981302276
2.805986826
3.139686564
3.526335939
2.842570695
2.224190556
2.989950685
3.026968276
2.993374144
3.160494094
3.069697697
3.619329346
2.830308964
2.903291666
3.674080239
2.91374268
2.736742406
3.1255215827
3.079912703
2.803726954
3.374883271
3.643278732
3.17686151
3.7834653604
3.510257177
3.156864802
3.716084811
3.49956259
3.255526401
3.359851876
3.2670443781
3.310831709
3.62067575069
3.54796157
3.09781305
3.226606683
3.70229539
3.722863913
2.767737634
3.645334445
3.77129277
3.6201472931
3.12757223
3.659406375
3.65268034
3.60294095
2.600444231
3.165028631
3.315515987
3.186677268
3.601331035
3.77464449
3.996181793
3.77638836
4.118451512
3.71352252
3.442538087
3.8472015848
3.41467752
3.451653589
2.7189566249
3.38737072
3.176068099
3.13220584
4.290840495
3.458238028
3.39373781
2.723162226
3.238910313
3.617695694
3.586422652
3.577858802
3.842567942
2.851809126
3.593525625
3.288046996
3.41720708
3.495008157
2.98087261846
3.310820053
3.93267468
3.09666769
3.663368244
3.37454884
3.761945135
3.221773665
2.9403498254
3.0228124792
3.453454993
3.361500569
2.597539833
3.15372949
3.232658699
3.87456517
3.261671095
2.958177256
3.42948433
3.18217545
3.854204239
3.3737924832
3.8487382972
3.634556435
3.256654666
3.212167751
3.793338987
3.033622904
3.605866174
3.075873686
3.343342043
3.093849015
3.581453752
3.833567289
3.451786051
3.478059998
3.61215963
3.615456379
3.609440701
3.29600813
3.762173056
4.04928895
2.88515755
3.380688858
3.587768931
3.826514934
3.666601908
3.991553795
3.484826078
4.387014158
3.936256122
3.149251418
3.415449943
3.686126166
2.875679441
3.315548308
3.543570289
3.846206588
3.586700198
3.903429004
3.939259068
4.482690344
3.5445278239
3.527321823
3.083292773
3.245503338
2.953968288
3.788523383
3.221548888
3.476837974
4.06201661
3.638340088
3.389921275
3.995482608
3.249544228
4.437421868
3.0609193745
3.653111658
3.474477642
3.882756118
4.275241148
4.575132675
3.072654438
4.683190118
3.340591218
3.287908878
4.124412278
3.411089958
3.492076673
3.766601478
3.7036622086
3.731428948
3.718053748
3.337634353
3.375721718
3.19501026
3.104449198
3.466007398
3.376432308
3.96107644
3.847488228
3.557442058
3.267986464
4.012349439
3.787187919
3.382637698
3.441045002
3.935397218
3.437238178
3.735010231
4.019591078
3.140082639
3.366794187
3.196506258
3.568680308
3.838715718
4.028665635
3.803847408
3.576939318
3.710295928
3.714611548
3.44388139300001
3.329450408
3.721045612
3.987506608
3.603534488
3.657428568
2.928448368
4.059539108
3.588197013
3.375398044
3.094957398
3.761445167
2.856165348
3.03506989
3.896836453
3.193164801
3.195816778
3.942379448
4.0427720317
4.042391228
3.624725871
3.510083074
2.844906514
2.920374349
3.064373798
2.475268313
3.459389812
3.186605096
2.861981372
3.343697502
3.065685108
3.506506632
3.2826578641
2.988477122
2.5525251439
3.292944638
3.537962428
3.2070113215
3.137561087
3.243659966
3.076065488
2.9996106845
2.810511529
3.32028248
3.132857887
3.360466177
3.182158947
2.657961328
2.607497622
3.94029656
3.339945589
3.159574027
3.200590518
2.878107018
3.063891377
3.656353689
2.56856045
3.133122162
3.283921536
2.922099392
2.952869012
3.103874198
2.818698338
2.8355113574
2.797769721
2.750145662
3.765419702
2.665637222
3.1318744132
3.201117217
3.529412687
2.700379252
2.883283878
2.653172692
3.336959098
3.665208329
2.9251205332
3.133993112
3.393371044
3.371363669
2.831403358
2.685041568
2.955824022
3.073528872
3.238603247
3.578066602
3.225766136
3.4269216
2.78053928
2.512669532
3.397628928
3.08415331
2.858824718
3.033542254
3.17605224
3.305539453
3.131988737
3.263554548
3.203055726
2.620921436
3.248723128
3.4050573159
3.135718916
2.698197763
2.392123697
2.966763532
2.962415736
3.190985687
2.794201489
3.415368898
2.784458416
3.154574442
3.3131369413
2.786627132
2.932644635
2.912089399
3.329764232
3.2609724869
2.843892741
3.392446552
3.8060511631
2.392987526
3.616328098
3.786801293
4.196211338
3.86909210699999
3.79231082
4.071415649
3.525330538
3.406887617
3.779716168
3.915908373
3.226703327
3.375109448
3.642379958
3.824070604
4.023755302
3.598596492
3.430902472
3.198520712
3.97771298600001
3.748298048
3.697570384
3.675626901
3.520754385
3.524058723
3.210736337
3.749514578
3.399539632
3.470666454
4.041265207
3.371927544
3.122053592
3.271096037
3.238847612
3.583963788
4.245159291
3.507351158
3.618437575
2.747028357
3.832896992
3.288300975
3.6859445017
3.196091027
3.506237171
3.981492914
3.5748781132
3.223730364
3.084473012
3.406543538
2.981378344
3.362931852
3.389204996
3.353900932
4.141225844
3.117603438
3.742047888
3.858453498
3.377482326
3.038609888
3.603734089
3.844627076
3.431433061
3.048610632
3.846544406
3.86197368
3.658422277
3.343042158
3.693265772
3.447082764
3.800339778
3.482613172
3.78984367999999
3.521781087
3.385917772
3.436931285
3.050519197
3.936904221
3.471985933
3.475241628
3.72833174
3.972267778
3.753766496
4.140713248
3.83712842
3.018137172
3.708755852
3.515692142
3.562280227
3.396316322
3.114593137
4.184040175
3.190128109
4.065135188
4.202260592
2.894561388
4.007002492
2.943360192
4.219727048
2.971120128
3.4862612992
3.589993475
3.077337564
3.513227317
3.66373938
4.055769445
3.072515586
2.88269607
3.1904626669
3.330264347
3.452674367
3.26863219
2.838918362
2.651992243
2.979867068
3.386266357
3.496616124
3.107761601
3.98524292
3.065523224
3.128123263
2.986821438
3.981895788
3.511361096
3.109999582
3.2501381
3.06264259318
2.999569477
3.16880824
3.50188606
3.3039906
3.617888584
4.3113126531
3.535220921
3.446828813
2.97329476
3.40788175
3.78253949
3.300764065
3.2464580856
2.73783903
3.433293916
2.6507980748
3.106258181
3.951803184
3.0739323152
3.204386001
3.469924638
3.32920202
3.4876092574
3.090547894
3.77690922
2.87403613574
3.454993801
3.409401654
2.856414656
3.61968013
4.0886109233
3.16879273
3.178496948
3.1057384
3.766639634
3.19570173
2.72376874
2.972342917
3.070438997
3.4854627804
4.0318079438
3.073059339
3.338450017
3.304100487
3.159409066
2.97086401
3.909080675
3.37537778
2.989916971
3.29303618
3.630662331
3.464630495
3.3756153098
3.42860268
3.28913663
3.457394419
2.84163197
3.184950325
3.686627464
3.005341318
3.65134467
3.020757132
4.0857396365
3.06443105
3.10587101
3.763431824
2.415600398
3.36728136
3.275219926
3.0082755203
3.477944583
3.692631792
3.305443904
3.15496956
3.62940447
2.754931618
3.48886318
3.691482121
3.421702207
3.208770106
3.280018115
3.224245868
3.12945213178
3.580347042
3.512772112
3.039581478
3.040799548
3.34755934
3.192651567
3.120039077
3.1448576073
3.344625418
3.220145281
3.194139624
2.860288189
3.644310708
3.244808814
3.801481778
3.1004219673
3.454884782
3.290882615
3.526284279
4.203062485
3.322368908
3.37213101
3.66660721
2.782095345
4.050932862
3.063760958
3.320297401
3.4613346966
3.439055448
3.809062281
3.266677272
2.669760102
3.088518418
3.568404746
3.039754254
2.773187022
3.81395421
3.608046569
3.721429808
3.686838552
3.890273068
3.205749992
3.573767006
3.4049506631
3.382250376
3.210195982
3.845777383
3.7075867592
3.592201929
2.325751298
2.7696374164
3.517824244
3.64124205202
4.176224342
3.389302318
3.34393801
3.062948672
3.683344808
3.668372998
3.25737267
3.344504117
3.849749764
3.563637822
2.794590542
3.419557078
3.025330078
3.215681104
3.134963922
3.1177364974
3.316695668
3.429934802
3.2435218465
3.194113692
3.77019922
3.302321296
3.411870194
2.593694712
3.804960671
2.532080303
3.740848474
3.038044762
3.509994504
3.6352457454
3.543641886
3.136158364
3.191151997
3.518333681
3.40119615
4.019865984
3.600783622
3.438255219
3.515730571
2.858008357
3.06049427
3.00908603
2.61622766
3.183904477
2.870552461
3.330466774
2.4288151
3.03839778
3.8117568562
3.858741077
2.966911888
3.00638879
3.14940517
3.3369343422
3.79114017
2.963738708
2.5380557539
3.47901138
3.729882431
3.4693847824
2.723953049
3.45104349
3.29407249
3.204239124
3.574557876
2.984443229
3.1172425521
3.49532016
3.538819365
3.147521875
2.823223884
3.4933374007
3.360724131
3.91329822
3.03746353
2.719576475
3.111732298
2.777584905
2.932144482
3.2247206385
3.2210309
3.435197409
3.924329673
3.050268077
3.4430759999
3.58301622
4.007377611
2.996794444
2.6136278498
3.283218379
3.65700126
2.929819342
3.064814239
3.150710472
3.290521894
3.475301284
2.8032743247
3.2046666996
3.396848151
3.288309573
2.854950737
3.234799695
3.15247865
3.13563233
3.435736279
3.27974228
3.367706624
3.411786657
3.155104535
3.164420398
2.773376582
3.611797
2.910325853
3.30987416
2.918663117
3.496601627
3.07064977
3.291131618
2.717018936
2.82692886
2.468017892
3.005145213
3.370798422
3.44404635
3.46849217
2.895098679
3.45881463
3.3037600053
3.186518291
2.97484319
3.13503363
3.129573921
2.559718553
3.073677458
2.709458938
3.70485902
2.51259865
3.58077334
3.3405431
3.5780261494
3.8193470544
3.1222307625
3.0773074216
3.4745685573
3.0811917144
3.5202580914
3.82034736407
2.7921197616
3.2859007234
3.3286878334
3.3417291804
3.49615535277
3.2920269454
3.7421861004
3.5825298252
2.6767187694
3.9308259056
3.6141748023
3.0865353464
3.5434013404
3.0370028094
3.6622963776
3.8725435296
4.3597143026
2.9210667304
3.6656881624
3.3661394006
3.4665528466
2.9585175924
3.6231523104
4.0703987704
3.7559991884
3.2693155304
3.4942054974
3.4019778254
3.3843241266
4.0375508154
3.227420895
3.5225094004
3.6501769376
3.3279106584
3.1450889804
3.1128892604
3.8063693754
4.0080089154
3.4196058404
3.6926836884
3.7166536954
3.0080393106
3.1272553206
3.7643665864
3.5754521334
3.5057103294
3.4797753954
4.0352875444
3.4185942054
3.2869781636
2.9756335954
3.4177368734
3.4416113464
3.5125137274
3.5603361374
3.0174758989
3.1819354084
3.7278563401
3.7083717774
3.7816925136
2.8654523224
3.6870066314
3.2862686936
3.0978577404
3.1012048927
3.9032832544
3.3232839846
4.0244942884
3.4889646964
3.5071660164
3.3715240614
3.5615095064
3.7865012764
3.3504529364
3.5298463574
3.3773774844
3.6900733712
4.3700917274
2.9732462046
3.1830093584
3.1327115868
2.9358211254
2.8281629234
3.3256058114
3.5507899136
3.8285532074
4.0050265514
3.4381591166
3.6586661423
3.6960367894
2.8813954508
3.4070126526
3.36007393
3.297835071
3.30856751
2.97715125721
3.03181869
3.577807961
3.304150081
3.44066015
3.237321587
2.82022942
3.290888611
3.677491016
4.128877357
3.440098817
3.168982082
2.66936067
3.070127194
3.79750176
3.547420756
3.3526010053
3.05720066
3.61104207
3.294183164
3.503123151
3.8173992875
2.737223917
4.17320899
2.98800979
3.510262576
4.139978181
3.5788438883
3.733282418
3.0930174904
3.2512415
3.06891506
2.89009474
2.59852465
3.202205719
3.16021759
3.545571839
3.212110194
3.093210627
3.52559808
3.094295842
3.75281143
3.34117527
3.083571139
4.073767502
3.028041898
3.142869237
3.077262641
2.918601353
3.2144763385
2.471482134
3.197583519
3.873534339
3.05807095
3.459798335
3.120443495
3.40357625
3.374018262
2.830737195
3.38613222
3.638708338
3.264667755
3.302856286
2.94644193
3.6560435112
3.62621467
3.27852788
2.323218408
2.77449615
3.392890911
3.337036072
3.90484357
2.908231808
3.220807545
3.152975129
4.21176397
3.57760308
3.6172687
3.183925565
3.747154329
3.56805845
3.68253753
3.16915727
3.122102166
3.06562113
2.98856071
4.174848854
3.55838733
3.372107188
2.9284238
3.379226964
2.828068677
3.107110213
3.30385105
3.115648775
3.416613673
3.9504917107
3.170240561
3.644437272
3.095188728
2.9724654247
3.908731953
3.345923762
3.395542593
3.307129573
3.571045046
3.170121943
3.427189137
3.043254198
2.970460479
3.425025185
3.628503331
3.400361593
3.20344638
3.198971593
4.18039742
3.5765076833
3.401711233
3.299048294
3.713488989
3.101200657
3.324942991
4.088875089
3.228676511
2.934315953
2.999557953
3.646036193
3.968286117
3.256363601
2.9412079985
2.989071012
3.382836442
3.351781503
3.682919327
3.4182763384
3.920135565
3.272530123
3.396197397
3.009375899
3.9513557716
3.586234343
3.903582134
3.422060877
3.979738004
3.121061298
4.167996054
3.368073032
3.315133177
2.9930414484
2.689311223
3.1081988845
3.2958968198
2.670180307
2.800061047
3.752539812
3.217700501
3.857953055
3.000288333
2.868255158
3.199013103
4.451696953
3.991607137
3.470227053
3.728049163
3.264453097
2.9148445317
3.390342973
2.919186357
3.351767831
2.4891982667
3.022502275
3.720497323
3.566157728
3.322407095
3.053823527
3.164715382
3.450542313
3.391777259
3.720991463
3.328876573
3.723457078
3.851007933
3.841190913
3.083887049
3.003741259
3.806143763
2.511572025
4.095597903
2.97218373
4.248145454
2.76074679404
3.018698801
2.8259461169
3.015550314
3.765387738
3.284600593
2.764514085
3.803373074
3.719954703
3.536532333
3.531759273
3.6121076628
3.990097845
3.040464931
3.699445178
3.269033227
3.7170135023
4.0174188488
3.342889194
4.248931832
4.002368149
3.617177336
4.604184815
3.828449308
3.686190073
3.442806626
4.144323376
3.954218781
4.05360202
4.03049165
3.857960048
4.03232937
3.661548485
3.83366286
3.903053689
3.559967367
3.236602019
3.231667916
4.104820782
4.067792159
3.499212117
3.576142752
4.001996516
3.527909025
3.862344768
3.650196202
3.516125702
3.756156902
5.073303063
3.761839743
3.887045905
3.803388333
3.9210023889
3.783919678
3.8077521791
4.3021333358
3.931058066
4.324626081
3.747216093
4.419277733
3.660228215
3.554598103
4.085625853
4.169893143
3.440921935
3.765806463
3.717296597
3.951463111
4.148827774
3.739358033
3.304030097
4.068546638
4.341442842
4.146698656
4.275642973
4.953253009
3.772498165
3.509854264
4.159554559
4.260303493
3.580073101
4.340240284
3.761973493
3.62084791
3.462617497
2.9781584479
3.602259918
4.20032369751
3.786814634
3.633658323
4.090080649
3.459719967
3.719838983
4.688184534
3.547617362
3.898506631
4.15326928
3.465484218
3.547968494
3.576995693
3.884538925
4.068692643
3.3368018851
3.718997317
3.742106123
4.064598823
3.787277209
3.91109666
3.33798577
3.522570983
3.20792056
2.938627185
3.627868125
4.12936025
3.63575581
3.72228503
3.232209552
3.4340856695
2.78895379
3.57319542
3.838738064
4.08139795
3.30381916
4.094883089
3.129183533
3.038287996
3.438948196908
3.349100617
4.005350896
3.728680004
3.7113225737
3.0861616
3.248911565
3.7865277951
3.4249235062
3.50330781
3.489653058
3.111412513
3.90363519
3.30775521
3.608924008
3.37481788
3.90702373
3.72856282
3.5667266651
4.346998704
3.654196512
3.7408220567
3.867550636
3.316858024
3.39615242
3.6764495247
3.48960209
4.083812387
3.18479913
3.245111327
3.244016396
3.135569052
3.91541094
4.127258514
3.53772742
3.19306523
3.780397498
3.146053045
3.83925478
3.966495895
3.80639177
3.500100528
3.677154893
4.135316655
3.70067735
3.72080053
3.79703026
4.082236229
3.8826667391
3.598751302
3.727372875
3.492585247
3.560969878
3.279438266
3.981923005
3.98133138
3.186663318
4.068619332
4.053320768
3.717472246
3.274009493
3.60516725
4.3078183925
4.16598554
3.474187117
2.640922386
3.544139969
3.61678354
3.490308839
3.752177671
3.076454399
3.08728948
3.373018472
2.71897205
3.208350425
3.23273859
3.50003766
3.968014917
3.848232015
3.27607713
2.54960686
3.741783159
3.2309381237
2.99207698
3.458976892
3.297671543
4.47824056
3.010176021
3.619041267
3.32085722
3.901662696
2.812558105
3.538439607
3.757078638
3.35659871
3.48270464
3.995810844
3.242231018
3.00309344
3.522067904
3.686948835
3.5046433414
3.6603429877
3.74543069
3.415343468
3.24322062
3.4597117182
3.804020668
3.396749345
3.672781652
3.48970604
3.88068901
3.621822499
3.952320082
4.302667731
4.051420841
3.528782735
3.626592953
3.641189902
3.8910190187
3.666865033
3.681616514
3.74974431
3.953977147
3.582275004
3.4881660409
3.3236174158
3.653845956
3.020657862
3.592335701
3.932073007
3.365803957
2.905528115
4.642343356
3.70108418
3.2806897056
2.911769151
3.741033277
3.050257435
3.424896904
3.88295695
2.9084775777
3.22446538
3.855036869
3.419013296
3.728268219
3.796174322
3.2245186
3.35217429
3.599962124
3.90305863
3.23823124
3.45799346
3.767191517
3.017052156
3.858007376
4.203366741
3.19895153
3.32577764
3.704540625
3.792998751
3.95356906
4.314233824
3.901721522
3.29301362
3.906178358
4.055470751
3.360438013
3.47973709
3.865796055
3.135522364
3.763084753
3.3474577295
4.093463403
4.131158454
3.32788555
3.65304047
3.55900073
3.58138193
3.45210669
3.345846943
3.520303834
3.016867741
3.208886188
3.50052978
3.470483201
2.989558572
2.799173384
3.2072744344
3.433645666
2.859663561
3.344409167
3.8861791041
2.998033132
3.728272056
3.121119535
3.523769543
3.744834343
3.6240751218
3.203506044
3.3856631918
3.661499385
3.165905088
2.8460735323
3.611772977
3.082354826
3.332339848
3.619513831
3.32886571
2.871427536
2.933372974
3.34392057
2.633810082
3.166967796
3.125198466
3.1033736774
3.938160646
3.263875818
3.500906668
3.059019457
3.356640824
3.091616447
4.165425828
3.33147845
3.658891813
2.416571586
3.676604659
2.979539014
2.82575652
3.142980511
3.798052474
3.307287224
2.7539160365
3.91627028880001
3.639388404
3.87536667
3.762916756
3.5331790023
3.373771459
3.791823454
2.695760213
3.481881886
3.916206361
2.5574669373
3.307532536
3.530534105
3.544729729
3.25911462
3.965617032
2.894953888
3.5089669802
3.531359307
3.06357518842
3.386780074
3.063056095
3.781618064
2.820757208
3.2683096803
3.659835311
3.524537624
3.21061759
3.378967926
3.544861493
3.381578795
3.530469252
4.125871464
3.2653743809
3.51270796053
3.661804422
3.415533969
3.143109901
3.390699236
2.7258135699
2.745275966
4.036239966
3.061320304
3.192269083
3.09411036
3.854172228
3.333319472
3.530963148
4.0932825876
3.5513472794
3.1307375184
3.6714723494
3.89445225699
3.3645625416
3.5417205943
3.2029972774
3.8343766796
3.5225403766
3.4799562422
2.8721354471
2.9517758034
3.5120439596
3.4824018966
3.6533804304
3.6554715274
3.0053115604
3.1745836778
3.4551128382
3.7204615072
3.3079711056
4.1878177254
3.3985336066
3.2455259636
3.3456021564
3.7971586331
3.3689637036
3.2031089975
3.9417352886
3.1266843108
3.7147887484
3.5998581326
4.1448273474
3.8186632204
3.8040941014
4.2747523464
3.7110666894
3.33831797969
3.6620013409
3.8000131184
3.3290612574
3.0868465714
3.3509561399
3.8855774804
3.0858124274
3.6288610764
2.9721976424
3.1421838284
2.8311764616
3.21365175598
2.8055963554
3.9187762944
3.5176737004
4.1628281236
3.5788776974
3.4871067696
3.3645349204
3.1094705028
3.4726245604
3.5918819774
3.6766377975
3.9712241083
3.4146067856
3.4161575059
3.9994878714
3.8390850144
2.9183560884
3.5973347846
3.5977640486
3.2440268754
3.5144262904
3.1360152476
4.2527275676
3.7721011412
3.5003167184
3.9859139125
3.7521807104
2.9584990614
3.2112501516
3.0975406776
3.4877002384
3.7125048004
2.8117838084
3.7933559694
3.4285806646
3.1460303404
3.9260893484
3.0445322954
3.6398779256
3.9154223536
3.3045075916
3.4097395094
3.4484649304
2.6492407984
3.9911339304
3.1287839296
3.2406903526
3.8115269609
3.6375263424
3.379784761
3.152527021
3.876076294
3.946990445
3.662176393
3.32724672
2.9332901315
2.998267731
3.497537194
3.379679914
3.5971076
3.572106146
3.567025179
3.631253695
4.044793363
3.5568956
3.095061859
2.76953704
3.164894967
3.1919669802
3.388019145
3.329301994
3.214005278
3.943300886
3.231945949
3.291201127
3.509263004
3.1109365905
3.019165013
3.3666601929
3.511969309
3.287322567
3.163798519
3.260690104
3.129293601
4.08671801
2.907435296
3.370355885
3.681852181
2.95512195463
2.6672017
4.253923493
3.191196783
3.547004856
3.610542011
3.224542589
3.476806339
3.858107071
3.750808789
2.944740245
4.150279025
3.478053943
3.104347998
3.137690593
2.767753101
3.897600682
3.217839964
3.5048132468
3.035270503
3.651717017
3.433667124
3.900954679
2.679600945
3.56757004
3.186935075
3.5649499235
3.563197887
3.28747431
3.361780385
3.63445058
3.312627673
3.030567867
3.538528119
4.1164650563
3.141529309
3.558029646
3.254516224
3.686552745
3.551592314
3.643497579
3.607545571
3.438131574
3.120534953
3.112492101
3.519690439
2.885649044
3.860465
4.0386903365
3.67696677
3.564772677
3.381837449
4.09344951104
2.532857803
4.180432656
3.0432649473
3.321931459
2.712576546
3.203724983
2.675975109
3.38923074
3.349392449
3.327183704
3.32340753
3.279676148
3.98298478
3.6601398
3.498621826
3.4697845359
3.607498805
3.281382745
3.201203719
3.574494354
3.090482655
4.133663646
3.419220993
3.335368893
3.407502494
3.6668928703
4.18911396
3.6851305915
3.391910374
3.3069863954
3.72859514
3.391751814
3.39010687
3.5177271321
3.045791116
3.575721749
4.097564578
3.544169545
3.764911269
3.904264363
4.566553814
3.452060244
3.489299861
4.01562183
3.312295582
4.09118765
3.6325055257
3.972945305
3.155562885
3.75192202
3.795945432
3.291599962
3.079606835
3.2843997921
3.8181756867
4.271989615
3.6501356073
3.549267808
3.213726325
3.668374808
3.300831715
3.353398613
4.178823651
3.704277522
4.117114805
3.588125186
3.4889456824
2.791979895
3.407563445
3.5397521126
3.7910459026
3.377439967
3.068946755
4.0991937114
3.510357735
3.63362965
2.8489580258
2.771283869
4.017164665
4.305267934
3.771404455
2.746870695
3.413792495
4.408952566
3.370572607
3.706865377
3.605698395
4.181193225
4.4385733866
3.554761874
3.782446688
3.505720442
3.74937494909999
3.0852378566
3.469242854
3.718038575
3.562379429
3.477779395
4.020096545
3.659175929
3.173817215
3.702638478
3.606517695
3.333421083
3.788306095
3.188806644
4.402133397
4.217903885
2.93148638
2.754159155
3.04403866
3.128936525
4.288294149
2.973275257
2.66841044
3.773730946
2.815933497
3.23776687
3.722611627
3.223869093
2.55515507
3.691263675
4.41295679
3.0773429968
2.960795857
3.650771078
2.508985669
3.391596379
3.0055800914
3.3919214
2.912344217
2.87606964
2.915177689
3.031434062
3.24017421
3.087132539
3.593921594
3.804908108
4.0188892858
3.33521083
4.192331624
3.656663699
2.87966304
3.2247750908
2.747504302
3.029628195
3.603465582
3.129853815
2.77948474
3.253181822
3.426198775
3.5064412
3.1840662143
2.901044845
2.508304137
3.321087645
3.061188807
3.283895064
2.78534224
3.02114084
3.044786662
3.1352975
2.957920393
2.998547513
3.302433139
2.687949912
3.168182515
3.021147235
3.066653423
3.506002621
2.6483004411
3.595530107
3.850633395
3.533755894
2.6225460334
2.644915476
2.7869953762
2.511874303
3.093475486
3.04393068
2.650965272
3.79448234
3.1244401701
3.113237725
3.259578815
3.3794733108
3.9814380013
3.398950174
2.835251593
3.131102185
3.16879018
3.177517798
2.65247231
3.604895755
3.3646978
3.475732482
3.273433831
3.142853397
3.068558918
2.87125235
3.4142492546
2.60150103
2.781565331
3.2382801235
3.302759222
3.2449521465
3.820264916
3.668503381
3.8206956771
3.106671697
3.18337303
2.92597645
3.221499318
3.023385307
3.229413666
3.144962673
3.738147449
3.243831189
3.090269050269
3.554881035
3.87886731
2.886349619
3.126646713
3.825795613
3.383021907
3.3061899942
3.3941503893
4.225289628
3.79307445
3.10030661
3.168909893
3.085584353
3.464938422
3.1004352183
2.9111103054
3.0808324857
2.80066315
3.338580833
4.16376285
3.2614538
3.3068933238
3.63029515
3.177187275
3.264767811
3.811168236
3.599319117
3.652665441
3.250044173
4.017506072
3.449511638
3.1666505524
3.9247167142
3.604838778
3.42175023862
3.05211244
3.020611922
3.1343609414
3.124988002
2.821799544
3.301654994
2.790611012
3.1153339312
3.33686088409
3.288075819
3.289781155
3.3293578295
3.596411421
2.82835403327
3.210298654
2.91321591
3.40362565672
3.2084113141
3.65197833
3.401387336
3.071017009
3.0042220173
3.83258768
3.110128804
4.209302709
3.17879369
2.94408458
3.551040986
3.048092476
3.567248979
3.32865861
3.06303327
3.061487411
3.337685589
3.2773170566
3.48966704
3.336184568
2.846398254
2.932017746
4.485992742
4.1022211614
3.505616716
3.370672607
3.389015687
3.0089579289
3.9432333696
2.593568946
3.573673067
3.675560858
3.467843672
3.2480156095
3.083055328
2.9659632752
2.963180986
3.294273403
3.844203124
2.922721503
2.849662904
2.543391676
2.982113254
3.148411969
3.205184718
2.385571674
3.459367059
2.8535376468
2.969179548
2.990002076
3.439126103
4.007151477
2.863467608
3.602660394
3.160330837
3.380171332
3.683070737
2.279606644
3.272803829
4.0213131325
3.461064465
3.320511819
3.719517158
3.5609821558
3.032813095
4.035182137
3.153260769
3.257906641
3.150753043
3.199407957
3.510911143
3.387267143
3.395886163
3.244256431
3.084206564
3.536880491
3.379231474
2.914439276
3.176165239
2.944787122
2.652417636
2.942633855
3.183944
3.130420506
3.050278386
3.019561875
3.641473916
3.460142479
3.696274728
3.141118829
3.170312305
3.266833289
3.558440217
3.344363053
2.966125515
3.341239058
3.250511682
3.885907572
3.238860966
2.545659142
3.489211236
3.381158226
3.5140168851
3.498660156
3.006152507
3.452119138
3.1957607932
2.741025458
3.261834526
3.725327896
3.223260631
3.31670868
2.798005791
3.35674079
2.7769409809
1.822990414
3.48718087
3.142572082
3.281148791
3.248423653
3.480653374
2.956399794
3.00732203
3.285540704
3.1441554
3.139200001
3.389177344
2.871175196
3.519390759
3.5457594618
3.745017295
2.78677545
3.137721397
3.293616362
2.56489941
3.904440594
3.514642399
3.272555302
3.400310668
3.058652156
3.2510775533
3.50276552
3.697922884
3.671739851
3.542171549
2.95063543
2.97922806
3.385324444
3.5403524696
3.896895775
3.686443976
3.487327504
3.715128427
3.2210066378
3.605226532
2.706921737
4.755270508
3.112174966
3.239193738
3.556919681
3.5272193295
2.887573956
3.807152892
3.456673242
2.881102132
3.69787979
3.417203306
3.080213669
3.454907668
3.248223887
2.931032037
2.8608131
3.689309452
2.677351114
3.351371137
3.33876006
3.17560757
3.738425153
4.05617516
3.190368128
3.166083269
3.32618977
3.717461086
3.135290586
3.789283802
3.654846661
3.070858375
2.897898931
3.474222333
3.725488816
3.1807293198
3.299134104
3.3729186765
3.71463382
3.120931975
3.714650552
3.64693636
3.541732883
3.50282724
2.569486061
3.595621678
3.50762978
3.26447667
3.83149714
3.109207157
2.341692288
3.184999128
3.956817915
2.933620722
3.380470875
4.169945295
3.90263093
3.394202513
3.629612057
3.61469927
4.345452917
3.211551937
2.9987222018
2.973772194
3.024066767
2.98347272833
3.115699352
3.281230727
2.9024709987
3.949485762
3.162768286
3.348908932
2.9105384272
3.47448666
3.33266347
2.983317096
3.4871888
3.288839505
3.76929311
2.9951800876
2.840756172
3.41691033
3.733024979
4.009431733
3.148957365
3.90903202
3.976911805
3.626667312
4.067447237
3.58118413
3.356231793
3.744886328
3.64712653
3.63310484
3.00985936
3.23102818
4.037260088
3.666318694
3.18492452
3.289965572
3.63064055
3.892045631
3.799156478
3.36452044
3.745192965
4.020453125
3.28368739
4.122945949
4.320199734
3.81677087
3.83559208
3.367961336
3.876893869
3.536261947
3.6874579167
3.527520951
4.179850631
3.272919484
4.256285724
3.464493815
3.09253961
3.747799612
3.784472242
3.226093216
4.817369286
3.386121845
3.162991537
3.480197014
3.37497542
4.166450194
3.386597959
3.852470857
3.09915092
2.873989429
3.402602382
3.1323119347
3.575502019
4.751970763
4.3061299
3.276157942
3.230814313
3.596721778
3.70176679
3.729786984
3.580256904
3.653264717
3.87032958
3.2779645
4.13333061
3.923413121
3.889793826
3.848767299
2.950363288
3.64770296
4.139597885
2.768064293
3.676472889
3.3585036915
3.247027524
3.11058516
4.39271631
3.635222139
3.946688052
4.225229154
3.179925256
4.028282643
3.138242533
3.602844846
3.66297815861
3.61661189
3.230864169
3.87881485
3.8484518215
2.58342029
3.435673108
3.8493405276
3.1673957
3.40538433
4.17763297
3.507619392
4.00994756
3.906511499
3.851721093
3.182287682
3.607064413
3.815572641
3.215337576
3.592595936
4.061767535
3.332926779
3.439859951
2.824844871
3.45076233
3.464576355
3.394655535
4.305278941
3.514163219
3.876435952
3.77807415
2.769875611
3.498811923
3.416584153
3.675169679
3.970736823
3.687951743
3.470552596
4.466078887
3.494860383
3.292011074
3.178396055
3.291041283
3.715500169
3.50456618
4.2362123527
3.017979337
3.465939489
3.8523640923
3.331820364
3.616925173
3.895144189
3.3684839331
2.860883951
3.706944615
3.315918887
3.873242357
3.440518911
3.812648727
3.081992332
3.423534532
3.406242135
2.8915923859
3.932551183
3.0126692364
3.9994409046
3.7463057055
3.850366363
4.025686361
3.575844288
3.456116719
3.024804943
4.049863823
3.090860542
3.974378836
3.68167422
3.246709569
3.256695559
3.0720320604
3.418404743
3.24149229
3.679700031
3.298960283
3.496379351
3.1824211691
4.026681939
2.782207969
3.457302541
3.409485291
3.818972446
3.6184966779
3.7663594472
3.041824541
3.98914627
3.764323979
3.611714168
3.736728531
3.25932037
3.724425505
4.053375289
3.7981849959
3.678777648
3.535405642
3.55466585
3.297114457
3.149114978
3.971003711
3.195919811
3.607298723
4.09567352
3.411369789
3.760670129
3.26765139601
3.682403516
3.76699566
3.831461869
3.237860604
3.9437266
4.223050106
3.417639276
3.02772899
3.336324312
4.419834546
3.7102256263
3.130951345
3.457106531
3.277487782
3.93252267
3.9878358629
3.940623724
3.717234003
3.749917799
3.604430985
3.88279693
3.379729447
3.482342732
3.09282158
2.65022752
2.841075265
3.327666149
3.34172021
3.155945021
3.506404185
3.169166765
3.708620258
3.720439267
4.166221228
3.3300982705
3.3787687842
3.805171312
3.543319994
4.3852121942
3.75960917
3.23245734
4.12054401
4.008520565
3.68653235
4.034735295
3.43256915
3.47229633
3.60729395
3.60890485
3.648566608
3.383445535
2.865748622
4.154631746
3.805580779
2.755382889
3.097793559
3.058748946
2.710618001
3.4891071402
4.13213037
2.802342294
4.09824822
3.390469963
3.230365327
2.595206718
3.41521486
3.303819524
3.520324301
3.38687879
4.35462081
4.021725997
4.13438699
3.730948767
3.7868333
3.174176611
3.044827893
3.467495166
2.65341349
2.967913986
3.730795018
3.131700382
2.6662428015
3.202759561
3.38856828
3.273365751
4.29930301
3.042704936
3.243991536
3.456753285
3.933016396
3.799521774
3.824388638
3.56030274
4.07501366
3.43704400589
3.2572590081
3.47902171
3.4568676596
3.764906975
3.593693782
3.58475615619
3.139033411
2.4717139496
3.2223019615
2.535475256
2.164124277
2.525727753
2.771831846
2.563374802
2.84838825
2.979115662
2.304023536
2.805052858
3.48163391559
3.04000377
2.6858327976
3.303166606
3.037808039
3.669446476
2.3421915079
2.777692636
2.923081391
3.238413652
3.081727471
2.897528575
3.268482509
3.7969439775
2.690679613
2.605637463
2.976984349
3.525960589
2.958098937
3.037340035
3.171115705
3.608462095
2.74796120141
2.774993199
3.282816452
3.157446369
2.854873594
2.852870031
2.733067511
2.345652119
3.223502973
2.974428272
3.111650614
2.488828014
2.854371992
3.678843357
2.723187233
2.568330071
2.784729926
3.0080004179
2.648400158
3.037459941
2.834408029
2.963961695
3.3137232162
3.176533853
3.247890216
2.767536687
3.046941262
2.951735959
3.2663252146
3.1390393366
3.236735124
3.717310948
2.957392484
2.982496034
3.1339398861
2.899739636
3.321366555
2.464277515
2.8180596221
3.314890566
2.6680631342
2.662936399
2.740154286
2.7188952229
3.114566321
3.135715309
3.178428829
3.385539999
2.6318200434
3.2362580008
3.466896238
3.505873135
2.977913847
2.943432396
3.2484216473
2.822877493
2.5164709899
2.7633793973
2.399293443
3.472755836
3.218298397
3.337158259
2.753295543
2.7961832898
3.148789201
3.10080347279
3.2831144628
3.3650538418
3.6130514236
3.8035096788
2.9942663792
3.3420641772
3.7130901408
2.4702360812
3.3175640712
3.3680060762
3.7416605642
3.1982254722
3.6151595469
4.4947557986
3.2536115782
3.9837381196
4.0280067486
3.3554222427
3.2910557315
3.7698766016
3.5044290434
3.4409821286
3.1223457166
3.2047490256
2.8035171686
3.9421779515
3.3930711812
3.3683703192
3.2582464666
3.4301763864
3.2681695626
3.9310695017
2.9090840392
2.4378664822
3.5482394536
3.1764243333
2.956638147
2.9534045107
3.4640104461
3.3912930626
2.8205881196
4.0803625452
4.2256035582
3.2336942016
3.2905426166
2.9476389652
3.5197800872
3.1820284786
3.6776226012
3.9591521376
3.7367175662
3.7557488178
3.5978107912
2.8699418562
3.3260567686
3.1635277306
3.1918584312
3.5166862216
3.3713262472
3.4899265026
3.2737810566
3.5085873716
3.4280668026
4.2777524486
3.6010471716
4.4386622232
3.4912301032
2.7126878796
3.9126585512
3.8470774342
3.0835877732
3.5226310026
3.2042359506
2.9182969064
3.605819805
3.4060126186
4.2058102396
3.4756260932
3.2308947086
4.1721171612
3.2323417682
4.1433539472
3.2903014646
3.4194477216
3.0907800616
3.6881418312
3.2336509862
3.5976190417
4.5882275908
4.0871980882
4.1562650376
4.2525355626
3.1126602286
3.3625706286
3.9198676112
3.2049506149
3.3325345862
3.7123387526
3.1109029504
2.9189080512
3.493513632
3.597917602
3.261783023
3.158939926
3.519867111
3.362168379
3.403783862
3.654192025
4.270918232
4.214321012
4.289409587
3.90570686
3.363361982
3.619330852
3.511918672
3.91163761799999
3.817158233
3.509308674
3.609382023
4.436149186
3.367926916
4.047375567
2.640184708
3.956122835
3.8559694908
3.7456231729
4.286114702
3.325087852
3.059533563
3.250696312
3.96416992
3.705145161
4.299854159
4.352748104
3.645310742
3.658859361
3.3949694571
3.546147991
3.003085472
3.447094785
3.385946897
3.1229379757
4.019602828
3.739185472
3.338184472
3.674072642
3.615620977
3.791682442
3.914414288
3.162042222
4.135001773
3.5225269562
3.365274749
4.288724328
3.80705781
3.364331902
3.961328922
3.196113022
3.923871003
3.290712604
2.707491277
3.680647295
4.132200357
3.421095992
3.878882412
3.702108264
3.9547650546
3.887365314
3.772321632
3.675422632
4.227634444
3.3994811275
2.913646462
3.251266525
3.879593406
3.5473795022
4.29291309
4.574869568
3.812664801
3.764560522
3.186283382
3.59147842
3.140351642
4.031235018
4.255563362
3.327884932
3.627458201
4.014406179
3.946254242
3.519474102
3.375364717
4.219407572
4.518695442
2.753795176
3.555142782
3.838002682
3.457589513
3.731535758
3.636113792
3.658470052
3.4820942171
3.202296347
2.509609108
3.599033953
3.7922169429
3.6888543212
3.366432258
3.685904865
3.228523193
3.720132854
3.218375054
3.709859535
3.83209759581
2.97901918
3.330181235
3.531798695
3.205601955
4.037734905
3.921599707
4.093901963
3.813753186
4.490694145
3.799941312
4.34787920525
3.769026485
3.2874306386
4.01677575
3.438947795
3.59124280842
4.0111771996
3.6208978571
3.798471745
2.99282054
3.315803465
3.731075574
3.192017068
3.50069981
3.721659015
3.20599268
3.8761291948
3.515530019
3.324052442
3.290392918
3.271337952
3.112964321
3.728749515
3.377576255
3.410600098
3.036105235
2.639725063
4.034328651
3.591144327
2.98123954
3.404931188
3.957203198
3.155320242
3.726961573
3.376256295
2.969399595
4.18981618
4.52761147
3.74476660273
4.160673651
3.7288372996
3.617814647
3.742861327
3.68366359
4.161772887
3.251742445
3.6724319266
3.692294924
3.377503019
3.487098962
3.455283893
3.733822361
3.405848025
4.179050853
3.379588903
4.100360328
4.093602665
3.19363545
3.529311483
3.632354435
3.583722031
3.996629835
3.788602075
4.1214266027
3.1941542481
3.1593237837
3.5028440867
3.4710515915
3.148513154
3.545921895
4.056679675
3.816029844
3.558813675
3.856785465
3.356373439
3.31466975
3.4794500827
3.89363344
4.495936363
3.677806569
4.32692734
4.03581359
4.40798859
4.844312477
4.287860432
3.519967731
4.520326878
3.836484461
3.99265558
4.6113880284
3.91140193
3.422717197
4.36384599
4.37035664
4.241449733
3.624053884
4.520453977
4.62023203
4.00767389
3.595085101
4.073234418
3.8708637
4.186005424
4.523428583
4.39199724
4.192112353
4.19801172
3.79970605
4.97536282
4.313606082
4.6751789214
4.185807966
3.953630906
4.4926402511
3.854189442
4.652993151
4.556818831
3.5964700159
4.0710158552
4.542838538
4.105340829
4.74586089
3.679139587
3.353597649
3.949259073
4.568458496
3.91981817
3.501123668
4.337818836
4.29259842
3.737046153
3.68563709
3.85611626
4.561964221
3.87714644
4.01651701
4.33162648
3.922941683
4.419062081
4.140316814
3.889106685
3.8568378053
4.035523608
3.8519009051
3.377786589
3.951796503
4.126064966
4.286879692
3.717899389
4.178394127
4.75102818
4.19673659
4.440469804
3.7518725121
4.23537082
4.281742831
4.44491194
4.106410227
4.330781238
4.571176473
4.608646714
4.55056862
4.594786252
4.0393037279
4.1630196365
4.293782933
4.0496864663
3.873516246
4.08086319
4.263495315
3.27991694
4.561511527
4.54242355
3.883624609
4.14775978
4.200350564
4.462571734
3.476177369
3.005484819
2.932682221
2.988983609
3.749224883
3.849753791
2.952283683
3.608923603
3.825588558
3.624471134
3.8149341931
2.787904561
3.105778012
3.7742847453
3.341858131
3.725115878
3.448763173
3.260569779
3.108272259
3.221709287
3.195614221
3.277805627
3.603549963
3.621815982
3.001965497
4.421055615
3.675432914
3.468134929
3.150435243
2.701787056
3.5286300727
3.862396669
3.806613853
3.114809307
3.0236042719
3.718783848
3.1997278283
4.076987646
2.900485678
3.462185477
3.3251215123
3.589556354
3.509388149
4.0488364023
3.261077608
2.876307832
3.158318477
3.323723114
3.7514425166
3.553964689
3.547669829
3.518232629
3.324454259
3.6262187838
3.135318983
2.83541372
3.41140216
3.5191005224
3.9648899429
4.268937412
3.904862689
3.240188906
3.52224553016
4.158106971
3.423627239
3.701073169
4.074360035
3.574197225
3.026257607
3.32333525
3.302519741
3.445367644
3.2182489637
3.6650139324
3.681549
3.445717707
3.629514401
4.259507555
3.400207491
3.4088338861
3.631032288
3.407436125
3.9336026387
3.8779345925
3.262862223
4.060733706
2.5261675
3.826927975
3.189231439
3.603239502
3.135294861
3.48264182699999
3.687722256
3.398424613
3.1454041577
2.8020085304
3.67266893
2.691768748
3.958986237
3.459930643
3.630623223
3.764030712
3.039122842
4.030137723
3.997280411
3.2012743509
3.370546247
3.748064578
3.1774111514
2.977091737
3.600372284
3.960719409
3.485654985
3.222563081
3.345761962
3.461336198
3.337350711
4.054061486
3.664014058
4.333098631
4.001109241
3.47981622541
3.174508627
3.5954101193
3.80902213
3.70839001907
3.2168024312
3.671537423
3.971421406
2.880934537
3.029442531
3.466079456
3.490001079
2.737087849
3.795172313
4.0941661729
3.279782985
3.250385089
3.405879996
3.553940341
3.235756038
3.211191017
3.651475454
3.043412984
3.523191679
3.0294655771
3.5437807756
2.959110037
3.727686431
3.060259579
3.323758436
3.662894709
2.889990967
4.108692238
3.527650853
4.133366367
2.818042102
3.849816383
3.955299833
4.457259622
3.968633708
3.4103899184
3.8841697961
3.92858239593
3.156677549
2.806891879
3.583971786
2.9510815417
3.4145869485
3.7384388938
3.167854132
3.659150268
3.0065613905
3.300906497
3.309100395
2.968131477
2.930148083
4.057442829
4.180902613
3.973403957
3.3317459911
3.164740761
2.980593485
2.8050640988
3.89517966
3.1792115152
3.418247789
3.696664882
3.144835769
3.460144022
3.686116693
3.161973057
3.306574509
3.496028573
3.299818179
3.051867606
3.466077954
3.631065936
4.213475378
2.808655863
3.9667495312
3.68737448
4.095938571
3.29981211
4.246391446
3.6410216
3.588452008
3.761204
3.290405592
3.870579328
4.226745257
3.681145845
3.641098054
4.14977225599999
3.552626658
3.675890662
3.391003792
3.508329857
3.248524337
3.5202685266
3.65024761
3.868619988
3.45639599
3.81660409
3.812145173
4.1541618545
3.197692617
3.973170526
3.924513802
4.514719489
3.55966506
3.1768189507
3.10117305
3.875196445
3.2861236265
3.693648515
4.188324754
4.0539553749
3.629865942
3.78905287
3.046666677
3.47605919
3.65351176
3.832523438
3.3711378132
4.22551494
3.046044197
3.42139957
3.76105238
3.896485824
3.023834617
3.585020439
2.894888328
3.91081031
3.924784697
4.046451162
3.433508722
3.181342353
3.398194712
3.416521018
3.620174556
3.82129374
3.745200713
3.600539732
3.717180216
3.47603081
3.03075084
3.301187312
3.90305962
3.3025448947
4.058881939
3.544086435
4.108431526
4.10091634
3.410504592
3.91816533
3.127210745
4.253544235
3.42090917
4.07777185
3.498311295
3.882111712
3.9085117578
4.057461834
3.01601857
3.24475066
2.878426195
3.633568469
3.719189129
3.7425788
3.733803892
4.09010185
2.99453109
3.690067421
4.192838661
3.024804186
2.921981405
4.125026241
3.23239486
3.43984969
4.007149463
3.708175175
4.406963123
3.785233441
3.080046607
4.07372265
3.4633844054
3.555374747
4.352182667
3.187341803
3.011416491
3.305418914
3.985636033
3.692786849
3.925112977
2.991276206
3.303243506
3.582345428
3.362666763
3.984378637
3.691922974
3.929683476
3.854319008
4.238221786
3.633242879
3.772192513
3.49872505
3.2231366304
3.321120702
2.7744646185
2.9626680353
2.522220942
3.740803147
3.601882643
3.377530487
3.10566928954
3.383660081
3.774512027
4.173331237
4.2651195821
3.445320661
3.373332528
3.631772309
2.959808715
3.222651725
2.912099217
3.903812574
4.2541501532
3.571033077
3.3384893739
3.839945607
3.788890979
3.516868772
4.026547601
3.053328728
3.129098397
3.493108621
3.528627193
3.6952126551
4.085884164
3.878972096
3.083464503
3.772593123
3.508653789
3.092502358
3.133042723
3.268368772
3.375539185
3.658250204
2.8673532583
3.522700973
3.917565268
2.701885611
3.336498827
3.736878595
3.585436241
3.282421643
3.512180681
3.496476303
3.291483408
3.68184278
3.481262105
2.7351044626
4.08845858573
3.212072273
3.827409998
3.706522592
3.316807203
3.275174023
3.288668969
2.799917453
3.790723967
3.455333526
3.233623686
3.103632316
3.5571520625
3.942362711
3.113695963
3.225123986
3.387171133
3.0982587491
3.0042729626
3.4159840561
3.0124346281
3.4146812081
3.2335128869
3.6725492411
3.3988940661
3.2558375891
3.6726019861
3.9836134891
3.5228408281
3.1828473811
3.5386945151
2.9260151881
3.6438627711
3.5087099671
2.8781511109
4.002883166
3.5575359558
3.4118020061
3.7966378921
4.4014728521
3.0958328411
3.7687062761
3.0807507321
3.7941144534
3.4067017831
3.8725889321
3.0990765401
3.7895378631
3.61472866768
3.5050889961
3.1875370551
3.363315091
3.1669584731
2.8177840881
3.7686343951
3.5220269731
2.5177830691
3.6847965881
3.3993631611
3.3771566181
3.7362768851
3.7400886201
3.1433074081
4.2856991321
3.7981326183
2.8731160041
3.4970366951
3.7669158401
3.3155147016
3.5809372381
3.5610270261
3.2378634661
3.0764671381
3.5441395221
3.7533027481
3.9307395861
3.8531200051
3.2596647281
3.3636762511
3.5739268061
3.1641748031
3.4455630769
2.8225151333
3.2338961591
3.3435523681
4.2800067401
2.8965128181
3.6551168839
3.5822268361
2.8429902881
3.1290408901
3.5092932061
3.8779404921
3.5902443461
2.5946801461
3.3787555731
3.0857668181
3.1413286361
3.8072584661
3.6131294281
3.4240365431
3.2833111235
3.06500348399
3.7404627551
4.0069851171
3.9983152381
3.6804098521
3.2268374881
4.1329485161
3.4044507781
3.2260671761
3.5860235731
3.5672817711
3.1912823137
3.4145128921
3.0972086381
3.4959237311
3.85542355600001
3.376145155
3.600281707
3.557566701
3.035997474
3.690553514
3.628548188
3.644212664
3.684270936
3.343542301
4.202251654
3.5813366395
2.741144527
3.351669353
4.039089333
3.217442986
3.193698988
3.179445932
3.945664134
3.454288774
4.582241797
3.1160892716
3.184825941
4.365182697
3.175552019
4.233216894
3.67243114396
3.452874784
3.848689478
3.614133362
3.440859346
3.559932724
3.709419514
3.378851526
3.504057009
3.112595236
3.877089749
3.297431179
3.607064353
3.405983324
3.658870486
3.788171494
2.975936024
3.381732907
3.36033332
4.150851769
3.819091475
3.869844962
3.603452805
3.075447195
3.612990976
3.276345954
3.850893897
3.875395688
3.37576172
3.1009624233
3.098230211
2.674979979
4.043699816
3.470033479
3.606638325
3.828472025
3.541215707
3.185908001
3.603700996
3.918365916
3.457815256
4.087807091
3.584999711
3.168537342
3.598864006
3.200145589
3.739016937
3.159191634
3.169357887
3.633403066
3.886890125
3.492995359
4.21504762
3.510778276
3.770318804
3.570823384
3.025242942
3.2388821487
3.6152385674
2.957412323
2.900908593
3.048708444
4.025249066
3.2611724839
3.662725533
3.430859754
3.3235519588
3.4956277526
2.668136868
4.1908152866
3.783615591
3.2950570972
4.040243322
3.425935471
3.539669328
3.584000637
3.213669612
3.506997828
4.74358107
3.452995507
3.071006633
3.023294281
3.528610977
2.623167927
3.570311245
3.486870447
3.742266303
3.402474419
3.597547233
3.621927456
3.02563579
3.544806083
3.7491436086
3.932284569
3.0745222895
3.295390555
3.492657967
3.918612152
3.307767598
2.889811263
3.3530783676
4.027738879
3.527109171
3.463945532
3.898616122
3.077615507
3.067480143
3.2327192518
3.583765997
3.384867646
3.486356099
2.47081923
3.543578793
2.810098827
3.326343124
3.611249599
3.379661953
2.989879758
4.179720665
3.572473743
3.3491382709
4.056662433
3.365660041
3.387097628
3.838036963
3.130426787
2.978042397
2.646588943
3.293338618
4.1018521153
3.189666997
2.857314717
3.348361207
3.497587177
2.89906061
3.7002525235
3.229161843
3.790513192
3.507241653
3.6826740798
3.275932814
2.980309214
2.933458373
3.654634702
3.293846361
3.664686088
3.309323697
2.9887932235
3.209741027
3.024089101
3.394258704
3.184934601
3.917682527
3.141225249
3.129513223
3.24600044
2.711434438
3.673953381
3.22184953
3.374126415
2.917007896
3.503881084
3.818267457
3.457611937
3.465360043
2.721594003
2.91211325
3.1443491581
2.9758910226
3.4962167445
3.217022175
3.593323527
3.440044828
3.454374602
3.81134659
3.5749261838
2.985722017
3.9585995756
3.867675776
3.50205837
3.2684820078
3.302415498
3.65314692
3.9857270763
3.26515123
3.81219347
3.6510179
3.17051749
3.326775049
3.76685505
3.65589504
3.36934805
3.250414111
4.140608809
3.515948489
3.801907895
3.954747363
3.902416053
3.59307816
3.3782438912
3.512678986
3.131347549
3.5197751465
3.345589643
3.709888615
3.53233104
3.7496600816
3.239189536
3.9396295192
3.436188799
3.8070035889
3.611324739
4.06606837
3.755818059
3.40903673
4.4488171
4.0448130781
3.8118115377
3.79925830300001
3.467817641
3.406173919
3.64132322
2.77717782
3.408379527
3.154934583
3.0525429528
3.62130173
4.182111294
3.261942119
3.62721255
3.992602026
4.700751308
3.28325525
3.372156972
3.698947923
2.973372551
3.607132544
3.45987604
3.10992794
3.0962326706
3.64937271
3.185984916
4.13086537
2.80052806
3.66898115
3.42247792
3.185588338
3.42153337
3.54340014
4.02518289
3.95837681
3.6233466324
3.200416269
2.87622414
3.736568425
3.93537529
3.560955121
3.886266299
3.027039944037
3.707798839
3.989576173
3.00729722
3.472161524
3.231692081
3.553962583
3.651832024
3.38400194
3.26161215
3.357149514
3.205762877
3.577352895
3.954580238
3.16856713
3.515349329
3.65909044
3.44738014
3.21253703
3.224122443
2.90147583
3.639949832
3.89556322
3.28719182
3.870585003
2.74717784
3.7122386
3.543612614
3.942744763
3.66519923
3.39573171
3.415406571
3.24455114
3.5491506
3.244469635
3.0870510331
3.8930375179
3.399698138
3.36328515
3.42069958
3.092417871
3.262881629
3.322104515
2.675305073
3.3999122789
3.714770466
3.065873791
4.43253881
3.24004266
3.30209111
3.131732483
3.177178317
3.603476185
3.200334804
4.05614913
3.846625195
3.44222006
3.83615706
3.47148771
3.749771531
2.89853342
3.5410417
3.882274185
4.2699012405
3.88123746
3.34358049
3.770098786
3.532710392
3.62407268
3.421483188
3.663727355
2.97569716
3.819139855
3.525495045
2.64067458
3.467828327
3.299004856
3.7951098598
3.810176883
3.365483078
3.774595998
4.1019018
3.312707956
3.55999317
3.317849902
3.26577552
3.58624358
3.59648296
3.52278017534
2.8294022039
4.0706036656
3.39548012
3.83406819
2.87982227
3.562976365
4.176726833
3.25621858
3.36208823
3.415892042
3.902425418
3.9874136289
3.37066529
3.34502492
3.235354289
2.927288773
2.93866919
3.56033446
3.648300408
3.08664332
3.59606167
3.48677394
3.116995999
3.09094374
3.50324771
3.220225218
3.872923006
3.1399331
3.77774014
3.94482725
2.72105112
3.14357351
3.56962998
3.58537579
3.13015914
3.0358536
3.29699166
3.362131796
3.64782395
3.09633012
3.21208366
3.07552138
3.0903105546
3.454370096
3.87993475
2.91875868
3.21938698
3.32391837799999
2.76656815
3.06152304
3.20869851
2.913193362
2.951126092
2.745342846
3.22453621
3.51437911
3.718855819
3.11421746
3.60877324829
3.07167796
3.52131103
2.973307764
3.53164905
3.67192116
3.43379554
3.6806236
3.102113388
2.97282722
3.1380071
3.19102385
3.31982546
3.72920551
3.246773374
3.30976055
3.32085874
3.102299208
3.21037413
2.73219765
3.288499074
2.9656469737
3.28180931
3.496408146
3.06222917
2.857782826
3.13718331
3.26011393
3.50797824
3.03079094
3.2061402
3.39931275
3.42607553
3.378540638
3.704357692
3.21677137
3.55635729
3.20788948
3.57451256
3.23944863
3.41589695
2.93835966
3.434475642
3.58088412
3.60879344
2.9214682
3.58344704
3.55743757
3.1439802
2.62944699
3.48486783
3.03054982
3.799280757
2.90162232
3.317867179
3.55854901
3.19510473
3.52613222
3.84835951
3.303380295
3.50552688
3.43428551
3.218965474
2.9060007
3.8091995046
3.674115705
3.24241966
2.885088715
2.60767549
3.369387108
4.078107055
3.328805814
3.040599544
3.352243639
2.878013382
3.613485474
3.309573607
3.140292174
3.338323574
3.193185794
4.1458940755
3.650823779
2.646189079
3.584497268
3.25703979
2.806389514
3.7809068086
3.300578204
3.485953834
3.320648796
4.178222014
3.974316936
2.485617407
3.48005744
2.753411654
3.124039414
3.211042363
3.305175104
3.838236894
3.250802711
3.797978644
3.115626264
3.254088866
3.371437174
3.374383504
2.749682647
2.8704073004
3.486781076
3.366690464
2.874984133
3.063359423
3.084272529
3.5204767275
3.524297052
3.523047414
2.935815134
3.43458637
3.530109746
3.570988459
2.995323229
3.377445974
3.735233844
3.669187896
3.508842758
2.872385109
3.130991093
2.762151509
3.713821436
3.577853344
3.280651824
2.650918236
3.147453094
3.302736792
3.711783854
3.578942663
3.287034782
3.385365177
3.191712486
3.413170946
3.184820116
3.641939874
3.038458574
3.287548804
3.606088352
3.419788309
3.763253704
2.818215329
2.844552838
3.396687856
3.928475751
3.160079135
2.836865984
3.341249654
2.839255344
3.461291574
3.529337116
3.621109724
4.178674481
3.352618224
3.714512844
2.815275165
3.618179654
3.220841912
3.267856813
3.000613203
3.566506874
3.963135954
3.086349124
3.003635264
3.178167855
3.217898399
3.328994012
3.315723529
3.531467854
3.542885818
3.592064512
3.744587621
3.297376448
2.964516127
3.499085095
3.293342444
3.989313668
3.880341372
3.7071465923
3.1742128498
3.8713328267
3.323422113
3.961905428
3.1371668353
3.853400484
3.228030602
3.380833326
3.018146301
3.772634031
3.2834372467
4.051890438
3.284605418
3.1211198614
3.572517718
4.162979312
3.302534018
3.760506671
3.1782244124
3.158741149
3.144411802
3.440947908
3.838626218
3.491263341
3.481571307
3.126143836
3.205594422
3.898600768
3.365346938
3.736220721
3.981729188
3.79317151
3.551899418
3.794120727
2.791266687
3.175439016
3.576089026
3.5309558866
2.720320589
3.5728254087
3.210141422
3.443779576
3.112843468
4.026582404
3.533158598
4.375380148
3.282827199
3.091449533
3.773333536
3.4484327557
3.797066968
3.424647042
3.731876558
3.273515646
3.4676733695
3.031459268
3.215424627
3.671747625
3.786002197
3.898446168
3.827897738
3.560688097
4.012359862
3.04945185069
3.712901377
3.1387037345
3.628571654
3.4238371792
3.745962237
3.124114629
3.535173566
4.384765209
3.490952002
3.6616250201
3.2620286473
3.735190404
2.9457693984
3.10657131
3.81486095458
2.685848837
3.678208092
3.431090878
3.102475718
3.300563238
3.211284304
3.400739658
3.666484618
3.546049422
3.711302718
3.978702658
4.34698851284
4.252736118
4.391085138
3.967495673
3.574595289
3.797068418
3.71790228292
3.707771848
3.586281122
3.165580176
3.785025952
3.301108462
4.370001114
3.578771758
3.535247088
4.059515078
4.113258132
3.778766146
4.036443298
4.577225173
4.141471858
3.168428446
4.166458185
4.227979815
3.641325491
3.712217252
4.330925948
3.940580938
3.589375818
4.327633238
3.841977238
4.293243158
3.970619248
4.183226615
3.817625858
3.678659198
3.842115828
4.058004828
3.274381781
3.208931732
4.213301436
3.536706278
3.345139991
3.338287808
3.771156418
3.934522138
2.859822252
4.09011953057
3.724508478
3.604856918
3.727318862
3.898282548
4.269566331
3.392462742
4.015104257
3.428976374
3.849671023
3.894203609
3.849057195
4.351571648
3.129685298
3.848156712
3.838213778
3.784408726
4.045417115
3.904482028
3.230464102
4.032358798
4.507817208
3.630976885
3.775950918
4.259114926
2.997120748
3.815175748
3.799485987
4.136045801
3.945172626
3.486838871
4.019639718
4.342120408
3.6233919877
3.489870982
3.480494498
3.750059651
3.841842278
4.075123128
4.207621053
4.022495858
4.015337118
3.963687197
3.518531658
3.865350928
3.764077557
3.802420198
4.212274735
3.84936759
3.30506986
4.289044223
3.26825022
3.20734764
4.107026629
3.64503953
3.519490655
3.660907085
3.02468188
3.508523854
3.37843693
2.98481136
3.65899983
3.050830847
3.355221768
3.32368736
3.32117132
3.56198029
3.541462815
3.32176334
3.00806931
3.530216227
3.40854184
3.35125962
3.46161133
2.94606059
4.363958368
3.332611085
3.32190761
3.50977328
3.322212577
3.32344289
3.43734163
3.356150505
3.237481135
3.53468404
3.68967158
3.8519731198
3.435423385
3.67923463
3.16591027
3.3082948
3.49936919
3.39983773
3.95120331
3.81613275
3.34535164
3.963541343
3.34978209
3.81099853
4.3944007
3.10673888
3.1311520624
3.36916042
3.175547367
3.99422273
3.79066435
3.97053701
3.988236105
3.76911037
3.70533427
3.269131385
3.68889429
2.797026639
3.63285997
4.19948734
2.43590615
4.144689395
2.51742895
3.310714329
3.64617815
3.452467902
2.950225873
3.99059356
3.616814704
3.73096314
3.33885056
3.384433142
4.022555243
4.19534648
3.93214298
3.866396416
3.2517647
3.13076487
3.64223711
2.91650861
3.1487247229
3.719116212
3.74487248
3.938653065
3.51384285
3.21133211
3.4263770761
4.175040386
3.427739465
3.53768103
3.4466075105
3.20853186
3.718528537
3.313399676
3.652044467
3.63438834
4.118553168
4.438713661
2.9766376976
3.339316971
2.92265998
3.726727958
3.002604392
4.1816288355
3.554493835
3.0604669081
3.955610734
3.43912286
3.4909365
3.653560712
3.647257604
3.598102945
3.86666024
3.50944619
2.94740639
3.878307462
3.124177798
3.69971485
3.266429668
3.827145065
2.6906238
3.517309144
3.6044919269
3.281813986
3.741024421
3.49016644887
3.61907654
3.74320279
3.607088583
3.541124096
2.327594049
3.1558737
3.55241338
4.385424301
3.091199185
3.361933891
3.7361179633
3.32310492
3.82319028
3.355202433
3.111695244
3.63552834
3.49462394
3.937151839
2.638496389
4.052624488
3.3656898107
3.312399586
3.630254199
4.2534856102
3.34979551
3.85688314
2.9626198148
3.574267726
3.004520602
3.303505885
3.194298909
3.9962334203
3.069585197
3.4881908009
3.123648944
3.4665848184
3.44867215
2.90355657
3.120258093
3.27152042
3.290164012
3.726292522
3.663068891
3.386905137
3.514201639
3.696195871
2.59708779
3.91706613238
2.871117176
3.4084442002
3.267821839
3.511461455
3.187395227
3.1927224
2.901510479
3.5741229984
3.507519681
4.55746438
3.48280969
3.494268839
3.4188573504
3.6602498
3.41083849
3.295207202
3.294486414
2.902621554
3.443289352
3.777062
3.635070288
3.5702318155
3.478089231
3.327681775
4.045775931
3.770059621
3.469936061
3.559571701
3.149741754
3.341282681
3.39644606
3.23380918
3.6158273364
4.31241523
3.289990195
4.374697154
2.764658079
4.060269765
4.041005425
3.513466322
3.694814968
4.356070456
2.809436293
4.1121699
4.2165849017
4.0396247613
3.6267822
4.4690000539
3.41414611
4.0226907961
2.88544958592
3.59991205
3.79943235
3.303890685
3.03398362
3.451380509
3.049360997
3.958852357
3.62055784
2.748792483
3.37025297
3.5132440415
4.144971356
4.10546986
3.0237355
3.19618119
3.665316726
3.48827643
3.520878252
3.78390749
4.22039216
4.452608375
3.56836651
3.300045735
3.31700200542
3.37444755
3.388212588
3.372504875
3.14870148
4.507565645
3.88348604
3.327080476
3.771705264
4.043468543
3.859391878
4.14656258
3.282223521
4.020361764
3.070920665
4.000711397
3.407256019
2.936393474
3.515107741
3.89479883
4.04289777
4.270131585
3.779812391
3.9681684
4.1636079
3.479020202
2.994797355
3.6271284083
3.913537549
3.13077141999999
3.5951474879
4.031286948
4.24062314
3.3522260273
3.93632882
3.92917085
3.461837037
3.10107961
3.649314254
4.020150713
3.542388315
3.158661513
3.83230834
3.80191602
3.392128473
3.189024208
3.05262692
3.6648615681
3.85575471
2.990073473
3.592637823
3.3959027865
3.095698001
3.342521678
3.637385953
3.84232869
2.49121637
3.59565423
3.633238038
3.41801158
4.14589967
2.6759086453
3.8984366
3.26021609
3.18674351
3.705417153
2.776900081
3.78443617
3.716539169
3.149117553
3.05978847
4.196540437
3.80245679
3.27991626
3.746089491
3.256159212
3.49596723
3.283289049
3.32508858
3.389826939
3.39042667
3.220730196
3.188991872
2.96901871
3.585657248
3.169234771
3.112479311
3.219668858
4.29471432
3.126042079
3.687599557
2.9040121412
3.718125402
3.269454323
4.01208765
3.480801666
3.72518796
3.03550868
3.23825924
3.053599158
3.93237272
3.43252238
3.51352365
3.55224348
2.751053079
3.403874522
3.752911908
3.30520227
3.3767655574
3.34859312
3.23191191
3.369905223
3.165178552
3.366117313
3.02989693
3.64325088
3.511706809
3.2794928061
4.022131756
3.146323589
3.81762447
4.013135654
3.39011953
3.084744703
3.30136778
3.291966769
3.26177198
3.593287166
3.2753019233
3.58202744
2.923574881
3.708310284
4.179735277
3.499934543
3.653698246
3.544276923
3.89892215
3.870022367
3.98429089
3.408463672
3.5524561036
2.813551711
3.55535341047
2.90566045
3.506749566
3.332564705
4.050586169
3.381055915
2.904915237
3.274129717
4.244639295
3.269279936
3.372081837
3.328663317
3.2819996371
3.428746252
3.917802353
4.141966055
3.216708133
3.659835137
3.051579797
3.420016409
3.939294835
3.487667547
3.996398488
4.205327565
3.683169245
3.3284056
4.261079565
3.621046325
3.464403828939
3.322888307
3.769476671
3.305966575
3.514084517
3.758836285
2.740070587
3.0391165772
3.518965741
3.971015115
3.178338338
3.748873877
3.384099307
3.635646847
3.713475479
3.238609466
3.250530387
3.29183770777
3.266489125
3.24167208
4.074480737
3.922360523
3.706659098
3.613972215
3.480900697
3.246929695
4.121547455
3.915819085
3.82356916
3.069157211
3.904031331
3.90428298
3.407826744
3.492857034
3.430518787
3.245235865
3.559543495
4.140595113
3.20510189
3.417732527
3.765742464
3.7986979
3.500503331
3.0027371926
3.3980211371
3.321356112
2.730510192
3.582870345
3.560414805
3.913582755
3.351577525
2.994506302
3.381103497
3.590436027
3.431273041
3.301721375
4.074775229
2.8060116851
2.77037468
3.810399903
3.9497092924
3.856618357
3.569845766
3.414232158
3.243388983
3.535887515
3.9609166704
3.5834367513
3.767928507
3.73252255
3.453780658
3.893923427
3.514732985
3.308809772
3.768618601
3.051240421
3.328732301
2.717991648
2.946382875
3.642859713
3.478984241
3.537296631
3.252352454
3.225389413
2.856870864
3.391332733
2.657738749
3.400360227
3.357452918
3.044367315
2.8379698723
3.244636621
3.288437668
2.819367446
3.2797504291
2.9682576461
3.629926001
3.081445006
3.557113075
3.227134546
2.6152702826
3.03770052309
3.307799364
3.612402251
2.9186533896
2.503973289
3.176010001
3.379483538
3.526324659
3.518428363
3.1522242859
3.367985455
3.5353009605
3.968299243
2.761792613
3.841761703
3.308060843
3.00481229
3.455123321
2.97464545
3.230076132
3.048491088
2.733249965
3.489173888
3.2317690199
2.271984213
3.365370931
3.147774142
3.880933665
3.3009673958
3.285112985
3.188180163
3.51951639887
2.991754879
2.597461396
3.2140050194
4.03299389
3.204499229
3.2182071312
3.167894882
3.456742299
2.839839676
3.103077193
2.831255427
2.848901567
2.939612596
3.128691826
2.904182231
3.401116141
2.868050845
4.148484615
2.976004594
2.967051112
2.870131085
3.227326552
2.537128598
3.358128386
3.1843147077
3.364255863
2.467889921
3.118829815
2.968738736
2.9393450071
3.3270795286
2.825323561
2.4742128827
3.579723537
3.497899503
3.029841382
2.2945054257
3.14486011
3.292895703
2.91041355
2.469560276
2.903203988
2.864266395
3.25106522
2.9085212048
2.885678467
3.03448418
2.992601026
2.9233522405
3.0351634
3.446974736
3.08307899
3.1502246
2.700701915
2.95679732
3.484744617
2.955307606
2.85407791
3.602658972
3.27357685
3.250466684
2.770046477
3.547063846
3.534281357
3.211708051
2.97506205
3.318859211
3.10520958
3.071423887
2.85702279
3.119843845
2.924897585
2.914140459
3.01486595
3.569432983
2.963972283
3.195540842
3.04189975
2.79829672
3.264499997
3.27074516
2.84605495
2.81377075
3.34878754
3.02840202
2.401169991
3.46034657
2.55739979
3.44548521
2.998783092
2.661494993
3.1335759677
3.63424918
2.59524062
3.119273958
3.12424109
2.95322173
3.633405313
2.99150445
3.346864398
3.28243757
2.98751378
3.0779536
2.53885706
3.136537559
3.6046957
2.97442226
2.93148735
2.98671101
2.342630165
3.1744902482
3.16928974
3.31775456
3.36662106
3.08420658
2.93219717
3.3784731
2.7626935
3.37038435
3.056946238
2.13364386
3.07665177
3.07756539
2.92058302
3.21107274
3.16737785
2.72328778
3.8248761
2.73224913
2.749314262
3.342175677
3.236582007
3.270934704
2.38440057
3.02295338
3.525440847
3.10908108
3.10238759
3.415793497
3.061048351
3.15029594
3.25675301
2.789071197
3.43464024
2.745917891
3.26293251
3.141048135
3.583192536
3.032327496
2.969608256
2.24605607
3.364893782
4.139383283
2.880220259
3.713509151
2.77997629
3.30476252
3.42060266612
2.531262448
3.17427624648
2.892951867
2.703854952
2.667312849
3.787669329
3.293608805
3.246934288
2.881751182
3.48415008
3.386461864
3.209342159
3.499166436
2.804547983
2.516638641
3.673512624
3.636272577
3.289552371
3.040864433
2.67818222059
3.127147839
2.98286061
3.28523252
3.279483108
3.523642863
2.946827807
2.492599118
3.211138097
3.180100019
3.5426269776
2.421380692
2.923636295
2.54202532
3.058961418
3.352513785
3.630919237
2.824946367
2.9932543095
2.918207746
3.18034769
3.6275217881
2.607787816
3.513466138
3.539618551
3.234629879
3.009385602
4.1669630071
3.08538787
3.438758618
3.1342632474
2.962879909
3.191270684
2.794043376
3.583798016
3.1439150508
3.212147199
2.356349652
3.442389372
3.33511421
3.025820711
3.961553317
3.131699929
3.1566803052
2.654495763
3.68346506
3.242063629
2.94733448817
2.942290969
3.480867128
2.371422941
3.186821789
3.0022388234
2.429722483
2.463319839
2.657257429
3.102619539
2.750067949
3.2014597969
2.815378244
3.4562284861
3.127696989
3.190536469
3.2529313026
3.919943631
3.961414382
3.711070905
3.95729129
3.354902645
3.86086575
3.52658111
3.578758154
3.220205829
3.507867376
2.981283824
3.374858177
3.374919071
3.60015841
3.193165133
2.364890578
2.745265465
2.912422569
3.208865349
2.71980967
3.314655536
3.301949015
3.298714697
2.706942879
2.650104911
3.808971811
3.586121295
3.874058345
3.197258911
3.4448009353
3.721017808
3.305172978
3.638313896
3.49657081
3.656824786
3.953874965
3.251148488
3.612434709
3.263363336
3.926425107
3.053385658
3.179104999
3.35747975
3.334480957
2.556244579
3.540886379
3.437354817
3.665315975
3.359314887
3.351766911
3.903687685
3.674314399
3.969569149
3.574613618
3.3137962436
2.884260463
2.976843079
3.912081151
3.557356643
3.334171459
2.646937879
3.987690521
3.123100291
3.420823991
3.438514201
3.38052443751
3.101489086
3.2765874891
3.67758543
3.045419579
3.550398126
3.355972892
3.739687898
3.466895958
3.084453977
3.345260306
3.325512989
4.117845879
2.907931769
2.8351298243
3.287675911
2.954903429
3.581241587
3.713317801
3.477639669
2.981035419
3.1107807684
3.411891801
2.724918327
3.347765078
3.393656268
3.668597981
3.689319787
3.271290868
3.4033971503
2.944337924
3.763304223
3.31094288
3.33160735
3.712064449
3.550033597
3.292194974
3.786842609
3.3528531
3.5893092137
3.742129106
3.003833246
3.401557471
3.599643304
3.103563046
3.213533414
3.331709701
2.900853864
2.453516789
3.202007111
3.684377095
3.66075872
3.662763691
2.737811551
3.436944841
3.396652852
3.303840504
3.925821025
3.650900013
3.894036681
2.9935460486
3.29171005
3.404554804
3.018012291
3.1216369993
2.938364196
3.429923985
3.626375419
3.827306415
2.622458742
3.398714972
3.385804201
3.108987184
3.524299116
3.229718741
3.897164981
3.087824681
3.925248558
3.651634641
4.082042311
3.291330931
2.729401607
3.27495301
3.29003755
3.809940435
3.720790135
3.474609751
2.809820003
3.384805151
2.990325511
3.175484135
3.676392061
3.213686649
3.983441631
3.490464846
3.380923711
3.091930251
3.867980401
2.749504231
3.611094618
3.165243269
3.318340071
3.350257171
3.183682852
4.217736541
3.106207701
3.394035873
3.150694124
3.529009161
3.358043891
2.945705211
3.602092055
2.723318529
3.594470471
3.150797871
3.56864544
4.053697135
3.497370648
3.185317481
3.696152305
3.311559431
3.614992841
3.3237253
2.623999881
3.589654569
3.230694531
3.3259783372
3.628167979
3.297652941
3.097565389
3.395589471
3.768597917
3.566996511
2.9309778397
3.18133239948
3.855906661
3.3040152461
2.7464063601
3.9129756811
3.4307425411
3.6433423471
3.0683871101
3.06252821116
3.2159444761
3.5724489011
3.2999042381
3.3142114123
3.8150948874
3.6098677981
3.2879534282
3.5876101081
3.4166797361
3.5155470111
2.5287170729
3.8676969541
3.6384570621
3.2359318621
3.3158221071
4.0453752971
3.1249687251
4.0262819951
3.0146861781
3.3892135671
3.3031099361
3.1935692031
3.4548004871
3.7068363171
3.1564242721
3.2312632421
2.9259842859
3.4255240944
3.468180376
3.1274640811
3.6551223873
3.3793975561
2.9120254914
3.4704358671
3.4282590561
3.2663678019
3.7613613711
3.3552256951
3.3312622111
2.7964052331
3.69473633491
3.3064184043
2.8235782371
3.4360219291
3.706101377
3.1742090311
3.8643714411
4.1100152971
3.1533930622
3.1532894871
3.4776228971
3.3244815491
2.7573812379
3.7635634211
3.2591309181
3.2137228661
3.9977748091
3.1785963301
4.3024183271
3.7480513671
3.2130856071
3.1410416731
3.5278919631
3.7347057531
3.2161675081
2.9822347811
3.1723924011
2.8345561704
2.8990465171
3.0773826541
2.7324552411
3.2285902563
3.6559432911
3.0017909991
2.9547868811
3.5778641641
3.3627053771
3.7461810511
3.3074176971
3.2226243361
3.6887958379
3.6703618642
3.9096102521
3.4153363221
3.7159070441
3.6689012691
3.2568091341
3.5322624341
3.5042987379
3.1679802622
4.0583272821
4.3163737071
3.3843932981
3.533943364
3.747306454
4.163429724
4.401141358
3.317331919
3.882460198
3.659128204
3.944619554
2.841620834
3.879340534
3.631249144
2.973282134
3.969073434
3.755686028
3.024651346
4.030657943
3.329300335
3.065189204
3.3903019
3.795415374
3.357340672
3.488963444
4.130596943
3.653418269
3.84101227
4.55375585384
2.911428494
3.156135954
4.146550638
3.511250978
3.571720224
4.108329937
3.319001564
3.746757386
3.630107873
3.458029678
3.658380934
3.844970085
3.795486824
3.0548101471
3.700993999
3.560436364
3.206772574
3.124738784
3.099292511
2.631183324
3.600828274
3.567618549
3.562034624
3.063780125
3.497115624
3.6881920545
3.556656803
3.201124234
3.625718874
3.27534844
3.697680944
3.341902737
3.139710384
3.350895314
3.188836958
3.365317324
3.488171274
3.257752024
3.326167509
3.888522009
4.072234134
2.730215224
3.407479472
3.267388168
3.566506124
4.671145979
3.393621839
3.930498379
2.7352242354
4.068597279
4.176218104
3.885913638
4.0519384008
3.378128514
3.320679058
3.455039788
3.158924916
3.512825599
3.037648674
3.682880282
3.079803102
3.531268768
2.907851294
3.392825073
3.259325094
4.035192184
3.608405875
3.520995014
4.209261654
4.249008234
3.623423718
2.951295154
3.477774596
3.562144454
2.73337246
2.68711554
3.131124461
3.550395654
3.453423852
3.243235265
3.447022589
4.126244191
3.84030967
3.7207072629
3.391800908
3.79201745
3.951184861
3.53230755
4.085669418
3.37270045
3.477175987
3.74923791
3.5463886
3.237510287
3.03121184
2.969969293
3.27697026
3.636995014
3.57147107
3.336204466
4.276115126515
3.14503372
3.010216422
3.13379696
3.632094616
2.84064715
3.830369611
3.192731519
3.3629672249
3.42440821
3.83682166
2.958645027
3.27957264900001
3.31601339
3.9418635
3.76580687
3.41465052
3.818077566
3.29792172
3.4258912909
3.943143319
3.11962217
3.269168855
3.15061017
3.70372823
4.08184299
3.25812435
3.199958085
3.672184181
3.559622617
4.13596441
3.420332092
3.30309216
3.096786689
3.309333156
3.55361598
3.13899857
3.82727699171
3.48253697
3.731169038
3.023165806
3.517898359
2.4608364967
3.46718946
3.17118165
3.576428593
3.40887616
3.611214561
3.67939426
3.340672935
3.910646211
3.192178873
3.553436038
3.607819741
3.613694436
3.76856476
3.0102824224
3.075011141
2.788895104
2.996159482
3.056327494
3.543657812
3.313639972
3.360533895
3.44556273
3.578235873
3.53009001
3.4339972575
3.21170571
3.1926430447553
3.4788891205
2.928714305
3.34689794
3.373851711
3.046178037
4.531936067
3.584512052
2.922453525
3.400378547
3.569537534
3.301560801
3.362314981
3.107138487
3.918421086
2.920944787
3.321676727
2.975922124
4.121832283
3.449492455
3.146533859
3.03746553
2.949219461
3.700864598
2.797255372
2.981850277
3.652133782
3.756557178
3.149995751
3.025835442
3.065205966
2.994978072
3.582378457
2.7101431801
2.922194826
3.315589857
3.205110361
2.948555647
3.821994146
2.828048237
3.727267227
3.096472786
3.222321831
3.072383427
3.518816441
2.734601546
3.212687749
3.145757903
3.966421617
3.125440807
3.877482957
3.777467281
3.80081497699999
3.063124581
3.344408185
3.13923196595
3.257862052
2.927811463
3.857166587
3.5879328
4.129263087
2.745062577
2.880689577
3.122586379
3.674396557
3.306335058
3.164720148
2.995954371
3.5771356904
3.799067687
3.611642662
3.735034127
3.151199885
3.575255397
2.847285374
2.567270877
2.808535039
3.619568231
4.032766966
3.471272561
3.5263543565
4.025746107
3.416627425
3.513720503
3.502376365
3.10397412
3.274705512
3.139921937
3.350155553
3.307226016
2.983581842
3.597736919
3.654519156
3.017381961
3.494763221
2.958736117
3.947107747
3.46584706
3.313453521
3.050427997
3.450712362
2.77550853
4.162336231
3.013237698
3.079314343
3.583296208
2.78143311
3.97452336476
3.450894259
3.980700869
3.364785254
3.53425424
3.465769162
3.536131927
4.083205287
3.3353124134
3.39506814
4.183670542
3.03571849
3.49590592
3.693040583
2.743984666
3.4116313888
4.307056119
4.195427344
3.517701269
3.34140823
3.09446643
3.753805575
3.453675022
3.802397378
3.80809373
3.73996482
4.28189009
3.664174412
3.5284288501
4.0359653162
3.654299075
4.1361179249
2.998911235
4.046746005
3.9397682929
3.450587784
3.6663212732
3.009419082
3.6412439529
4.428590842
3.39725713
3.38886745
3.487471304
4.0413227924
2.868120268
3.106889128
3.534189455
3.4699944642
4.008629079
3.361480594
3.115140368
3.185863329
2.90403005
3.85434043
3.658113426
3.972101408
3.547197959
3.776402301
3.267084566
3.33356931906
3.106316602
3.701643638
3.09173967
3.20327741
3.712314044
3.184001315
3.710950179
3.88514287
4.224552952
3.8294034676
3.73450261
3.968835882
3.561435792
3.093980262
3.620025985
3.586474583
3.225196233
3.430842264
3.734644846
3.695635797
3.519160431
4.2250705947
3.872575223
3.896402008
3.917481235
3.784953027
3.008469386
2.829703668
3.1449120357
3.484750699
3.49965268
3.369561237
3.777092535
3.293446964
3.831646102
3.651289095
3.219421673
3.609812565
3.216999138
4.705808853
3.4108004803
3.95536216
3.755478813
3.038772463
3.083893483
3.506228542
3.447689117
2.774820894
2.870596033
3.383267987
3.785779205
3.422121813
3.648181273
3.311040293
3.682508116
3.961085403
3.736672033
3.971976933
3.277976343
3.815056868
3.512112542
4.093019433
2.712662237
3.461706433
3.128455092
3.717714197
4.191416383
3.047653183
3.028661807
3.933313203
3.67287276
3.86577586
3.499449594
3.039922779
3.533340343
4.0953929658
3.770559103
3.284395615
3.458833603
3.460500267
3.558590902
3.628274593
3.443758928
3.019016578
3.791455103
3.189016103
3.032308847
3.426322953
3.863418984
3.9157148059
3.755693428
3.576129313
4.205586244
3.5143678624
3.357971823
3.553020054
3.6604057336
3.537000996
3.287324153
3.080870363
3.339249803
3.246535015
3.193284535
3.56895111
3.780352711
3.542896633
3.284500713
2.984726433
3.748222283
3.281380233
4.153771253
2.961633753
2.962014282
3.537326077
3.619746933
3.404337781
2.962150326
3.140957763
3.690414723
3.473922707
3.669872823
3.479320603
3.356879133
3.800697113
3.453857976
3.654982398
4.058349324
4.029065344
3.526101831
3.199165553
3.306455983
4.244776333
2.977814515
3.231927743
2.834511653
4.016511167
3.094793269
3.318909024
3.80853564
3.5400230578
2.979581015
3.404367312
3.552073085
3.106716969
3.505814393
3.308193689
3.508898241
3.35200144
3.914674417
3.38163186
3.448096801
3.15146751
2.837500827
2.883607196
2.38545895
2.935378621
3.038421408
3.26293950557
3.18440261
2.550100213
2.79663805
4.029699919
3.241757453
3.49293531423
3.8258388574
3.0578512
2.992733516
3.04959705
3.024587344
3.160366419
3.5117393542
2.820363337
3.4336321557
3.289166283
2.61908524
2.88510897
2.72560322
3.1555978
3.452892638
2.77979221
3.769348177
3.011740765
2.943617123
4.055690712
3.481161913
2.486388551
3.39193289
2.6368904
2.471829318
2.89419927
3.419421429
3.330932712
3.254355323
3.426211324
3.013498826
2.72708529
2.988150964
2.983877812
3.412279817
3.321524921
3.845470237
3.068418142
3.473913762
3.756427007
2.8737528287
2.7460492727
3.352764583
3.665807854
3.565383957
3.339356068
2.26065161
3.678223585
3.601759783
2.606489219
2.923161355
3.463376597
3.42810567
3.112703094
3.443270019
2.260297136
3.032460578
3.127964121
3.05451546
3.52033624
3.500987467
3.49349973
3.44941619
3.406247968
3.047135161
3.90223552
3.31686789
2.095381394
2.639287665
3.25860555
3.079010946
2.989900302
3.186173739
3.074408932
3.3273199138
3.307181083
3.2429820388
3.9946207658
3.6138153538
3.0646918288
3.1202163768
3.4805988478
3.7030221322
3.1757857838
3.5380714368
3.6925768868
2.8268126338
3.1886643638
3.7827868328
3.3841283688
3.0879712708
3.6179572618
3.1624659498
3.1889308088
3.0324279338
3.0504282038
3.3629862038
3.5146179638
3.4375897598
3.1949204338
3.8459834298
3.3305540948
3.1421644188
2.4893312438
3.4580363188
3.0743793498
3.8282754688
3.0368236108
3.4644112838
4.0754583918
3.3864110538
3.5212292638
2.3368369408
3.1288536458
3.3090076048
3.0659385718
3.0642488348
3.9490532808
2.2061697742
2.9730507878
3.3485266328
2.9239498918
2.8051721038
3.7326855878
3.2730816787
3.1151945658
2.5202770208
2.751291302
3.7846037538
4.0783768338
3.7393425068
3.6725034888
3.2617772262
2.9443056558
3.1719064462
3.3714932238
3.1596123928
3.3677307328
2.8914896588
3.0472091238
3.59578481780001
3.4837968338
3.8552336008
3.2946226629
3.6042917538
3.6643975538
3.1007329738
3.4583998158
3.0223556338
3.0110414672
3.3352331258
3.7341643258
3.2380857758
3.4659522258
2.9684140116
2.9275835848
3.2056156558
3.2566383438
3.2461819898
3.2293288738
3.3257944808
2.8377864928
2.8233011918
3.2009668528
3.91549645680001
3.3211441822
3.3754461978
3.6662198648
3.4140089038
2.9809601738
3.3911906438
3.2295216728
2.5213008528
3.3642917408
3.871278544
3.488838578
3.947194863
3.686854771
3.508142932
3.110758695
3.806034636
3.895405988
4.087044114
3.469711808
4.43896982
3.226445771
3.330952946
3.2842635618
3.27169003757
3.817651404
3.465649458
3.732088271
4.252517658
3.762525177
3.472814107
3.421807457
3.62695191797
3.8238059812
2.862596177
3.3844986875
4.112599668
3.470454788
4.2315501342
3.491850526
3.372437916
4.071573828
3.519641234
3.534281316
3.956731047
3.297632003
3.849059374
3.483082883
3.380610747
4.077385245
3.560058678
3.962933581
3.221226362
4.150129366
3.799615613
3.258616236
3.916849252
3.311902428
2.974408354
4.405543244
3.337621786
3.164885404
3.27871071
4.092893516
3.676243004
4.240806937
3.626069186
3.024427938
3.548466656
3.617598442
4.1517379715
2.834322008
3.677974915
3.387917086
3.518787286
3.776317385
3.563398059
3.314557385
3.834600716
3.725494291
3.892037574
3.783991207
4.394343516
3.676332577
3.895146744
4.399492018
4.027853416
3.205842655
3.339625019
3.63212669352
3.720005936
3.523855293
3.767902002
3.539345613
3.839642424
2.973400862
3.391712968
4.118429048
3.696864747
4.618453502
3.531738997
4.1016868885
3.5734960775
3.458696138
3.404512019
4.10475019
3.803007628
3.771001996
4.18623017
3.408525916
3.147152661
2.956514288
3.635083689
4.166376049
2.560412416
3.603594719
3.195597552
3.4086089317
3.63899433894
3.043310653
2.9749701
3.556425919
3.739223276
3.29858477
3.552571397
3.1127224885
3.193136956
2.981205156
2.81491254799
2.72061583
3.376968265
3.0834962
3.01461542
4.073294925
3.195486056
2.972516592
3.3370410809
2.877352381
3.41982521
3.74415531
3.014752374
2.831541725
3.21902452
2.635242032
3.330391553
3.55363103
3.187689419
3.530380659
3.072978662
3.33481284
3.278657306
3.201370379
3.39894383102
3.08551356
3.339384634
3.5830628
2.85418262
3.1988339255
3.049280677
3.879305595
3.81021101
2.914980326
3.686991478
2.409662577
3.57880256
3.09392656
3.645861418
2.88144949
2.8143925056
3.394239194
3.706530212
3.538394419
3.505507203
3.116142951
3.448831016
3.42614109
4.164990427
3.072462406
3.21857898
3.92923099
2.640356214
3.92665034
3.459037306
3.65162508
3.316112661
3.193295467
3.528855804
2.804661388
4.057926777
3.391662407
3.265541314
3.506399684
3.092826283
3.22007657
3.44182853
3.3357165776
2.9649408584
3.634991671
3.27701155
3.078071496
3.05996424
3.247368358
3.682815042
4.401619106
3.205417587
3.113153832
3.493621894
2.97634903
2.895913678
3.10153497
3.643950249
3.015155533
3.61372400899999
3.123443649
3.725724274
3.887805428
3.57399256418
3.377557786
3.019349299
3.485482776
3.220735291
2.833625099
3.9957325319
3.247329137
3.80137376
3.255554853
3.388976386
3.211663029
3.3147145334
2.602054586
3.277811699
3.319688008
3.282425086
3.460387953
3.15832776999999
2.950040682
3.931876123
3.2822990994
2.855974001
2.642488388
3.217906939
3.125585504
3.284110287
3.176437435
3.578171419
3.777728091
3.946960139
3.037837294
3.230124868
3.267477078
2.956610801
3.830568205
3.346981952
3.677407456
3.787872494
3.570911301
3.6924523068
3.302876531
3.522695734
3.450135531
3.721729135
3.397114819
3.190572731
3.028539571
3.498962039
3.527392001
3.359075303
2.995136438
2.907656721
3.39379039199999
2.687246701
4.168381558
2.800365709
2.831684419
3.540076638
3.408271655
2.646391351
3.299506905
3.826561055
3.688562254
3.718125381
3.569082925
3.182685595
2.855244201
3.596772369
4.016356215
3.844920961
2.840584645
3.251880598
3.543040067
2.991754958
3.236056497
3.547085105
2.807474256
3.386396879
3.407909697
3.261098269
2.849260107
3.706733137
3.391599379
2.951164097
3.6595114375
3.104010659
3.316573909
4.31984862
3.49410046
3.327506412
3.800634141
3.113123381
2.718928711
3.438733363
4.22791945
3.6226695732
3.385050993
3.38648852
2.709390953
3.479610309
3.9093086152
3.298591391
3.471604396
3.5114901863
3.19271072999999
3.148449161
3.215987022
3.67056621
4.2974046972
3.574418593
3.446801168
3.533767424
3.424165382
4.138135049
3.48762786
4.519939276
4.413768767
3.94168194
3.39412263
3.6628838374
3.21226469
3.18122173
3.55022142
3.355489366
3.8619035
3.664790615
3.993377453
3.410983074
3.337451526
2.878951011
3.5555592853
3.3695734405
3.309630155
3.845934889
2.8114050298
4.013972913
3.313456854
3.482344667
3.398694192
3.548385639
4.102500437
3.4387998119
3.0108147322
3.435624173
3.769405083
2.762644585
3.733283848
3.220448892
4.024913191
3.67373389
2.95962115
3.686596023
3.73588512133
4.063150557
3.437148302
3.07936747
3.45362587
3.3625265
3.5588244
3.1335541748
4.652705884
3.41666732
3.269763671
3.54862006
3.939974145
3.2190111761
3.25223272
3.800266088
3.496723352
3.378987251
3.33142721
3.62541289
3.682666611
3.910287203
3.09282985
3.193865902
3.241067141
3.690850399
3.4401782305
3.887393008
3.265645738
3.41609463
3.418832687
3.007430664
3.2690097362
3.81005066
3.491800804
3.956814229
4.133977982
3.30242214
3.436433084
2.653759377
3.74263328
3.449194562
4.306231374
3.890121553
4.250853974
3.578844842
2.999111372
3.43931756115
3.437158521
4.204973869
3.980111234
3.196158802
3.3697237615
3.6782028704
3.510069016
3.6082756716
3.536380579
3.701810195
4.296659473
3.761308345
4.343949717
4.322853692
3.097541988
3.1328960673
3.46123741
3.999856557
4.455922316
3.852500665
3.261727978
3.9984682439
3.7355477046
4.392235431
3.810971637
3.5143070387
3.692238674
3.684156984
3.948194973
4.038471889
4.060346076
3.626267256
3.666203348
3.912837882
3.5137758195
3.107347502
3.375960335
3.6823348344
3.475230648
3.4273587926
3.4069460535
3.598116686
2.828343764
4.077657036
3.59207344
3.967140192
3.238693367
3.876857207
3.437312974
3.453498833
3.785029673
3.4804542721
3.313351912
4.267938696
3.718328086
3.31470691
4.251924531
3.667473441
3.1959732206
3.678931601
3.8162236392
3.531520852
3.513933673
4.348218594
3.625262511
3.565646004
3.976394534
3.606161071
3.600987005
3.290767474
4.55843120695
4.089057923
3.291547288
3.836395619
3.6391942122
3.3809855619
3.5197674066
3.776886383
3.617302686
3.893512851
3.505618291
3.711300564
3.391405226
3.642223813
4.553227344
3.698685963
3.5987935429
3.973532502
3.90494486
4.367680924
3.779584804
3.86865061182
3.8499505143
3.460658307
3.161842925
3.6880813816
3.6343251657
3.923288594
4.328259637
3.2510563196
3.839266003
3.051080143
3.155499212
3.697105163
3.327335763
4.043608573
2.962070168
4.169211683
3.632985383
3.278990903
3.645699189
4.065284192
3.678711992
3.357811763
2.971375498
3.387733623
4.054422863
3.541174443
3.799698106
4.0247212268
3.318466949
3.368676647
3.552451007
3.292122287
3.898783285
3.063464993
3.379822914
3.0437934956
3.578692841
3.670207155
4.200441924
4.037352988
3.072052941
3.82241559
3.430158341
3.639256825
3.032136553
3.268691557
3.566549723
3.318459528
3.896358279
3.211556999
3.351248744
3.561378312
3.0883999274
3.339827414
2.669832536
3.035152473
3.107361414
2.92404622
3.297865733
3.566922353
3.266884203
2.783486853
3.790466615
3.207313473
2.778065546
3.026160748
3.31850589
2.857925123
2.811624068
3.601395214
3.7072198933
4.270478913
3.215446972
3.792191632
3.516789862
3.746341703
4.2052058975
2.960419013
3.615956453
3.556062013
3.968352448
3.489552343
3.507699883
3.062601237
3.318065793
3.826758592
3.163092792
3.109545893
3.418007211
3.928312233
3.155158771
3.531776543
3.108120264
2.831163663
3.616582822
3.494386866
2.734985763
3.196266363
3.815992193
3.937396223
3.854530585
3.358872167
4.20756246
3.431183708
3.46050049
3.41032562
3.538632036
3.51359316
3.49265737
3.815740585
3.429954115
3.82273849
3.147530745
3.82832458
3.77122689
3.218449309
3.2836130258
3.43298097
3.1451288966
3.676374701
3.724961035
3.608285866
3.16530487
3.54661354
2.79247544
3.907872901
3.596415925
3.561590263
3.330710157
4.009788132
3.658826031
3.614747732
3.0921621896
3.322128674
3.450662206
2.95823
3.398423555
4.0114605
3.991988936
3.3498050961
3.62130492
3.863951286
4.05730922
3.13800689
3.3669218254
3.3737115
3.056397901
3.17859749
3.45726696
3.741805488
3.34445262
3.57724197
3.54202491
3.762999395
2.714449503
3.572130915
3.533426515
3.4613561216
3.598511045
2.720250575
3.4210439
2.9031225263
3.2216971
3.205010781
3.396786425
3.165210876
3.55732556
2.80404389
2.930326322
4.338637135
3.53100331
3.58434834
4.3173825263
3.318487398
2.839031136
3.83818259819
3.22687676
3.393819476
3.520838547
3.870171665
3.75737114
3.588678494
3.679809902
3.196317329
3.68374415
3.067089973
4.402891242
3.8699956
3.1369867
3.045595477
3.766801351
3.702886981
3.89151992
3.87360837
2.871325259
2.853290743
3.308292095
4.1340924575
3.732513308
3.16543873
3.18856776
3.31720174
3.22743626
3.233928569
3.46265538
3.20069090767
3.5438183495
3.302014573
3.42887194
3.41954424
3.057051349
3.20829077
2.693984741
3.052966459
3.99086233
3.37473224
3.12616519
2.49789512
3.130952315
3.20964314
3.361352292
2.88524963
3.13473999
3.40647861
2.68969043
3.197359038
3.02247316
3.52486867
2.66435249
2.79546094
2.802383226
2.998323761
3.241075623
3.095023169
2.81429717
2.9443849
3.72093707
3.729802985
2.52634202
4.17602556
3.07291943
3.337415622
3.24622223
3.344871572
3.3687568
3.578244394
3.00190324
2.930322444
3.53428166
3.227438683
3.264051962
3.268349253
2.869479166
3.92180182
3.406783584
3.06769482
3.53486343
4.044689068
2.8220934
3.67451936
3.613023587
2.709591663
3.4930000061
3.972144305
2.858063654
3.5665773
3.083146386
3.492288132
3.78827648
3.498019875
3.67743183
3.707710671
2.66960032
3.076492287
2.522714768
3.73634329
3.31663018
3.76425562
2.951261142
2.871488845
2.90162333
3.899926013
3.485940895
3.530794539
2.656790294
3.13319491
3.380620107
3.79459802
3.169394756
3.95473168
3.55884381
3.19521954
3.4845696836
3.332159663
3.28669726
2.327305636
2.9193962991
3.19153427
3.51678118
3.271832229
2.75267808
3.934030917
4.186787757
3.542400034
3.380149961
3.214529009
3.492337565
3.079329301
2.8775722741
3.080668159
3.830790487
3.421546317
3.720233057
2.583894378
4.374391203
3.775479857
3.113443798
4.244057017
2.930292917
3.510756707
3.285065427
3.087527413
3.657499527
3.437283746
3.697720227
3.581703004
3.897253211
2.943508068
2.971846946
4.055840237
2.555011863
3.974189707
2.767884773
3.468946347
3.219285707
3.432085453
3.578860787
3.69860419
3.565304567
2.243220096
4.063233297
4.002096347
3.265324397
3.607545057
3.179987781
2.824853204
3.848732996
3.304289992
3.279533597
3.324624915
3.277079334
3.59166254
3.168233375
3.0144905967
3.913248107
3.375695184
3.307861277
4.370779836
2.831500333
3.366326137
2.989333475
3.745592099
3.154674587
3.931459368
3.27656646
3.97607717
2.771752277
3.86325485
3.560272807
3.497770197
3.29810086
4.150530799
3.807802017
3.657360391
3.26363044
3.974100567
3.298875906
3.6955252146
3.6252936925
3.9251140577
2.927119873
3.62143949
3.365725617
3.546177437
3.563174763
3.271760229
3.525347717
4.114366257
4.065964747
3.431905867
3.781032827
3.240814527
3.458439951
3.551496877
2.893197197
3.906460263
3.254534636
3.861783427
3.79511892
3.315137143
3.302239952
2.852968884
3.838146139
3.697255189
3.240767362
3.050463216
3.888746977
2.883387788
3.2433333487
3.747535856
3.295443459
3.78724737
3.190967939
3.6382694012
3.199101752
3.305072639
3.378973075
3.443550935
3.555671538
3.792020769
3.726970759
3.718168972
2.903273134
3.493057209
3.73365733
4.191476139
3.561724399
3.609084342
4.294792357
4.565753224
3.144100219
3.386794155
4.285059469
3.346949057
3.488566007
3.648973307
4.369486199
3.691476722
3.933646862
3.275081747
3.613722747
2.8526694925
3.7769714264
3.676123609
3.6808932032
3.2852923356
4.154763634
3.735921207
3.010156349
2.850776261
4.269763806
3.709055887
3.657515336
3.627593272
3.418480768
3.753229407
2.806600294
3.491312559
3.014000385
3.571524487
3.508392769
3.78498479
3.414533278
3.395547719
3.772007455
3.901211572
4.165169239
3.744105115
4.1351450398
3.535014166
3.8008549244
4.301590552
4.394197539
4.158230462
3.224023982
4.1236783124
3.958549212
3.627358447
3.784998209
4.419685238
4.002827774
3.489327382
4.647949431
3.209468203
3.718306199
3.325863216
2.890574639
3.314701962
2.537733849
3.168775374
3.8575014921
3.083519476
3.330352271
3.637317239
3.524239231
3.658748029
3.49447480125
4.0425941582
3.540998447
3.841969369
3.293953487
3.436745069
3.2715589712
4.243015163
3.688056496
2.96765331
3.152337957
3.27662941
3.624456124
2.768582269
3.254361807
3.529143245
3.088336903
3.918238535
3.526212066
3.0836610826
3.890873378
3.289621532
3.586839216
3.59875259
3.654967738
3.115783994
3.195575
3.490790536
3.542563596
3.522835896
3.388361095
3.533816375
4.0413295488
3.758795611
3.3669019321
3.560692197
2.711703645
3.801090107
3.8715173969
3.10825821
3.718441823
2.857019715
3.524500023
2.5450790671
4.07917846
3.063325076
3.092345172
3.306843851
3.113065736
3.174247606
3.420667961
3.122492435
3.060155076
3.288253295
3.428979585
3.499866271
3.97167084
3.83723864
2.7354766431
3.18468633
3.157399286
3.426316046
2.8610572
3.59822843
3.451131364
3.0231672
3.12154133
3.120557085
3.490461549
3.909626743
3.368168287
2.94571021
3.194346547
3.239773552
3.40005429
3.301741313
3.168824934
3.386447866
3.13758245
3.28740719
2.752205536
2.83211354
3.207915594
3.63471219
3.026921576
3.749069372
3.24970723
3.51665605
3.188416777
4.132939604
3.44259945
2.6847098
2.751372496
3.630404446
3.12466982
3.87145222
2.844737356
3.427934318
3.175207106
3.334347616
3.427313985
3.281033976
2.560776966
2.970540658
3.78937659
3.126545582
3.151368658
3.454061333
2.855590869
3.929873068
3.382021032
3.444629238
3.479500866
3.650283532
3.566161112
3.957227394
4.399582613
3.157116305
3.43710946
3.101972081
3.84909644
3.062305625
3.053726762
4.093133575
3.498501292
3.614892752
2.90327452199999
3.714609512
3.229971738
2.995692814
3.358228147
3.811301602
4.041128502
3.184155392
3.916687682
3.813487223
3.706714706
3.350782012
4.037809694
4.466785615
3.358044086
3.430117262
4.138276462
3.295858183
4.150133052
2.890829748
3.055352322
3.292321882
3.219532692
3.53334057021
3.876849192
3.139916142
2.974842503
3.554338402
3.263379473
3.793309134
3.451039384
4.231154824
3.023301062
3.249071682
3.654753122
3.470776434
3.925769611
3.589627772
3.512638495
3.236813544
3.693626297
3.368085844
3.507241646
3.776654609
2.898111337
2.6194133077
3.1993128506
3.821515582
4.038379816
4.032393874
3.985587372
4.08177004
3.313439078
4.27713715
3.698307609
3.13720014
4.3862083696
3.946824728
4.1837023207
2.948251979
4.311769962
3.675826862
3.142542645
3.422086823
2.930405412
3.291840694
3.533326499
3.589409506
3.152504292
3.542631962
3.8957214427
3.43615759
3.6999982496
3.335392956
3.496116372
3.770363751
3.8276195865
3.663406948
3.770174636
3.261805946
4.0563270781
3.695632115
3.547589659
3.590175935
3.677242365
3.026206838
4.042693871
3.364748139
3.396234109
3.696817099
2.487549415
3.5134666978
4.313537028
3.877775497
3.5921994038
4.426772073
3.913633685
3.737527093
3.968245861
3.9481894331
3.873889199
4.070208256
3.023295116
3.580790541
3.579338845
3.623601301
3.954477696
3.28820507
4.305223903
3.503286669
3.722285119
3.492372445
3.863400889
4.080494815
3.54654419
3.854752642
4.084204937
4.27412988842
4.302724368
3.822681039
3.307010829
3.2195798804
3.34232404500001
3.362454062
3.2501749489
3.778692175
4.2675936291
3.862716742
3.69345558
3.6870679316
3.564204222
3.8032769882
3.349167429
3.860429379
3.314165825
4.4065962076
3.639737019
4.833096533
3.935009781
3.712975158
4.350306527
3.5914623535
3.56927821
3.90838487
3.311406637
3.3592469591
3.700348782
3.4369376453
4.79640935
4.218294839
4.035526266
4.049078933
2.857701519
3.71801408
3.2235460802
4.030672228
3.871202685
3.885610839
3.751988079
3.910010683
3.485919614
3.300624242
4.406252607
3.065520123
3.941061392
3.069608765
3.554334258
4.030119081
3.7310163024
3.387098399
3.572650825
3.500801649
3.730827244
4.535792545
3.120195961
2.985257819
3.669995672
3.61348165
3.531730486
3.071025444
3.071173804
3.650637484
2.655429354
3.516427594
3.994678444
3.408112914
3.254678774
3.382517096
3.253980721
3.565471984
4.036465714
3.445267314
4.012147684
3.807572309
4.0015860642
3.916263994
4.311298465
3.339073194
3.789856983
3.239005834
3.859651788
3.44210279153
3.7720210361
3.0175029424
2.939536736
4.465482454
3.22412951
4.177844415
3.944744874
3.316348984
3.572445914
3.055679491
2.656384381
3.888774016
3.781313609
3.7909199463
4.144080004
3.096079227
3.426131607
2.964082496
4.209263344
4.284363614
3.379250483
3.197476424
3.314627554
3.331436876
3.805047304
2.763029965
3.579558474
3.827616166
3.792861086
3.423559244
4.124916145
3.359350626
3.353103886
3.789157854
3.215694654
3.800510943
3.608582935
3.96859933
3.333296374
4.039984864
3.0713880396
3.491311094
3.197807544
3.355958571
3.289258434
3.558413304
3.525711634
4.401411554
3.7806784603
3.503810726
3.002917909
3.368528231
3.832566454
4.296138354
3.397602386
3.597996523
3.283997106
3.7261638219
3.6749531734
4.129111824
3.699985524
3.779727094
3.557673054
3.873098238
3.337668558
3.745160974
4.0901394211
3.534308754
3.751318554
3.355567054
3.616527274
3.75619872
4.299369874
3.601733701
2.918427194
4.09083014
3.236094134
2.934873417
3.236841597
3.120439616
2.560625253
3.689555802
3.234380209
2.801066483
3.576816229
3.205014597
3.0377080235
3.485375472
3.143252175
3.326387925
3.0492828156
3.241883641
3.941204335
2.818521659
3.336081505
3.434145917
4.667809627
3.263117334
2.8816669213
3.235374843
3.758574202
3.252771137
3.734567442
3.425682289
3.040142318
3.4723652714
4.233432397
3.777312897
3.449731238
4.228187202
3.215595088
2.895461603
3.053945662
3.892064854
3.829674069
3.211520197
3.062405058
3.194984662
3.574319354
3.532600737
3.569158753
2.632115768
2.8574473721
3.634798367
3.939857627
3.143588018
3.406752147
3.630495364
3.5958142716
3.600001777
3.882025708
3.102967213
3.833093033
4.110387337
4.141803007
3.065883673
3.100268982
3.040312252
3.382541177
3.3084182128
3.085679167
3.567919693
4.022889227
3.7286149665
3.767775483
3.199742042
3.504204317
3.770815708
3.078603303
3.747235688
3.294205932
3.416806167
3.362211292
3.702634907
3.208859014
4.087717586
3.294061232
4.184949911
2.569274164
2.717258652
3.48698117
3.63051001
4.164780805
3.576823607
4.403998504
3.476231182
3.504057218
2.94626073
3.254223097
4.034045487
4.340697677812
3.00871981
3.263753277
3.586082385
3.258182447
3.317812253
3.463798798
3.104175057
3.679420438
2.785704165
3.456957124
3.615165367
3.385771257
3.109793299
3.684255227
3.313353647
3.334953742
3.095521467
3.118066797
3.605732354
3.378701017
3.237328817
3.196867507
3.39133028
2.998626732
3.385022927
3.76125148
3.34699955
3.010542207
2.593256197
3.486748067
3.119036159
3.637529197
3.193376467
2.601229297
3.508276317
3.530419545
2.564659832
3.251840142
2.750835477
2.863999397
3.071577003
3.178040357
3.4227353016
2.759713934
3.699218267
2.775470214
3.021301264
3.684164643
2.95141306
2.798922086
3.353187666
3.034687607
4.1935798839
3.224435591
3.205018267
4.001944715
4.185595957
3.187756673
3.275417907
4.0163370093
3.846713997
3.1255646
3.797877667
3.246906777
3.9267148954
2.9461806588
2.932264419
3.049904455
3.334230643
2.750675378
2.8536119388
3.326402677
3.401015697
3.025905897
2.864643817
3.605857803
3.593443608
3.844719549
3.985898194
2.93797745
3.331740067
3.457634987
4.261003617
3.3554402
3.3652885863
3.67384678
2.855595355
2.906270272
3.507867527
3.273916611
3.517073937
3.032196443
3.410418027
4.131207406
3.253077647
2.922471407
3.181914257
2.8450547233
3.064914712
3.134034057
3.291788363
3.375651467
3.002033969
2.968266667
3.284459194
3.072897961
3.081471031
3.647891004
3.61212654
3.714319143
3.772891919
3.990114253
3.360176478
3.76907882536
3.297086861
3.400736809
3.672562262
3.986326815
3.598028819
3.43306065
3.726863451
3.067703666
3.55005218
2.96165387
4.121648861
3.1413004998
3.704893281
3.778131831
3.470111921
3.823696122
4.360131816
3.137979128
3.707766097
3.704335169
3.106042398
2.948702253
3.655206143
4.121943113
3.197196447
3.20726344
4.17688271893
3.409645196
3.506201292
4.0212188638
3.902320552
3.412401765
3.204256396
3.362496722
2.9877584531
4.184696348
2.99496414974
3.610300452
4.1135462824
2.551892658
3.659525873
3.3236335132
3.477457084
3.497332178
3.79992803921
3.618639242
3.78756486
3.582240186
4.110544229
4.0327563054
3.812945751
3.639983346
3.273515012
3.519503051
3.13286789
3.781021573
3.942416743
3.920291996
3.9753784901
4.081341606
3.581318909
3.980213539
3.726772899
3.5931206257
3.362360309
4.2018200591
3.769003565
4.156102126
3.679346964
3.425384281
3.214934111
3.180038337
3.4645069147
3.714035123
3.4225301197
4.272565247
3.110851115
3.530772526
3.631705707
3.199409207
4.112770676
3.960182946
3.656741575
3.76703606
3.265212948
3.406374553
3.576231883
3.637451169
4.3134731087
3.379945176
3.05770811
2.6512931186
3.951750667
3.5368659321
4.132307543
3.801604723
3.958496401
3.645187785
3.807866059
2.905903653
2.909047091
3.353164233
3.665163749
3.214427523
3.687890127
3.490574285
3.798159189
3.560569189
3.352017689
3.130919749
3.787271754
2.806147043
3.18267024003
3.638702029
3.174148644
4.035311345
3.4712140365
3.90361615
3.764280609
3.194790149
3.6131476781
3.889540133
3.671183883
3.5760257268
3.516650619
3.090275541
3.4428386
3.277662466
3.034094378
2.612928562
2.977344397
3.445659441
4.036236314
3.806457969
3.70568781
3.7307011552
3.0903876351
3.7538738592
3.795048164
4.502852577
3.001046895
4.021310975
3.2087995976
2.802105968
3.061110343
3.482666366
3.525769001
3.409908159
3.334299578
3.192567004
3.224177602
3.971210333
3.61181789485
3.1678871401
4.158124791
3.322322219
3.597439399
3.278662629
2.824765753
3.487298615
3.4049850199
3.598285031
3.285755559
3.7267894506
3.425675295
3.896648466
2.968175598
3.127680753
3.84294359
3.85984688
2.657393827
3.5366043826
3.195054184
3.681294559
3.159335943
3.606419503
3.580690357
3.416164343
3.593184957
3.025978432
3.855070657
2.940863939
4.366171517
3.493101849
3.325175843
2.824057084
3.7494762922
3.741392321
3.837857404
3.392383546
3.433409395
3.9082346863
3.29436216
3.627369337
3.343994224
4.005388889
3.394976993
4.292501827
3.636874937
3.514306563
3.631561063
3.503577547
3.949397197
3.693594305
4.359223127
3.659945587
3.902357291
3.46539642
2.670609147
4.183429697
3.310113823
3.653199081
3.544443997
3.102713537
3.923656447
3.8868975485
4.030642927
3.663327137
3.713122199
3.434404967
3.275196282
3.846497033
3.542194023
4.160916518
3.733108874
3.470551509
3.6275747892
3.9847938395
3.981105537
3.81870424
4.258313267
3.530049429
3.797290731
3.010918703
3.369286815
2.991976213
3.713224629
4.025046888
4.472037659
3.685881241
3.418373017
3.046315349
4.218464497
3.158839057
3.1050566028
3.700869277
3.417570839
3.739266487
3.936732147
3.224198309
3.610446295
3.691410897
3.642775302
3.758915121
3.568236297
2.987039815
3.706021617
3.451699379
3.727872292
3.335178931
3.55900317
3.772526105
3.108592007
4.061069448
3.202596997
3.025902175
3.333371581
3.771087447
3.168024147
3.400682747
3.874712537
3.182582167
3.826580451
3.296201066
3.827407877
3.858791167
3.171048558
4.024983467
3.693577445
3.918883017
3.2701079967
2.896235797
3.8831091063
4.027181438
3.771873231
3.7199213074
3.434197578
3.267991045
4.224705361
3.562893567
3.431523532
3.375984253
2.940263985
4.091764699
3.2057510766
3.414143088
3.27143666065
3.61056958
2.69348411
3.273030077
2.99157248
4.078024356
3.00639257
3.343505892
3.964290837
3.493200684
4.66462781
3.26949843
3.6701960255
3.464460986
3.64483605
2.8411153
2.967368888
3.38584699
3.4759912824
3.20228751
3.981510895
3.745949028
3.150939328
3.260812146
3.674835559
4.243597861
3.303371115
2.90094364
3.577015491
3.386274731
2.7019528232
2.968220989
3.771909513
2.9815756
3.553197192
3.53236892
4.034460188
3.751455642
3.015057105
2.950132521
3.56388057
3.294078687
3.407944231
3.227123548
3.39369479
3.36633347
3.946488544
4.003624003
3.561798337
3.1742222057
3.41394115
3.924445558
3.83131489
3.80611956
4.191865927
3.038004868
3.326191981
4.46025409
3.191019242
3.126626209
3.36690469667
4.040735123
3.1429477143
3.36805533
3.52100175
2.964468567
3.17796190686
4.082522408
3.24000126
3.662721681
3.758269146
2.6086805365
3.799561255
3.18617244
2.875263
3.261727753
3.4842804121
3.312011531
3.198553834
2.82110868
3.86720315
3.12118698703
3.0871372089
3.64704856
3.659645453
4.043258617
3.293274684
3.476351645
3.492685279
3.67481145
3.12168865
3.36829638316
3.87649729
3.57015558
3.673950781
3.13562612
3.376452757
3.679720402
3.704855733
3.679424055
3.128106354
3.711323177
3.4404856883
3.249580248
4.041879467
3.487949927
3.276645008
4.047069742
4.124396698
3.919989568
4.112606172
2.680198713
3.948224688
3.958668701
3.8602640137
2.794094598
3.655178734
3.233620427
3.6804891768
4.005712682
3.336773778
3.253752983
3.228126862
4.099891738
2.882511362
3.699650085
4.008814048
3.867746228
4.181960987
3.456412608
2.8570475743
3.380322372
3.817628128
4.401303023
3.951619577
3.542114014
3.584602776
3.516005477
3.17659003574
3.77172108
3.8061373124
3.5128724
4.037295337
2.910847228
3.277453407
4.33489664
3.151139432
3.431696582
2.939863768
3.7487266235
3.362732862
3.4228129294
3.812964366
2.582931668
3.358245234
3.2448334253
3.416077072
3.880138325
3.267332581
3.364930258
3.083311709
4.131311978
3.783910564
3.254711344
3.6918358463
3.985671512
3.057020397
3.491293069
3.745069228
3.346700509
3.5276944869
4.338997618
3.367046438
3.358909248
3.794341558
3.264438868
3.348610803
3.939195668
3.473855369
4.17026397
3.720316673
3.274415267
2.956384903
3.0787625361
3.139225939
3.4403941258
4.493081348
3.982734428
3.616858373
3.114233734
3.166030282
3.704052411
3.4164954574
2.703882299
3.438904062
3.35993864
4.212404852
3.797342496
3.794313987
4.074831277
4.253860904
4.0879027437
3.655071747
4.434366403
3.929811837
4.24399801018
3.809028447
3.907388039
4.519073127
3.238337167
3.462594543
4.288505437
3.295245607
4.070258035
3.291420726
3.260423518
3.8498450498
3.9018744396
3.629863827
3.921857757
3.225201379
3.653547089
3.2666464759
3.764084873
3.697355241
4.52909201009
3.033585323
3.8702663161
3.606643147
3.364584787
3.492478067
4.076910983
4.422918087
3.505910685
3.843907752
3.725952993
4.109896187
4.1276045302
3.385129407
3.480405933
3.2172793021
3.710620587
4.112469073
3.232345961
3.477820795
4.200269249
3.473595418
4.432962651
4.334370569
3.678386114
3.613070407
3.940872087
3.739501287
3.880474971
3.804444893
3.940153417
3.8214821699
3.609489037
3.417696146
3.886553427
3.930978406
3.2745703911
3.867236116
3.641312102
3.960915767
3.006496417
3.931842472
3.44091048
3.741671946
3.0212037186
3.75309811
3.209560277
3.21029172
3.94159863
4.008653655
3.249359702
4.388159053
3.629169147
3.649791157
3.496772517
3.866041793
3.83693711
3.718781006
3.76513468
3.769378017
3.956218725
3.633491924
4.011771461
3.818899247
4.0732144569
3.756715278
4.025327719
4.119801117
3.697203585
3.85140867
3.930090557
4.0104170338
3.061607433
3.216264093
3.8240506
3.4063727275
3.38566214
3.418056784
3.41099798600001
3.520896788
4.0324169
3.027151093
3.5158512495
3.720597274
2.857700823
3.885352489
2.77589152
3.624934545
3.128521475
3.145912132
3.4550903159
3.65411931
2.90359838
3.47657932
3.6918987846
3.986464567
3.42613992
3.38222457
3.872050385
3.2353881975
2.77392578
3.2636909494
3.599142488
2.82093237
3.499602071
3.25132127
3.392710474
3.001237617
3.595404005
2.871155317
3.117873487
3.484198204
3.049455526
4.448493831
2.845199565
3.766484204
3.333962056
3.70267696075
3.746557075
3.26642418
3.196012383
3.192090137
3.33286951
4.004836247
3.378105538
3.44678742
3.70947159
3.64686699
3.8761649515
3.783671121
3.75022824
3.18843442
3.26054619
3.60653454
3.886456405
4.14332262
2.866963126
3.81928269
3.0904459
3.14063580169
3.730223754
4.135594836
2.9635904
3.83569916
4.05879548
3.27608804
3.37025225
2.92029344
3.381683829
2.60330908
3.3766628
2.949724474
3.4513273
3.58764883
3.406759363
3.351309871
3.212876791
2.81548048
3.196996031
3.218037625
3.76541089
3.9396695132
3.016426212
3.3462018524
3.615869637
3.334387867
3.99958293
3.548443177
2.981674315
3.424300543
3.33759758
2.715928247
2.92969466722
2.217064624
2.876291511
2.861284181
3.051628602
3.373433249
3.32993062
2.695806849
3.448992603
2.840826199
3.556797761
3.134463169
2.952323259
3.137019499
3.061399783
2.957769969
2.86545572
3.183215681
3.214095366
3.216415639
3.450206678
3.316395848
3.3872380712
3.216687939
3.241122069
3.097662656
2.728155461
3.122029871
3.104777713
2.665007179
3.176847438
3.630459689
2.747693431
3.080740891
2.937637056
2.761944721
2.577437769
3.150479478
3.339323969
3.111156429
3.335572821
2.864290735
2.366634651
3.178505136
3.406189009
3.856550859
2.600795439
3.223728224
3.355205644
2.799392365
2.9704030967
2.749240378
2.99312116
3.476764935
3.382506249
3.217849645
3.087295431
3.3544585477
3.242058904
3.627148859
2.321745354
2.534902977
2.569852101
3.157938223
3.352853462
3.137337885
3.287722169
3.374593169
3.096018701
2.945695869
3.417558321
2.939602049
2.947696901
3.161372779
2.684938539
2.9183044332
3.470051201
3.111356089
3.802028959
3.370504614
3.202884909
2.33420041892
3.633215377
2.735643267
2.923584778
3.0902768602
2.981963699
3.682861549
2.6084214068
3.0925294755
2.717876869
3.505599759
3.155534346
3.6685213463
2.796549518
3.279468024
3.395966979
2.816700369
3.344449389
3.825424385
2.379662035
3.71807161
3.72512295
3.027537168
2.958312223
3.301401752
2.904552731
3.188335244
3.693179333
3.949374619
3.391768481
3.91632374
3.708358416
3.4318741759
3.50981811
3.983470016
3.032001186
3.440311796
2.8494215085
3.440701812
3.7757021952
3.0315341902
3.237239186
3.377740236
3.7849515005
3.192530702
3.4070493681
3.625202896
3.239869223
3.1646023623
3.601125389
3.8035958
2.8782560749
3.792111037
3.16394145
3.8172391973
3.407003593
3.659643245
2.56487010592
3.982355617
3.523796952
2.566608858
3.777253161
3.070434466
3.794536661
3.39341982
3.328932582
3.3384560163
3.27823633
2.409051533
3.766852972
4.0115957575
2.937903345
3.356391752
3.2319837875
3.143026301
3.0747431218
2.97143889
3.253893612
2.908903611
3.4382807328
3.112552803
3.110538757
4.07921772
3.15595367278
3.18522352
3.4049292485
3.5308835316
3.2492924283
3.756672419
3.509707913
2.692464575
3.125490954
3.685891577
3.87147795
2.974679048
2.61447214913
3.0686806438
2.356789629
3.0109492617
3.562298878
2.895346215
3.7305124884
2.811471017
3.249276872
4.02504731
3.419674213
3.399479436
2.8809640543
3.119780821
3.452446812
3.0479496
3.127185609
2.850903179
3.6830197382
3.102859019
3.663280681
3.395145485
3.4944538043
3.725007548
3.569864225
3.743827999
3.556558141
3.759560613
3.672420366
3.695064099
3.875116953
3.524176903
3.146918056
4.050217138
3.600295132
4.353627713
4.0595385783
3.523037647
3.715841844
3.466967572
3.393023151
3.825428557
3.893130788
3.666014963
4.150161263
3.979212688
3.939712703
3.269743802
3.373215767
3.591245852
3.511432083
3.661307454
4.477458197
4.077478743
4.218625256
4.386615793
4.478365384
3.666211677
3.133794877
3.710503429
3.381296423
3.48099121
3.743304094
4.369220028
4.440171232
3.686845767
3.6916041785
3.709647013
3.766414741
4.276863843
4.229604433
3.535045334
4.215670064
3.978348597
3.86207609
4.035914413
3.288173043
4.339989245
3.526929729
4.08631137
4.159758478
3.785115088
4.045910105
3.87105625
3.97705874
4.462411643
3.454491872
3.57248067
4.166222177
4.22050173555
3.869963053
4.382213478
3.967912163
4.061854555
3.463644518
4.168580393
4.713098043
3.81559544
4.122796034
4.25643306
3.481972003
3.734007558
4.203331205
3.591454958
3.849137562
4.180839733
3.811967242
3.6144127115
3.695602953
4.139024496
3.5628537083
4.322446131
3.833885239
3.641293072
3.539605129
4.130735371
3.606883346
3.7886269853
3.783163508
3.080454363
4.599496611
3.797410145
4.260124582
4.265709451
3.9442276015
3.77670276
4.161176381
2.957647659
3.274691191
4.049659751
3.256768255
3.102871981
3.927037921
3.365631786
3.481254927
3.302450243
3.065774932
3.485028189
3.027494241
3.358420559
3.715296699
3.680719841
3.5062796531
2.889548489
3.808134381
4.12077282
3.864666428
3.496593183
3.73617217709
3.1545885556
3.160399745
3.6705141548
3.917625811
3.927990171
3.7881387454
3.6437669664
3.771637606
3.240707961
3.042719641
3.629064591
3.1455903938
4.061875352
3.627580906
3.509273679
4.065446121
3.590005557
3.8347098131
3.706806541
3.66127668809
3.370324911
3.749003051
3.728312954
3.359379916
3.8845118922
3.555499547
3.722235341
3.995479111
3.675678861
2.895751211
3.673063649
4.118761704
3.416531816
3.422341636
3.046165229
3.888837001
4.267982863
3.790472731
4.00685219
3.812468764
3.8475143403
3.681671257
3.129665029
3.481045593
3.64593386
4.418068302
3.408618218
3.120824841
4.074528471
3.395772008
4.520834611
3.260668918
3.877462134
3.984010751
3.337404898
3.755699637
3.521850281
4.071961241
3.018391842
4.2975406561
4.068390591
3.801600334
2.997880239
3.577191991
4.117635701
4.439595893
3.414410799
3.630964271
3.7112519459
3.623540159
3.9180794268
3.4914873155
2.959950761
3.717987601
3.378294631
3.356001827
3.494036651
3.127239328
2.958199942
2.842046311
3.216762401
2.813614683
3.616766714
3.944623146
3.481491642
3.803071357
2.930895703
2.838837173
3.062632918
3.9597404306
3.256270296
2.885183724
3.490214326
3.512898356
3.447322806
3.363055067
2.701072338
3.742846153
2.921267608
3.605546122
3.120915892
3.628419093
3.037972042
3.0414583284
4.010790692
3.1604168946
3.590109024
3.7508410595
3.326879097
3.442233346
3.364741577
3.564687522
3.51673853400001
2.971036643
2.890287892
3.388162007
3.859299027
3.312752973
2.828066013
2.949227153
3.967351262
3.190360062
3.101972733
2.9171306869
2.945805933
3.443947913
3.719405417
3.120404767
2.563350027
3.55184049
3.380652953
3.423984906
3.3564772433
3.298380717
3.56353488
3.098595512
4.164686247
3.614110369
2.971974238
3.46159113
2.916509457
3.389785246
3.186500954
3.359186585
3.621426197
3.253019454
3.572143177
3.410777627
3.702691687
3.326930227
3.068904897
3.622692677
3.135017271
3.260966007
3.743466841
3.41796983638
3.64392139
2.9002442677
3.9335472055
3.732757405
3.329415887
3.3914101021
2.620535057
3.148384403
3.711434691
3.945601712
2.7105992643
3.003958792
3.474911632
3.546087388
3.503610428
3.448531353
3.350953042
3.820410642
2.898222322
3.266422548
2.682906996
3.232554657
3.104235976
3.453941191
4.133757823
3.2174684833
3.231310023
3.182406058
3.529085237
2.640417927
3.564006068
3.103657702
3.590602413
2.681605394
3.2643467184
2.790733362
3.489608172
3.413862229
3.370527312
3.229769693
3.162555018
3.48763339
2.976404021
2.775311057
3.315746202
3.519581068
3.553826709
3.273012985
3.080948676
3.304053628
3.409052072
3.3040428016
2.94592229
3.531089021
3.081381723
3.6154293954
3.528054153
3.2369620671
3.411322518
3.150113998
2.971994742
3.570500435
3.484091798
3.317668702
2.67609039
3.117536162
3.83873523
3.351679168
4.096519703
3.235949878
2.709097742
2.982073227
3.198344932
3.367312408
3.935939302
2.848460708
2.9833740889
2.964204438
3.200941098
3.162899075
3.54692504389
2.963354433
3.8554399489
3.355522812
3.5025979526
3.23804175965
3.2849158903
3.175149208
2.836375718
3.704219472
3.070236118
2.523231988
3.611374038
2.774249418
3.003180457
3.177398348
3.321616892
3.34490584
3.309808288
3.337539452
3.008405052
3.648969962
2.94840999
3.440335552
3.153368573
3.004368928
3.706025732
3.118350628
3.46675405
3.527679633
3.963812948
3.206064832
3.297966778
3.524449998
2.963763032
2.991003305
3.544083017
3.525636048
2.8966160747
3.398723952
3.089488112
3.507555562
2.882618618
3.295537336
3.657461698
3.407895732
2.729948308
3.711788659
3.348896192
3.580199812
3.300514853
2.764414442
3.484245448
3.083023618
2.979366912
2.733106886
2.847097177
2.730546358
3.865573262
2.978295438
3.303632742
3.559970648
3.335485835
3.624754062
2.913549336
3.531567832
2.97186976
3.532129971
3.079417913
2.569077622
3.664366368
2.948524048
3.406478218
3.148431822
3.270997653
2.698875312
2.834973111
3.222367768
2.428348938
2.825664272
3.2432340958
3.317022158
3.198748248
3.741677342
3.332565878
3.470669142
3.840304182
3.455646514
3.634891962
3.288382941
3.135624018
4.088770432
3.165266042
3.601515108
3.671351822
2.942618202
3.310530908
3.488371814
3.561876782
3.275901168
2.9458392474
2.950499768
3.894586429
3.639256308
3.026800391
3.512289362
3.249910258
3.1714611385
2.9162743
3.520784518
2.520690678
3.474241102
3.239973828
3.468962717
2.9608817135
2.911323298
3.778045035
3.342938632
3.3436778251
2.880652322
2.989506224
3.6854344226
3.747212158
3.80982563
3.48696742356
3.458386322
3.222348247
3.264232408
3.507019062
3.997355772
3.600558488
3.761591582
3.709452602
3.292086418
3.664853948
3.442634962
3.459518298
3.349883732
3.217253278
2.988734631
3.53104935
3.872736028
3.291332021
2.764832625
2.708175153
3.0904659767
2.6973244565
3.604392897
3.616899277
3.303053319
2.98080005638
3.041562202
2.788598452
3.5820729912
2.91614764
3.742967933
3.062962978
3.68430714
3.146197822
2.501178501
3.09977888
2.648497958
3.154806154
3.477545911
3.3677239
3.120441154
3.19957542
3.292895159
3.421597422
2.597010739
3.7527428271
3.208497454
2.527867538
2.993713571
3.176010177
3.220101779
3.781814926
3.095086573
2.732599387
3.202266508
3.670286864
2.815050244
2.839154905
3.228990005
2.820331792
3.049874256
3.635630483
2.934997368
3.587983212883
3.09471493
3.308804626
3.287850106
3.485959908
3.652655889
3.413753326
2.613800848
3.04078827
3.132741591
3.472160177
3.665797472
3.347238313
3.4742131023
3.103213478
3.253197664
3.124861011
4.189355111
3.654843013
3.3974144975
2.620320214
3.334055797
3.296495921
3.756445339
3.345365945
3.228133625
3.1656599519
3.805476694
3.202979676
3.226357809
2.912850348
3.482631013
3.580053253
3.261816364
3.075354142
3.385843729
3.311774032
2.8863196685
2.749331487
3.197144022
3.636495882
3.153729844
3.282837954
2.9084011962
2.880627367
3.421852233
3.588488504
3.605661318
3.300077808
3.3320081215
3.1950011522
3.529899764
2.921288807
3.4197326846
2.918625619
3.44153658
3.7637647434
3.6687805634
4.160574177
3.314675512
3.572282594
3.290697993
4.061701068
3.633437807
3.4506662409
3.29681039
3.273248603
3.755384564
3.365826669
3.716158783
3.639625772
3.089402522
3.276915992
3.086136334
3.7239401044
3.362042424
3.561434923
3.488411689
4.119091514
3.494799464
3.1592296305
3.583770201
3.090945134
3.424356897
3.659097205
2.658778239
3.885897945
3.43365107179
3.05802693
3.905104816
3.709917844
3.512774423
3.14649024
3.64420547
4.1318120718
3.111343212
3.533248724
3.0946401494
3.005803847
3.121766596
2.909050885
3.996684574
3.599090864
3.9293060743
3.464867573
3.1060796878
3.6870496905
2.89038549315
3.729627461
3.678999517
2.906564594
3.734675331
3.571489332
3.033801829
3.014455472
3.229940071
3.702147576
3.413076023
4.052678142
3.916459256
3.872900945
3.322881199
3.7352869935
3.5703378003
3.75202277
2.987163478
2.807464133
3.035362864
3.285269144
3.6194755053
3.452201389
3.083471517
4.007134419
2.899755286
3.216462854
3.411715212
3.134675346
3.0283255881
3.773586821
3.475575269
3.767844688
2.816150426
3.420044804
3.801795191
3.582669047
3.568214252
3.57649547
3.164410389
2.911409472
2.811041388
3.036324178
3.5057865014
3.42944455
3.338976198
3.969650372
3.8050721604
3.481267487
4.0027934678
3.831403898
3.2855862486
3.516404152
3.469550234
3.743514682
4.149164271
3.631347709
3.611711271
3.373022841
3.13993517
3.258500898
3.090822636
3.539476121
3.411023315
3.2628864037
3.067588633
2.725137935
3.320336849
3.429975502
3.1431281053
3.200661908
3.771129061
3.615917242
3.975790849
3.906264822
3.233325633
3.921473667
3.126427084
3.474117196
3.188058037
3.361050103
3.560371784
3.497567082
3.206597746
3.0358913587
3.8248738107
3.461075664
3.3057215092
3.293265373
3.46358035900001
3.720643244
2.849267796
3.6101975449
3.2398060868
3.8867807952
2.9218475
3.4196369986
3.4880079
3.6083316625
3.22408507
3.507361751
3.31995461
3.212322466
3.4142224472
3.499219752
3.716264656
3.800571548
3.239172775
3.5280318459
2.515631514
3.204488621
4.259319476
4.074685245
3.5857031758
3.5548616
3.159140225
3.131668316
3.444316451
3.626852028
2.763849117
3.611949813
4.007526035
3.394049001
2.60770972183
3.158840671
3.712349101
2.910205795
3.2529002637
3.4419463823
3.652762151
3.7395093108
3.375926829
3.712668558
3.4576981906
3.359291223
3.2610833879
3.96587643
3.600116819
3.662994412
2.9204607039
3.591314226
3.3736585605
3.1832468782
2.9390777652
3.6461182992
3.7007129832
3.1181333392
4.1055377532
3.7003049692
3.0809458802
3.5352729592
3.1176414952
3.3854446108
2.9362841002
3.5074567632
3.2673571982
3.3271942652
2.9561146352
3.5659043892
3.1656800238
2.9588014152
3.4286947892
3.1108045984
2.9468923608
3.9063844462
3.7352713092
4.0602976442
3.3489945792
3.0524248632
3.5447645302
2.9839461742
3.2979252972
3.4797555908
3.0699489472
3.3993829792
3.1210690622
3.5105823692
3.5467873552
3.3807880032
3.2475134442
3.1379196692
3.5500124182
3.3044567132
3.5135916432
3.1547914662
2.8983850008
3.4582730792
3.6914677922
3.5445139542
3.3421099692
2.817264547
3.4753037912
2.9881782822
2.4117261692
3.1269987862
3.6403782612
3.6013596972
2.5735361798
3.496955146
3.7933099672
3.7765654292
3.4964918032
3.9047825452
3.4051712622
3.10313250680001
3.3413458702
3.3714462382
3.5325916298
3.0638158452
3.4124150422
2.9205332752
3.3774689542
3.3847656852
3.4140833142
3.4940196452
3.2005999092
3.8828406692
3.2473356952
3.4313488652
3.5630014352
3.1054715432
3.0403089392
2.8908958592
2.8804127552
3.2127885785
2.9560917442
2.7277857762
3.2255891292
3.1799876468
3.1540393402
3.1592202188
3.8769898672
3.0751067202
3.4390125492
3.4122726092
3.9934341532
3.7542917132
3.5193514592
3.8691997948
3.1535984632
3.4571946172
3.1633791142
3.610040131
3.5714689275
3.231487992
3.024960055
3.583007788
3.488394519
3.397221365
2.759810775
3.223008744
3.42649037
3.252410935
3.703432424
2.8518943035
3.418855456
2.866022802
3.9438503715
3.028404906
3.547388454
2.93194212
3.226277318
3.362511032
2.720106405
3.3419818944
3.234790555
3.176696805
3.428535445
3.258962465
3.545015206
3.352940491
3.132520239
3.434411435
3.198382364
3.076688882
3.516582689
2.8620233977
2.838089915
2.8208851497
2.415994306
2.914498738
3.422217001
2.693408175
4.065749825
2.9149502324
3.370896238
3.424451522
3.409042015
2.990238725
3.253038072
3.054577444
3.470458457
3.5607352326
3.1955572302
3.104295423
4.216445839
2.5582080489
3.879731752
4.0098848788
3.126899579
3.512560318
3.525792528
3.512312731
2.851832975
3.54463701
3.086285823
2.673628661
3.305223265
4.069858925
3.577634759
3.2978228946
3.069347295
3.420731837
3.187502299
2.766471775
3.453234084
2.7986445394
2.956092243
3.17939409
3.68710349365
2.672284908
3.512360535
3.40532307
3.345759745
3.241962002
3.660397362
3.600064662
3.779784292
3.069736025
3.423110704
2.925116275
3.53915127
2.847749689
3.755525068
2.453545493
4.094702649
3.108293885
3.042311205
3.730944442
3.0963703
3.264690466
3.878913091
3.728800944
3.818266924
3.598743117
3.405955219
3.055352057
3.953241377
3.472965882
3.427739448
3.389861951
3.868081982
3.819967357
3.340134829
3.464659183
3.253464423
3.851897892
3.681748292
3.137846495
3.790988171
3.069214477
3.713689059
3.462562737
3.481753143
3.811844982
3.234629397
4.148974031
4.270405937
3.855712937
3.124773807
3.749865497
3.305629247
2.69279358
3.2143886
3.652170077
4.291462827
3.223599558
3.622940727
3.485417921
3.455605764
3.261806637
3.236069177
4.258068137
3.279420784
2.9351488775
3.727025258
3.45850381699999
3.834924287
3.6698235996
3.591161668
3.4685994787
2.806473235
3.674691954
2.754171747
4.589249972
3.582911007
3.534192776
3.620863527
3.274721146
3.124926932
3.352212617
3.558726403
3.535282486
3.486679777
3.081645775
3.84692373
3.424493693
3.872260329
3.084698139
3.764488147
3.5682367506
3.404257322
3.32535231
3.489469697
3.665790652
3.930822575
3.844150108
3.265163124
3.837305627
3.344530984
2.937126516
3.140964902
3.468281852
3.466459264
3.259690797
3.53915741
3.927167275
3.729481097
3.678309093
3.735048447
3.033842757
3.528495186
3.704196217
4.473993442
4.03023724455
3.8330140618
3.124631978
3.218202147
3.553078423
3.591006513
3.526744733
3.468485702
3.627192744
3.336745581
4.260461289
2.9339275666
4.12279907
3.082622426
3.488942526
3.165031399
3.98712035499999
3.0394707852
3.09705586
3.190888704
4.00376212
2.562669933
3.510903453
3.4617429932
3.095955805
2.73968451
3.370950143
3.417079801
2.783812195
2.971917755
3.358979084
3.489014249
3.547238663
3.231221452
3.91947933
3.357629045
3.635796576
2.958341748
2.739176632
3.451681395
3.422131525
3.320970025
3.7210714785
3.566781766
3.285857831
3.718105864
3.741205474
3.377945053
3.45270786
2.957137691
3.402303427
2.967557734
3.646397846
3.32611326
3.0881123152
3.608711849
3.318203193
3.0901141073
3.24071874
3.27439502
3.6373417355
3.599196562
2.84726209
3.422418785
3.42267909
3.816517966
2.8132503295
3.043944276
3.060480777
3.05984184
3.22124291
3.193031763
2.8616359
3.368721565
3.373174457
3.550332199
3.293584535
2.991414385
3.00297213
3.697933467
3.262462141
3.400963591
3.335464326
3.544803687
3.367745363
4.0080268732
3.32736289
3.091403421
3.29792777
3.1132948167
3.370771251
3.4480503763
2.54301513
3.361273496
3.61049999
3.0756105715
3.718445831
3.70908261
3.435037845
3.599953152
3.049283135
3.87131653
3.70744290026
3.35867948
3.9964752
3.459362136
3.510036516
3.114253649
3.032563913
3.363347389
2.769849036
4.1090627257
3.982714201
3.371410652
3.375531049
3.6833631515
2.697190132
2.593686319
3.214896798
3.446140365
3.7743799092
3.510144056
3.834328776
3.163895937
3.0203641948
2.930748363
3.531300591
3.223859616
3.608556742
2.6619967111
3.1456420979
3.248239795
3.752783118
2.97184522
2.770585528
3.580311359
3.865513079
3.89280783
3.289738775
3.246314031
2.95652368718
3.376739171
3.7558363147
2.604298121
3.0430578012
3.410278321
2.838566313
3.663727652
3.752408689
3.265521061
3.822827712
2.59312246
3.1537510649
3.500597398
2.7841975664
3.764596521
3.368925717
2.960094675
3.042204951
3.613603751
3.054085521
3.152474446
3.96233749
3.9800338245
3.156810394
2.610549311
3.3519107476
2.603773212
3.054424153
3.206318801
3.3812264103
3.078557093
2.705542866
2.762725549
2.960370404
2.999138669
3.064943304
3.424129672
2.847573916
3.415833032
4.0380207326
3.403051217
2.838736221
2.9055970187
3.114549629
3.430071059
3.012200891
3.293980189
3.545231796
3.552742739
3.194458652
3.382431115
3.299082941
3.468180667
3.325564686
3.766702558
4.104293251
3.682047653
3.35657025
3.659053232
2.906076912
3.2448656546
3.180843079
3.3525107621
3.533834112
3.937374052
3.2680351
3.693938753
3.273940054
3.185754738
3.419928325
3.513807918
3.962422182
3.103328694
3.803060917
3.311378429
3.785557873
3.527347066
3.4273339063
3.628316243
3.807425871
3.6737059356
3.471837115
3.021196134
3.552097004
3.533146611
3.606331315
3.316438936
4.022421932
3.414520596
3.174692698
3.319780128
3.866414477
4.262248006
3.681823467
3.40807967
3.3338065243
3.769572257
3.5991321224
3.85903823
3.9516599262
3.569673826
3.2529512039
3.22816288
3.365381982
3.479310649
3.470911774
2.934190076
3.6160519489
2.962228208
3.3286068891
4.010904048
3.6076643232
4.120753736
3.620010371
3.196075609
3.29875621
2.629186618
3.507911403
4.167214868
3.753059821
3.4768370829
3.669939299
3.312287148
4.028811619
3.3719201419
3.252684377
3.626295416
3.381030719
3.692582773
3.522916192
3.6783387735
3.168977608
3.402964957
3.382938228
3.3011832914
3.541368186
3.875192302
3.5893190238
3.3376616265
3.975160168
4.339961053
3.289850198
3.505473164
2.978451976
3.891698432
2.728840293
3.33259882
3.8258660721
3.461561302
3.025100812
3.051084587
3.1895023095
2.92286393
3.599943013
2.425012796
3.2464397973
3.467364822
4.045332826
3.28698324
3.95193334827
4.146028891
3.545259048
2.6665345117
2.750858074
4.392901532
3.59004902
4.084260633
2.9266915675
3.8428101835
3.4238289725
3.4507166715
3.4821575535
3.5853073725
2.9309940675
3.8682530875
3.7417584265
3.2126287865
3.4785083675
3.7041625435
3.4703181705
2.9616491575
3.7392881815
3.8206000435
3.6737498612
3.3087939625
3.9110853235
3.7260047596
4.1004622105
3.9274051215
3.7191072325
3.8824622895
3.0271254225
3.5272754245
3.1044493255
3.6187288975
3.9861472485
3.3516159235
2.7969448125
3.8306741955
4.3395089085
3.5990934865
3.7284555165
3.8138936295
3.9152806765
3.5599935745
3.5242957965
3.1915438835
2.9549207645
4.6115864025
3.7399766245
4.2207228805
3.2314409139
3.0050690665
3.4332286185
3.7487514105
3.4053110335
4.1309034935
3.8335563095
3.9160951765
3.6678212005
3.1887956595
3.5481654455
3.7921928505
3.2821121305
3.6603902115
3.5944785435
3.6178600915
3.6068127275
4.2525124475
3.0771556655
2.7183663835
2.7496333402
3.2896938235
3.7007258427
4.0726407465
4.0495617815
3.6836834675
3.6746136135
4.5848367855
3.8996766845
3.6205454375
3.6870024475
3.8217766635
2.9015988635
3.5252218175
3.7304784975
3.7336415141
3.5388895255
3.4791586485
3.8974984845
3.4787046385
3.1578735865
4.0039660745
3.4348339375
3.9022844735
3.4076839655
3.4338723095
4.1587089575
4.2623777195
3.5675399935
3.5718411765
3.8423535075
3.6585039293
4.5256829565
4.2143363565
3.2123868295
3.8165171935
3.226304493
2.71017674
2.607125253
3.191191507
3.15934121
3.11700251
2.453777748
3.057270267
3.094080564
3.47326507
2.81743873
2.85527975
3.188409734
2.730739164
3.12888227
2.93534861
3.05704445
3.50954914
2.87243731
2.8182146
3.86410947
2.630480351
3.265270695
3.216007533
3.2496216511
3.164820741
2.8906790884
3.1291162077
2.75724442
3.131584251
3.22472728
2.87588064
2.81592582
3.493249482
3.486258984
3.53329552
3.1663881
3.642015148
3.731584591
3.170887497
2.68365284
2.766522001
3.24641977
3.71245236
2.754162834
3.07043251
3.091302172
2.87562081
3.26874163
3.049708522
2.719149458
3.686954609
3.11248677
2.8771547
3.11793665
3.452029928
3.45300277
3.284336134
2.640060154
2.9980154
3.37654971
3.43859698
3.121082925
3.21881893
2.82896224
3.40065733
2.557988288
3.90200607
2.8713456
2.18208539
3.49074261
2.851620188
3.10627773
2.59377156
2.994654142
2.733614417
2.835596387
3.26414735
2.942153001
3.089899634
2.84774998
2.90508585
3.657878641
3.24845249
3.8815960273
2.959114283
3.202321956
3.224660172
3.13704572
3.29037468
2.3602593718
2.657167043
3.787137145
4.02342115
3.43708708
3.930596024
2.96749009
2.963778324
3.228929139
3.32529964
3.234398835
3.648335269
2.634844367
3.734367055
3.3568357109
2.859782785
2.954653749
3.006448465
2.991148915
2.780833455
3.572222942
3.309159531
3.804426461
3.235052912
3.109154254
3.417955874
3.215329902
3.605804235
2.95139605
2.580194071
3.191442363
3.078300209
3.306635066
2.798782795
3.11369919337
2.9363497597
3.328210615
2.978308828
3.002802298
3.319906755
3.013088375
2.953829775
3.178457048
2.829088057
2.982945334
2.6394550623
3.350783175
3.634924634
2.854106265
2.624068536
3.59071998
3.369721167
3.309883317
2.844579624
2.943120016
2.984343219
3.471595405
3.449695855
3.696751835
3.045226031
2.55689212
2.835648344
2.760867897
2.649436058
3.174666143
3.435379755
2.514641467
2.69314666
3.7498721
2.605806002
3.177556955
3.081575565
2.576300634
2.7340788537
2.920589865
3.122683825
3.104339855
2.866044565
3.538846759
3.854179935
3.554211275
3.197599147
2.577951447
2.930793649
3.717831987
3.44842796516
3.020470147
3.112535885
2.753324216
2.607139439
4.196029665
2.967745175
2.924166805
2.957410925
2.572990125
3.373091746
2.6658329793
2.976508242
3.078264955
2.607439839
3.241597745
2.904852615
2.634432485
2.4993690547
2.859152035
3.650886593
3.202743838
3.069946515
3.363778056
3.034082155
3.175661611
3.441462009
3.29944586
3.218124348
3.459269116
3.385690346
3.495041831
3.919355909
3.532010692
3.87507414
2.515368189
3.794982226
3.365687043
2.64114016
2.693040895
3.228755212
3.55436836
3.04491663
3.35703273
3.8076228613
3.343647496
3.5779003
3.26433179
3.292385168
3.662282781
4.289953963
3.35013116
3.24820464
2.62959156
3.010151877
3.325106191
3.60893679
3.919170927
4.15395992
3.845084851
3.5463108
3.555211313
3.62406063
3.41025775
3.0507391666
3.53629113
2.62061378
3.244156743
3.503224466
2.788271675
3.7206238043
3.712070917
3.454719418
3.516873134
3.322993449
4.009467844
4.032570345
3.25624148
3.667087092
2.89910863
3.47568356
3.3592653
2.823122875
3.159104223
3.150400933
2.99760087
3.17122613
3.599871723
3.3488895117
3.834462964
3.065990749
3.62704436
2.95994078
3.034608407
2.884051137
3.217582248
3.6517048104
3.48890782
3.191039666
3.726543388
3.215347153
3.42016749
3.283555543
3.719941551
3.370312754
3.179481691
3.345558011
3.16838321
3.057107942
3.4262966428
3.22270974
3.301893656
3.511906987
3.276918666
3.1693721096
3.0783062
3.626328844
3.59719644
3.912216367
2.86543915
3.700137892
2.89168755
3.08450598
3.82197845
2.93933939
3.22964995
3.164318414
3.1323864243
2.9943781
3.364605699
3.748793047
3.0412343939
2.94557171
3.560606228
2.862163487
3.817693442
3.54831714
3.458132106
3.298615602
3.537126633
3.991997513
3.0967535522
3.288664813
2.967231496
3.267357975
3.320929508
3.495267495
3.673129836
3.521197966
2.9263671569
3.002477893
2.964183907
3.0494683866
2.74751452
2.602762901
3.254563577
3.431660141
3.208055255
3.20000014
2.917736336
3.38094618
3.760448877
3.091567832
3.201343228
3.380121751
3.254532007
2.97539249
3.343228701
3.949187349
3.135229974
3.539166724
2.79531534261
3.2538297158
3.427729143
2.5564979687
3.528768633
3.328487124
3.548133266
3.539003114
3.544020941
2.992589494
2.8066721854
3.554391199
2.787762578
2.716031234
3.601452822
2.915505195
3.339264821
2.760314715
3.388234036
3.471457614
3.189548288
3.004282967
3.5054461
3.725656691
3.335676411
2.862394684
2.997675401
3.1295541769
3.209058935
2.858930687
3.316021924
2.901879504
2.590149196
2.804264078
3.265072222
2.973166242
3.2407952072
2.989228086
2.787953624
2.9091036435
3.221046019
3.5512945743
3.069581444
3.42127839
3.562902026
3.410418496
3.322492444
3.162300701
2.817184871
3.2801940449
3.086400594
3.559501351
3.622076343
2.709123983
3.31230615
3.18429721
3.27824906
3.5674447209
4.09433527700001
3.910377009
3.47607509
3.51321907
4.373428111
3.31071174
3.494414187
3.26752942
3.32024783
3.15803909
3.06419345
3.317369818
3.66559133
3.96130163
3.27100931
2.7573159
3.56210286
3.33367974
3.390249853
2.96587637
2.79885775
3.63373372
3.92626689
3.50403288
3.53982952
3.97402749
2.84673887
4.02756213
4.12720188
3.465827416
3.23393766
3.58952709
3.01569423
2.71141796
3.372855107
3.4297538195
3.066584041
3.09599268
3.62086149
3.43980054
3.52342707
2.84579886
4.081103863
3.191233944
4.31161239
3.15194499
3.50011398
2.916214865
3.37359967
3.50450269
3.675116425
3.818947385
3.738395431
3.576276087
3.248289219
3.3303537203
4.492574907
2.792324
3.145135292
3.567863684
3.3345068
3.06479162
3.08407853
3.27523303
3.35071918
2.935642507
3.91585176
3.300858613
2.99783859
3.21413321
4.00931925
4.196386665
3.5693191188
4.080299838
3.5488435
3.253565373
3.42198466
3.513066129
4.027561101
3.296355342
3.50809835
3.55719886
2.9398479
3.356686646
3.025580112
2.963694264
3.712430059
3.32100714
2.624303337
4.29890384
3.356187299
3.477072807
3.81601043
3.23935849
3.0900227
4.14600099
3.302257058
3.327280546
4.08039395
3.599017762
3.27492669
3.150135978
3.467656643
3.697615898
3.02401493
3.8621611501
3.15398879
2.832527418
3.15326181
3.5693065
3.35405718
3.47704514
3.10657594
3.65687516
3.206818864
3.8797068575
3.337752681
3.027689385
3.31543416
2.93517392
3.34388447
2.63842391
4.0150746
2.98757715
3.44190909
3.32509985
3.42980504
3.08551286
4.33556836
3.180620243
3.6573566308
3.32275927
3.086389601
3.00951201
3.361926237
3.74127924
3.63224324
4.262826473
3.827035286
3.317753444
3.511358948
3.682983903
3.3905854
3.29430318
3.695370144
3.48931075
3.68582273
3.90453206
3.84675845
3.529101785
4.213417946
3.071878688
3.29404628
3.81557362
3.52800192
3.702566919
3.621412797
3.39976481
3.6022404
3.500613221
3.45455924
3.76831137
3.65424357627
3.44133658
3.96035583
3.49524826
3.06860821
3.712570209
3.394995889
3.27335747
2.98000383
3.544415083
3.39795358
3.30133234
3.759946448
3.101986789
4.01876397
4.2963232309
2.140499701
3.27216786
3.045387595
3.478081146
3.153865761
4.282695671
3.414819653
3.225114859
3.22085095
3.82805126
3.5477296
3.444139026
3.722814596
3.88030564
3.78663352
3.79528307
3.85486655
3.28392028
3.8840894
3.433002339
4.11533582
4.232066907
3.30690541
3.869409762
3.5429273442
3.57659989
3.92407374
3.6162512
4.391149447
3.424390826
3.962025069
3.93648474
3.611112457
3.590775372
3.64617887
3.807694285
3.73336174
4.058513316
3.720410626
3.743864689
3.90310247
3.285050647
3.469293719
3.544227176
3.176255221
3.869287721
3.66222447
3.9582999
4.042029184
3.969322081
2.84944554
4.52552553
3.908043669
4.36411257
4.639484983
4.161192975
3.70326344
3.177420737
3.021882249
4.103842888
4.09811172
3.3078982
3.94713792
3.8947902
3.810162411
4.201652357
3.76842624
4.03391899
4.2789421637
4.254657613
3.957098443
3.859122609
4.05680441
3.65969886
3.879911656
3.676443823
4.16195368
3.6698493
3.602980284
3.13767884
3.801003356
4.237704265
3.711727192
4.33585476
4.662268824
3.456366379
3.6443955589
3.67714407
3.28311065
3.448280157
3.76693796
4.02241312
3.588530186
3.28193752
3.50818596
3.67651577
4.36708852
3.4253701
3.96675784
3.808782425
4.01688239
4.21983891
3.91806752
3.469650479
3.676912913
3.948741186
3.788100603
3.82712245
3.713834271
4.2721258
3.67275193
3.805730135
3.865460076
3.833794042
3.648739186
4.21443218
3.49240829
3.822043035
3.41312905
3.02333967
3.08887752
3.19944763
3.62211976
3.30896046
2.943583418
3.3533300305
3.002131836
2.764520191
2.710666963
3.41313508
3.189793733
3.25235696437
3.405273416
3.998373938
4.16699533
3.45638884
2.98484104
3.5348342955
3.2577028905
3.317993842
2.618164707
3.671712278
3.51123691
3.977119847
3.534170344
3.63404238
3.094346022
3.640618547
2.95536055
3.211563427
2.84112135
3.386556664
3.046420713
2.863615714
3.40276719
3.53811165
3.044418655
3.246068993
3.5874062
3.46350023
3.51406152
3.4648423237
3.6510987063
4.27845774
3.04274671598
3.265138042
3.579146031
3.18187032
2.98098815
3.022262701
3.696867306
3.25553934
3.2248441
3.077065244
3.068462792
3.214045131
3.50460852
3.44216053
3.724145537
3.917564293
4.04285082
2.494201602
3.565298609
3.616447951
3.3971807
3.20564074
3.340077422855
3.305987465
3.119435322
3.106488636
3.023262083
3.216394217
3.07883704885
3.47336864
3.182795644
3.421709589
3.237232171
2.92819864
2.939449589
3.121764736
2.988920766
3.625983901
3.38382616964
3.45066352
3.29259238
2.93856598
4.14575175
3.530362947
3.63927695
3.09712837
3.776090329
3.249043756
3.084547981
3.06615516
3.617626018
3.10367709
3.275320753
3.530938179
3.465726111
3.226306893
3.410083809
3.524502483
3.377267238
2.857568071
3.360445894
3.776245868
3.484083454
3.354323653
3.430973966
3.377057363
3.310081624
3.587997977
2.870844774
2.9801564414
3.27641162
3.3341561082
3.827514705
3.211312224
3.112843163
3.078983674
3.09044497
2.984579076
3.178693472
2.897008159
3.4765638319
3.2823950191
2.729303357
2.847459076
3.327822616
3.183683166
3.397734694
3.442509707
3.15334706166
3.032660611
3.496799736
3.28371078
2.763915228
3.235166229
4.125312892
3.536346448
3.34799342
3.311246979
3.35768721775
3.467927623
3.540563934
3.83335992
4.017590918
3.409807254
3.197651376
3.908180806
3.197698086
3.185953332
3.001867461
3.445216089
3.480646522
3.3908637829
3.314193786
3.388072974
2.744023756
3.8603861532
3.245999419
3.08992811508
3.115889932
3.372493605
2.719083966
3.101667276
3.926723725
3.679341554
3.097218646
2.924259462
3.680771233
3.307901875
3.647803655
3.329550157
3.509947754
3.573244851
3.819552166
3.734161116
3.693903555
3.476013454
3.374970726
3.862128222
3.576251791
3.60858340497
3.579962194
3.733174784
3.684151629
2.818009896
3.720331266
3.746644776
3.22708188
3.1771211081
3.787833261
2.952994943
4.022971704
2.741114331
3.17806539
3.4684466352
3.00448687
2.980930731
3.5265901
3.91708132
3.6051816
2.9964467874
3.332875934
3.047709953
3.72724465
3.133691152
3.611604899
3.219443435
3.926234212
3.34788451
2.993069855
3.510176939
3.857876421
3.062582569
3.398510263
3.70194852
3.479075468
3.150966678
3.78104255
3.403241164
3.658910944
3.425555449
2.819299841
2.473122528
3.931808096
3.259620662
3.41342352
3.62908114
3.28272226
4.304088836
3.086564893
3.548523421
3.69857358
3.309733392
3.229206351
3.658918327
3.288209069
3.47942595
4.00187309
3.46613552
3.32279021
3.1256943822
3.140733872
3.17500571
3.28386538
3.656805642
3.25208537
3.278558187
3.331969226
3.11131141
3.150726776
3.268150927
3.6439228038
3.31395811
3.750337825
3.061034038
4.13365778
3.511589143
3.2678283482
2.92748159
3.35709649
3.58592017
3.1566176194
3.72278775
3.62876235
3.91049136
4.189440647
3.310854904
3.220983203
3.256612112
3.347243925
3.22854689
3.46490616
2.637736839
3.3527382463
2.81980474
3.430584022
3.562140376
3.121200866
3.149707339
3.332581562
3.804327929
3.6283927132
3.39351172
3.56040612
3.077274778
4.012333263
3.537212107
3.771991269
3.462317083
3.53769151
3.392493994
3.4302998577
3.9361579356
3.47658065
3.58115532
3.71021203
3.534673632
2.91188623
3.13862763
3.435111478
3.23973351
3.338230142
3.59960208
3.060918834
3.61674294
3.035021038
2.9467956
2.83626968
3.639052632
3.4812154
2.73991771
2.71289986
3.18956904
3.29898664
3.36962159
2.84497031
3.5066421388
3.539099417
3.282398558
3.3208350117
3.01359316
3.86314891
3.15091207
3.13581132
3.08674861
3.711351525
3.01160039
3.769530822
2.74774866
3.18981067
3.40815694
3.36756229
2.69644424
2.88681529
3.27057146
2.77366037
3.1460003893
3.8934621159
3.8478621
2.94800903
3.005063904
3.096718674
3.15116603
3.25565638
2.85686292
3.39399969
3.122732543
3.33674801
2.91869094
3.15838021
2.91017832
3.053243996
3.82451797
3.36539727
2.661627
3.2807669
3.313444067
3.84491091
3.242691
2.82386064
3.241764221
3.44619744
3.025516975
3.211136016
2.68760688
3.00126839
3.16618448
3.69204071
3.520512392
2.96331203
3.048151047
2.889907293
3.56783812
3.39414875
3.28164619
2.89779356
2.89742992
3.10829554
3.259285509
3.46167922
2.70006419
2.99528326
3.55252731
2.99411738
3.48549627
3.55424229
3.215257891
3.68926841
3.30039957
4.19600115
3.43257598
3.60755912
3.1135345
3.56306688
3.416897823
3.194349951
3.7911502882
3.527003821
2.780882707
3.396992517
3.409395033
3.665352443
3.598043506
3.456852427
3.780332663
3.206757118
2.938179966
4.358516216
3.345796987
3.645508253
3.182515483
3.5279957312
3.055892596
3.547727163
3.259693148
3.703362793
3.540704522
3.588098804
3.3973283392
3.809071497
3.334046286
3.137115623
3.535614614
3.597106233
3.927638241
3.048970945
3.563199254
3.055658743
3.576669429
4.188283013
3.25352737
3.465736313
3.643583194
3.902679907
3.607176723
4.108716163
2.74494643719
3.463698347
3.4826067621
3.748186752
3.404942429
3.461328223
4.429470933
3.546853434
3.993884624
3.451462406
3.415743182
3.215031799
3.143230085
3.223935427
3.4480063518
3.573705543
3.211236617
3.590354646
3.203022853
3.2880269564
3.221451938
3.530299057
3.971168523
3.8419168999
3.728262894
3.464814542
3.192206811
3.613251747
4.016585182
3.131511439
2.769827564
3.688595037
3.469241337
4.023272248
3.091884293
3.1738467189
3.449000891
4.298598233
3.161818973
3.179558277
3.315521613
3.098326099
3.903074478
3.823416345
3.095919355
3.682057803
3.083170426
3.416078507
3.253101167
3.516039403
3.774474016
3.912220183
3.473473682
4.1581760983
4.152308921
3.51783898
3.167401329
3.129652877
3.159183808
2.938756765
3.438074341
3.218337465
3.435000861
2.941929597
3.475231111
3.131771065
3.253675515
2.613453118
3.121779005
3.473187135
3.620811475
2.772620589
3.584972535
3.189755545
3.296698735
2.934430495
3.113680402
3.19809832
3.31121035
3.709800169
3.236172087
3.024211601
3.381723949
3.013565474
3.566430971
3.921894535
3.757108603
3.720693547
3.082519365
3.616741365
3.871922508
3.391542357
3.449543729
3.6533363403
2.907032955
2.775449924
3.619944485
3.578362515
3.0599222305
3.312415862
4.093823965
3.8845278936
4.1613008657
3.584801199
3.668669325
3.0757139684
3.486827676
3.317877255
2.9461208295
3.652501327
3.051034121
3.620897004
2.722639236
3.670728863
3.4644520263
3.13236168333
4.065697075
3.5339212261
3.823709575
3.60580044
3.421972078
3.917185525
3.817773295
3.686459622
2.908259586
3.392805375
3.172385002
2.633455543
2.649055155
3.436282885
3.530751408
3.778533375
3.0231707248
2.664116924
3.84666264
2.975192045
3.623821873
3.135720548
3.877062848
3.297127695
3.882952631
2.799397075
2.997284515
2.7664514974
3.049534848
2.986402785
2.868258185
3.6418530602
3.424613665
2.710689205
3.160834795
3.008385135
3.523901981
3.324400724
3.3682603367
3.479202235
3.302363929
3.418330265
3.250475691
3.9642217164
4.064598822
4.004960486
4.011193553
4.243058337
3.159665053
4.305485497
4.693635002
4.316882858
4.198559054
3.740541869
4.091415077
3.830887037
3.525037021
3.853734236
3.741902527
4.2958310881
3.799431647
3.519117043
4.689525786
4.041551101
3.793524161
3.333558364
5.021961172
3.905571487
4.313806622
3.845407603
4.369180453
3.298590522
3.821134324
3.696589461
4.267460756
4.742078857
4.248983086
4.493760629
3.8709351779
3.729663587
3.906568954
4.131888627
3.461394721
4.03066571946
3.9169112055
3.896787611
3.915842502
3.905143139
3.8722681596
3.591087149
3.767884284
3.743589461
4.896011143
4.521594313
3.352863439
4.090205793
4.1008726523
4.197239659
3.6247209652
3.7522564028
4.436098034
4.302146806
4.2349647847
4.04348229
4.090264757
3.828174583
3.861006333
3.8814710846
3.8148877831
4.7009507375
4.5560215675
3.385979997
3.985366536
3.531054382
3.626298431
4.0478016139
4.0109737574
3.921257569
4.088797118
4.298904192
3.894819094
3.807061164
3.9046260064
4.053479631
3.643882005
3.720561616
3.792035432
3.794288749
3.280202123
4.312120397
3.6450875516
4.104613463
4.824759913
4.6279156791
3.99780207
3.554878813
5.0313637759
4.5826833783
4.190824873
3.6957321746
3.906532457
4.9512691292
3.956145357
2.93544238
3.13089209
3.26497767
3.127558393
3.196499854
3.37545414
3.71810155
3.954390843
3.04055584
3.6698423375
3.633548983
3.270662431
2.8043433439
3.5291742598
3.612835451
3.594688627
3.299616828
3.525375214
3.01643594
2.821022302
2.83838819
3.701097772
3.332152549
3.582979486
3.852644893
3.35828866
3.8012214
2.86185491
2.722681465
3.3946839822
3.430484286
3.1371602
3.673505261
3.05257489
4.02210272
3.816621406
3.5667906525
3.7785271
3.539322468
3.44673492
3.315401319
2.642202579
3.384649848
3.42134054
2.836940607
3.561914297
3.708465194
3.510054002
3.27037103
3.19304294
3.23450512
3.447626774
3.29422022
3.763163159
3.68677913
2.996467082
3.92693358
4.033489833
3.472635146
3.07094121
3.248129875
3.386823838
3.23520452
3.12260278
2.997371992
3.09954074
3.57238815
3.6831181049
2.950284203
3.139429045
3.631781761
3.90197812
3.8232054
3.919461447
3.09465716
3.374797208
3.91764305
3.788963051
3.975000472
2.675516277
3.59402565
3.986786151
4.187346768
3.57508176
3.457792892
2.93580209
3.1164788157
3.4145981833
3.19100935
3.495737263
3.77676204
3.2251899
3.77174352
3.360004525
3.97199009
3.57819565
3.581224709
3.90617766
3.170164563
3.7396611
3.874798486
4.259390287
3.314931939
3.090699416
2.948417584
3.024063876
3.079678629
2.410054968
2.481748405
3.557764566
3.687049916
3.115151499
3.077562166
3.558924987
3.1270385018
3.0478051342
3.7585945232
2.664856106
3.347255674
2.955759655
2.83206367
3.487333617
3.027100864
3.419640466
3.409916273
3.768694947
2.893057137
2.748328573
3.046333
3.018811969
2.7577986596
3.035730018
3.392182983
3.307878301
3.411736514
2.608875177
3.271215714
2.539340407
2.863427587
3.546005748
3.847262939
2.916670445
3.4412795072
3.4565071818
2.921008687
3.299371057
3.118017559
3.32235310463
3.451899803
3.0444992236
2.705917693
2.7012269049
3.724870201
3.149992778
2.898589222
4.183956294
2.676154259
3.472072824
3.754994467
2.552015105
3.784599187
3.188667497
3.334389866
3.654136119
2.46992494
3.46736738
3.229203313
3.309031683
3.26340501
3.131197724
3.508243486
2.573533306
3.136757326
2.453249754
3.095969859
3.073869276
3.412777487
2.750852458
3.485313897
3.596956866
3.6758178153
3.069212039
3.442932187
3.351309999
2.65873598
3.3816153121
2.965716785
3.8065602582
2.838639711
3.150634901
3.408094484
3.253793417
3.863104537
3.056432287
3.735540855
3.644337977
3.315455242
2.956331377
3.8830519553
3.344501773
3.8912503499
3.8133478799
3.1665233221
3.7111148518
3.6422847019
3.5476729029
3.6462321054
3.7153958051
3.6532518829
4.0624379131
3.8021444859
3.3458406259
3.1952022799
4.2553875199
3.6499959323
3.7412260516
4.5487645579
3.8985348139
3.8927279617
4.3706044741
3.7838654149
3.2462688359
3.2648035759
4.5163036199
3.7541806299
4.1557578999
4.0493869419
4.2108218587
3.9818467601
3.9307661811
4.3142447461
4.2972730699
3.7693960421
3.8109583591
4.5613114331
4.0110774641
3.9472416519
3.7056943709
3.8997371121
4.0661843801
3.8912678299
4.0195815019
3.6415941589
3.0483867471
3.5141905621
3.7076377481
4.0214820221
3.8812720405
3.8383254099
3.9043786171
3.4653043389
3.6719342719
3.8114779711
4.0790513821
3.0973124541
3.21340598935
3.5347845839
3.7990081711
4.0098843699
3.6932568099
3.8058243429
3.5305395771
3.6496813341
4.0850128861
4.0664545321
3.6546100011
4.3065553521
4.0262466879
3.6480458239
4.8530350038
3.9654902081
4.2860101569
4.3803162789
3.6731683999
3.2953124559
4.0244776029
3.53217578596
4.5775271679
4.3961746499
3.5947904519
3.3317039521
4.8514709291
3.8334950299
3.8360675511
3.6893040519
3.6266336719
4.3394329569
3.7058269799
3.8859348241
3.7545467276
4.1569620061
3.6346580959
4.0879565519
3.9039876609
4.0558331531
3.9920411381
4.1305949229
4.0692497351
3.9499600399
3.8613104131
3.358022615
3.336916759
4.468270336
3.786313709
2.849271182
3.490386507
3.2607455186
2.959866883
2.982935441
3.466579858
3.774022364
3.571882994
3.261913202
4.221913189
3.4825036172
3.235760624
3.631485874
3.707148449
3.113379027
3.181610514
3.741976636
3.435136591
3.489073626
3.205133074
3.658530368
3.552479003
3.11300619
3.498143264
3.584434212
3.542010012
3.450951502
3.578110747
2.991858174
2.92072640662
3.526133624
3.567141017
3.583353546
3.826683634
3.115711427
4.630952006
3.444654855
3.922638474
3.339809904
3.758154184
3.190460016
3.2150681773
3.897434166
3.984115554
3.561282846
2.788576126
3.625717395
3.517756958
2.896259224
3.456222609
3.363945626
2.88764627
3.95430503
3.502255194
3.722680224
3.948126574
3.41453213
3.091521924
3.616945996
3.862553359
3.885123196
3.05069445024
3.379898796
3.394486484
3.202461034
3.269231266
3.490513084
2.571004205
3.872238979
3.800199924
3.299283606
3.182989883
3.416051206
3.488309102
3.063736683
4.1040224025
3.208359478
3.627475352
3.590690359
3.812651586
4.280107134
3.479865124
3.402394446
2.866424897
3.264942766
3.879751824
2.924768377
3.002337063
2.910929546
3.552737189
4.0922601872
3.026174681
3.586804026
3.191715494
3.548972787
3.4113434031
3.3716501326
3.464029137
3.8015788544
3.603835721
3.304734777
3.5895759238
3.339100438
4.194613203
3.865897115
3.103995453
3.915585519
3.926396954
3.11769551
3.585192187
4.067296786
3.500749366
4.13469511
3.47444911
3.486631485
3.6151848744
3.519493208
3.003327499
3.693602756
3.445940858
3.849788354
4.26624071
3.808841022
3.54522581
3.655417627
3.93958186
3.8629389
3.634525968
3.58517575
4.41523381
2.98888357
3.5322156029
3.30861333
3.229965652
3.848315998
4.046350904
3.479001524
4.205963955
3.58826929
3.59258548
3.788227636
4.01965698
3.804207884
4.197216032
3.9507078932
3.73168922
3.99557551
3.720481848
3.64862174
3.689843885
3.647859064
3.47249492
4.3564953
3.8509707931
4.10711706
3.713543236
3.971486135
3.783305218
3.556341238
3.979706538
4.04510656
3.051345822
3.18159518
3.372630099
3.968152216
4.0322955518
3.23125856
3.96179487
3.696779364
3.23129205
3.53902047
3.613483395
3.953995809
3.833525581
3.57250813
3.793813471
3.63938019
4.184718794
4.249470436
3.554194444
4.24726294
3.668326453
3.80082389
2.977076245
3.91498157
4.088112064
3.468666006
3.05579164
4.267665901
4.121237743
3.7588837
4.169555189
3.778161213
3.669516997
3.91011993
3.288141004
3.8994245
3.488534532
3.52391634
3.6396257
3.616711809
3.925735428
3.13899424
3.499619134
3.176759013
3.452629443
3.07798406
4.184406634
3.652101498
3.918379446
3.944704749
4.352657921
3.96017613
3.46408603
3.41753296683
3.741525956
3.85330444
3.627435511
3.534405817
3.637647075
3.921647944
3.940153382
4.263616906
3.938443125
3.78524123
3.297634226
4.05056555
3.989780531
3.8638021665
3.844481505
3.56645402
3.89102426
3.51966171
3.6827696
3.40484546
4.00945592
3.720181612
3.68055785
3.768601629
3.458704157
3.72348636
4.092276575
3.76903779
3.813826841
3.8623843606
3.84646266
3.625518109
3.579203805
4.017899428
4.05939065309
3.96856582
3.48645323
3.684887615
3.340309228
3.613707243
3.41853134
3.60609429
3.453725876
3.79291521
3.748559929
3.6206874
3.684472285
4.5354803815
3.75248247
3.694011446
4.493679843
3.779222171
3.4596701916
3.84236807
3.402065399
3.410862623
3.409983035
3.1894436648
4.153444625
3.46111002
4.1480572
3.6749566516
3.290736205
3.352513334
2.609461256
3.215309705
4.043155169
4.036678319
3.846053256
4.299487341
3.7172014
4.406565458
3.962658126
3.205065464
3.60152183
3.805541965
3.495065145
3.5991784029
4.509595555
4.204288405
3.25980343
2.797966859
3.993393188
3.8194275766
3.611077284
3.889549293
4.035106871
3.478300729
4.046908602
3.667002717
3.925473515
3.113120714
3.184274107
3.02150781
3.746884825
3.7650462123
4.0887141718
3.613392924
3.773873333
3.134701081
3.857296044
3.63229303
3.4992248467
4.247023684
3.721271434
3.5116788567
3.2499010778
3.699026452
3.568244961
3.5947518327
2.92833779
3.6209114753
3.843799258
3.370426842
3.1059260949
3.430912176
3.3391523758
4.172470584
3.5034311566
3.409944808
3.0223403965
3.568572042
3.418340108
3.4593924108
3.9879833178
3.9030678
3.516977111
3.6394716672
3.085266015
4.089130909
2.998065969
3.562344994
3.544163257
3.092488682
3.48320188
3.533899759
3.574087485
3.603856315
3.426221088
3.356545992
3.650841311
4.154704559
3.942496889
3.357627094
3.556410292
4.3118828331
3.1979184049
3.376438746
3.342850017
4.13269783585
3.6601094605
3.107744217
3.3747552583
4.149678611
3.771648744
3.361100782
2.621679725
3.8403549874
3.294359253
3.662873304
3.824876668
3.165859348
4.016185391
2.953644009
3.452448616
3.327939307
2.8555503339
3.848358653
3.420629755
3.475668031
2.909069361
3.220247658
3.2585723171
3.880434654
3.997529624
3.51971778
3.796711396
3.453188668
3.092790214
3.202618447
3.175884135
3.386085575
3.277975675
2.989400781
3.359499399
4.135176659
3.532293643
3.628188746
3.5395725512
4.231462544
3.7855144514
3.1774986559
3.333965975
2.92359641
3.591050075
3.434603607
2.938057465
3.407413935
3.652014975
3.840992577
3.192114357
3.766746925
3.490211709
3.0053037717
3.3947815354
3.311277075
3.212661435
3.198543935
3.110193325
3.036360113
3.701559695
3.470392513
3.802040277
3.631177704
2.798957807
3.334758145
3.0601203849
3.662176585
2.974758639
3.659148775
3.300446236
3.4616901301
3.156131417
3.200244494
4.037731743
3.152868325
3.218616195
3.083790591
3.758405505
3.893099595
3.156114888
3.043940685
3.600203016
3.414645014
3.164656294
3.841864515
2.676377352
3.683290255
3.605279745
3.09735049
3.423717234
3.475541125
3.903626685
3.489996216
3.046484685
3.453804925
3.2029693603
3.759582415
2.74548713
3.329380425
3.920700707
3.394270345
3.086314414
2.946034602
3.38658365861
3.946568935
3.1860821057
4.243511955
3.230436012
3.457985765
3.436079983
3.753099751
3.440947375
2.903533875
3.082308415
3.455587165
3.274413239
3.163094275
3.370418891
3.474212562
3.321137283
4.362522593
2.97462007
3.676654234
3.19671328
2.878376781
3.989615265
4.114291994
3.238813275
3.480278995
2.956188535
3.5351781232
3.13821245
3.1027583902
3.716870772
3.856886453
2.7791560984
4.02629569
2.939331862
2.87326423
3.0629447
3.088658465
3.0926531
2.750699801
3.202456523
3.371407245
3.76697027
3.40923017
3.39348885
3.8150863705
2.96441917
3.540057195
3.4936709348
3.376969961
3.10941794
3.902156303
3.838325552
3.12428949
3.027919278
3.606780404
3.0229968758
3.484626791
3.98539595
3.73863851
3.823597875
3.89337909
2.652858572
3.618851783
3.3987318
2.93789953
3.446101037
4.025192716
4.083122112
3.901387215
3.3232846
3.59998376
3.1711016
3.13813991
3.323343906
3.14979056
3.45512588
3.12326426
3.6763681777
3.8463254
3.46324479
3.59439681
3.0615653777
3.01286161
3.03163953
3.54135101
3.15332895
2.8888484736
3.1147875826
3.62802162
3.45046338
2.64766526
3.69027089
3.511936628
3.576840257
3.4714238
3.6699450324
3.1076227802
2.43046437
3.590346608
4.13221959
3.327573919
3.54316378
3.263536088
3.50982704
4.0480779
3.793631621
3.553006824
2.741373474
3.9737831
3.614576595
3.89026078
2.593332387
3.350759278
3.468610326
3.36624147
3.31697317
2.92911591
3.42146982
3.87714238
3.264652643
4.038494353
3.86940268
3.399870712
3.92012799
4.083033099
3.124214643
4.252983167
4.192632093
3.41745841
3.842243792
3.124489871
3.649504776
3.58339194
3.126083646
3.418307324
3.585713248
4.270699432
3.5831940563
4.3485664554
3.066576079
3.637885452
3.558204732
3.069939865
3.69975837
3.636983761
3.209863014
3.285136824
3.47493236
3.743551216
3.845853473
3.121405842
3.651262719
2.958889843
3.541946332
3.171925232
3.484260244
2.923775767
4.234230217
2.813953484
3.323653372
2.73648671872
3.404717178
2.984900318
3.067020737
3.153390756
3.51523188
3.174571495
3.35075232
3.549258386
4.0275174029
3.093617142
3.492346382
4.531078584
3.1957465
4.100436943
3.699185732
3.756500456
3.192116827
3.718144522
3.637471954
3.680546862
3.475617342
2.726127328
3.629309831
3.168820151
3.612806437
3.395527442
4.199018652
3.304373924
3.509600752
3.922930389
4.23539091
3.438045282
4.006238451
3.644098692
3.306058127
4.175721359
3.375895882
3.377079683
3.485552282
3.75253385
3.63255811
2.890857125
3.7001161582
3.468750742
3.466059125
3.572411321
3.22305118
3.066312482
4.153757541
3.387229392
4.033540472
3.933221529
3.616509772
4.022588692
3.943785239
3.4040078227
3.725594274
3.865747097
3.784088796
3.288557202
3.334312272
3.228805758
4.062279822
3.653927335
3.355081734
4.166335754
3.27708068
3.506565492
4.192992032
3.728932745
3.786507932
2.747040608
3.4613103
2.9124475873
3.455678651
3.56304455
3.868655147
2.9083332791
3.123760671
3.294288628
3.1566742527
3.364964611
4.399105464
3.306490268
3.022927456
3.282422008
3.084155037
3.862262418
3.355335818
3.2831629316
4.025316799
3.40468808693
3.980628177
3.609814972
2.963296365
3.142916672
3.464285748
3.757446079
3.347334928
3.631060341
3.550785352
2.830686628
2.569558979
2.6062618851
3.713294268
3.547274108
4.174372082
3.300957382
3.719088795
4.05142287
3.8500789534
3.670497523
3.29727246
3.346017641
3.290968818
3.329383842
3.310521868
3.725677538
3.08183036
3.534348401
3.3203106415
3.608186353
3.5344538909
3.623192537
3.568118862
3.368922402
3.646074588
4.133145306
3.129125679
3.359731608
3.960137528
3.892625162
3.917205693
3.241088926
3.307064584
3.670073813
3.472341178
3.40355065
4.151736309
4.16284963
3.485031274
3.7068956
3.335851202
3.055555482
3.152467182
3.190001453
3.47332193
3.278951448
2.779549189
3.414802628
3.94914937
3.459032088
4.457648008
4.128906104
3.549918767
3.858602867
3.765401455
3.174720176
3.322209115
3.262121668
3.60490309447
3.541319157
3.5574381889
3.161057262
3.207968338
2.729332272
3.955116047
3.852516482
2.8127563155
3.0453583037
3.18520179
3.650780394
3.080583413
3.950459361
2.674049331
3.158667078
3.44772106
3.096153135
3.28114295
3.6887394191
3.771228681
3.100439562
3.456223227
3.514801899
3.282837314
3.410495881
3.832574757
3.432660618
3.150576857
3.203060777
2.754268306
3.439283345
3.885988014
3.379431388
3.8641385997
2.3848591279
4.01045601
3.867596579
3.671093072
3.337233862
4.0801182626
3.28428972
3.046460914
3.9719397937
3.33702805
3.975048114
3.189180852
2.928726609
3.903267538
3.618386252
3.002724592
3.369546283
3.133442084
3.215994124
3.678878668
3.6202563492
3.638862187
3.603172812
3.455201992
3.577955708
4.068037708
3.775571933
3.548390133
3.2371821815
3.316556562
3.326293672
3.726359922
3.0012630468
3.509033813
3.760495657
3.694532035
3.53323474
3.216961276
3.313019172
2.9016035418
3.53928579
3.196623719
3.749220549
3.951383477
3.962632984
2.800263195
3.8111527864
3.3769084771
3.2086469493
3.580215706
3.844288242
3.497992836
3.472101908
3.330498279
3.141717195
3.834892918
3.436334371
3.768632552
3.4586256505
3.546953679
2.45055199173
3.773465042
3.6380867653
2.9099136147
3.375172431
2.816075996
3.477929512
3.823600193
3.150006684
3.654423431
3.538953197
4.009328859
2.761197725
3.071998565
4.053954798
3.681239547
3.464731912
3.729937016
3.102627948
3.280520092
3.491847105
3.546381362
3.537419591
3.1197989507
3.919581792
4.1655359343
3.269385426
4.531855752
3.530844812
3.3037666057
3.289253032
4.00627352
3.927183586
3.610553231
3.913057492
3.596509976
4.468360762
3.378479182
3.138052452
3.553547283
3.576406435
3.4416006985
3.767745252
3.68361916
2.993297905
4.022085834
2.944872845
3.600341069
3.041282639
3.592801732
3.714648446
3.484223528
3.534920059
3.171270492
3.051765898
3.767237893
4.198652657
3.546738289
3.742613682
3.377239252
3.400513571
3.647789887
3.69021972
3.374036097
3.493279784
3.126815402
3.331663706
3.652000262
3.657822882
4.219980852
4.1090817
3.388509602
3.407426352
4.175368915
3.4179336806
3.777900953
4.020535004
3.901496435
4.274488616
3.263309776
3.585332004
3.411698262
3.441594608
4.3750951775
4.137221768
3.054306314
3.116360132
4.028217743
3.543790947
3.314054187
3.386060632
3.722651752
3.094948602
3.897949424
4.351803286
3.847274913
3.5173434178
3.566806683
3.854732462
3.293761358
3.582490643
3.267097722
3.641016776
3.682726574
3.82546533315
3.432619196
3.212574882
3.555261155
3.684233972
3.593394705
3.630342104
3.113909954
2.667570802
2.941661242
3.1921771501
3.535966237
2.96232419
2.342360455
3.183765825
3.0511282587
3.355890665
2.905813963
3.272884661
2.657441151
2.907055246
3.337274105
3.386043302
2.70113607381
2.8747366071
2.663774554
3.179306705
3.479490153
2.913448836
2.795970578
3.049372504
3.196579675
2.834811967
3.585420463
3.321471625
2.638519224
2.774477506
3.139115667
2.496938548
2.9190001383
3.227181871
2.858206295
3.363777015
2.79632263
2.646223815
3.219202205
3.056535226
2.662767543
2.91042631
2.677795927
3.318579381
2.9404377797
3.245732893
3.033621205
2.8723537212
2.112137716
3.1099890108
3.06635769
3.018235493
2.7257322
2.729750786
2.455993715
2.738367743
3.314755913
3.133581485
3.330572711
2.6864890886
3.257586277
3.042262405
2.830599913
2.683766558
2.921617094
2.81427786
2.80129866004
3.335759625
2.846639815
3.012190991
3.335307755
2.545066089
3.534991735
2.8724394234
3.077101574
3.347024598
3.3765518048
3.2912268317
3.085160215
2.750576437
2.865549185
3.136594676
3.011984048
2.937708545
3.288737989
2.2210684
4.391130489
2.966948201
2.907915765
2.832157262
3.188800103
3.127434409
3.064580711
2.9986272949
3.661274113
3.300555247
2.45166098
2.903323175
3.058384203
3.4374558469
3.449710017
3.117958695
3.132094348
3.317294633
2.89912705
2.897665039
2.821045976
3.084127059
3.440437982
2.972578869
3.212511739
3.379642148
3.3761453219
3.318722235
3.507156325
3.437126957
2.987854062
3.069099026
3.231959838
3.98712895
3.441017824
4.047767026
3.594922804
2.924421687
3.181027895
3.019058758
4.258403631
2.739920719
3.202005101
3.677512481
2.735810446
2.978151344
3.724498864
3.541147521
2.9867382718
3.336705319
2.968700304
3.352539973
3.366026781
3.122265269
3.19391363
3.3507789806
3.204584669
3.072096135
3.614116368
2.667879104
3.124545303
3.414706911
3.0472724344
3.246933459
3.800107102
3.0654158203
3.141055347
2.834016436
3.184045903
3.784386452
3.657914084
2.87689744
3.725188992
2.978078757
3.606935359
3.46052335
3.652969236
3.528745557
3.374536612
3.751258295
3.314874956
3.085625627
3.976372405
2.92967542
2.805895447
2.89863741
3.354979908
2.871141333
3.646461506
3.341164041
4.064453995
4.105691128
3.007863334
3.281657305
3.127678591
3.460686396
4.082875184
3.939397541
3.261576523
3.680027983
3.186580027
3.305749613
3.112453481
3.48113133
3.1913151595
3.0523751285
3.0216271017
2.98717496584
2.618842762
2.969101113
4.161683637
2.988350436
2.868428607
3.652857081
3.663707251
3.671498532
3.483375234
4.267058754
3.997356815
3.510450121
3.57370198
3.387254851
3.654048659
3.583567396
2.914977566
3.101070454
4.032821408
3.318782279
2.596935521
3.052649616
3.434462958
3.2532843493
3.221005903
2.876997665
4.114189122
3.86439406
3.523917447
3.710465012
4.308951718
3.413076491
3.0648725796
3.5133730503
3.878537661
3.830148769
3.148277692
3.531450962
3.907568221
3.16807872
3.9637680973
3.938342128
3.620432517
3.96816322
4.111289898
3.814326183
3.651758691
3.279054791
3.246929739
3.4107533508
3.191673116
3.108932188
3.283426301
3.776801706
3.063507929
3.005542548
3.385772931
3.197997344
2.781099881
2.8234652621
4.148198381
3.315695347
3.417070791
3.079796551
4.196892226
3.526438071
3.560217681
3.779847358
3.494262143
3.956004451
3.350537503
3.75107369099999
3.155148646
4.033105111
4.1833156382
4.162710514
3.8094524823
4.013587911
3.284006529
3.285198001
2.925902751
3.169336028
3.049426987
3.508443169
3.297662775
3.242014831
2.7816616798
3.689863319
2.854823083
3.200028231
3.295822141
3.610898675
3.547049932
3.60801761
3.550486493
2.868146379
3.620444918
3.564172976
3.684317852
2.917923973
3.664503001
3.386521821
3.0211492178
3.719393081
3.790370721
3.296795831
3.785937345
3.6727525947
3.577565397
4.601926856
3.576416239
3.567612066
3.525652416
4.084177038
3.9077516816
3.672423274
3.64929081
3.219215773
4.37385287
3.301064059
3.3839277576
3.496206826
3.1629949658
3.706837211
3.759015675
3.213632721
3.252546154
3.394881077
4.249919152
3.2566253756
3.553370577
3.9565838792
4.207250745
3.610405979
3.859075761
3.676386896
3.298632011
4.000139706
3.831036891
3.8169724124
4.232018412
3.452119201
3.655402728
2.679726634
2.782682943
3.105364803
3.553998993
4.124587422
3.571072091
3.788719914
3.627813026
4.199821077
3.75538517
3.410382946
3.329792042
3.563042903
3.431705912
3.819175276
3.930557899
3.483133496
3.538358119
3.982267225
3.1043254495
3.24074068
3.630097658
3.857907416
3.7978255
3.367727382
3.492155312
3.576251897
3.311927819
3.46799016
3.371885096
3.722176029
3.80377007
3.69874814
2.8011305936
2.910781704
3.335654328
3.172198567
3.1620166702
3.555113065
3.463617955
3.831022964
4.051657443
3.699192286
4.074418742
4.329373548
4.007508909
4.406999293
3.3535854109
3.4033221684
3.574314276
3.365664271
2.979482293
2.966160481
3.587725474
4.170553687
3.593386501
3.301417186
3.046909568
3.4467113011
4.22371980221
3.730774582
3.301707262
3.30371184
3.135202405
3.56507351
2.946806459
3.696550712
3.904630535
3.49320408
3.033446369
3.8925653094
3.390773902
2.944491387
3.599082742
3.33751814
3.852163887
3.70938098
3.2753690463
4.02504508
3.0942577063
3.54876698
3.834580916
3.173989975
2.9455349271
3.2997885097
3.133578697
3.935160577
2.860828057
3.645500341
3.462202033
3.79490084
4.00166327
3.51764688
3.549191738
3.43709151
3.255825612
3.645228353
2.60336162
3.044582105
3.251017001
3.037922239
3.311411397
3.895137952
3.486953378
3.361442294
3.01324435
3.478265182
3.25603391
3.912781023
3.77520261
3.4824179681
3.381722963
4.373463782
3.172850322
3.750363253
3.126718038
3.728293
3.81585277
3.932610673
4.3975467918
3.22493942
3.18606196
3.043479051
3.52475469
4.14770534
3.728069591
3.3401455613
3.17926856
2.925065304
3.0758809
2.713980301
2.924559289
2.930430517
3.34526748
3.21473979
4.4028355777
3.62501779
3.44811485
2.803686267
3.526300117
3.512324746
3.871636148
3.96352155
3.35774085
2.787494031
3.262197086
3.97054289
3.041019081
3.32668032
3.200813697
3.43004581
3.22099629
3.5547879052
3.4252156144
3.56118427
4.011247438
3.873551635
3.71125088
2.737130484
4.148166785
2.880698866
3.040284589
3.432681705
3.16780341
3.74945956
3.61173405
3.969519
3.93212822
3.270500878
3.51418739
3.898746955
3.356775131
3.75362119303
3.329774985
4.15472538
3.568850257
3.646360547
4.01628895
3.678956601
3.6525603835
3.28378374
3.567996502
3.1976334684
3.8461760504
3.64553762
3.03298375
3.16562752
3.947846383
3.46879904
3.24549008
3.94568887
3.298016682
3.586152942
3.750974075
3.37594585
3.730954955
3.391832799
3.63699964
3.907440204
3.364334743
3.607942558
3.17555205
3.761213515
3.84941798
3.297272446
3.569246045
3.56764989
3.548551049
4.658689377
3.59658137
3.31110562
3.6868743
3.559541826
3.793835065
3.8859268799
3.461440735
3.523937574
3.192745327
3.91671272
3.03501751
3.016100892
3.3873903072
3.149515455
4.100953702
3.200370995
3.59799538
3.18500642
3.6356486
3.3170039
2.986601962
3.16856079
3.6791582155
3.666138985
3.88476276
3.35969798
3.057408575
3.841170776
3.54604005
3.924793224
3.185978278
3.89141901
3.69229405
4.0590392445
3.5578979245
3.19286968
4.084390889
3.594468492
3.389405212
3.625767518
4.073251456
3.277497353
3.2769812
4.058000348
3.20788271
3.475671617
3.751518363
3.334003195
3.939443455
3.718982689
4.0632476211
4.082722544
3.526274493
4.254908305
4.381609185
3.758354487
3.37502172
3.08078174
3.803797743
3.705461051
3.231594134
3.980594217
3.639688828
3.52195164
2.987760876
3.5736441258
4.04117888
3.8713249501
3.822091808
4.171420214
3.638289828
3.328860743
3.298855183
3.8681765709
3.56232463
2.845206853
3.699269068
3.726458554
2.816707824
3.94835426
4.399353303
3.454875444
3.637691351
4.2035728853
4.195648276
3.87599924
3.948803848
3.311185971
3.5462797179
4.0255054
3.748550283
2.8680834058
3.357196772
4.000011491
3.4480577856
3.576451057
3.536227334
4.404812859
3.434297406
3.857032687
3.643584081
3.562876043
3.436681098
4.30832422
3.62850805
3.999904398
3.972355615
4.051976645
3.32847645
3.190759393
3.265682505
4.319658031
3.926914975
3.671042577
3.5557128138
3.891948396
4.266834578
3.843814426
3.570555488
4.344361584
4.825050977
2.946337073
3.669713728
3.703323087
3.789407168
3.439490684
3.798781322
3.151688419
3.459603415
3.25520671407
3.248117863
3.097959153
3.218197679
3.457030886
3.03881133
2.921598904
2.431221679
4.16825708
3.754178483
3.412789304
3.881928137
4.5221201696
4.189486267
4.22089859
3.271569705
3.7525729
3.152383236
3.920971292
3.59991814
3.4218379628
3.325929374
3.92977264913
3.8385918225
3.619277736
3.519604337
3.32678349
3.203837453
4.100014495
2.773981187
3.66526822877
3.589648192
2.9797560529
3.024155836
3.68211718
4.138742685
3.2764299928
2.987861183
3.298890144
2.783916464
2.845777375
3.921266158
3.217870433
3.61232069637
3.296642636
2.939732554
3.679941485
3.365552271
2.6259209818
2.7242362451
3.4939916425
3.1382562241
3.154632871
3.0665360522
3.535578595
3.341587895
3.373626359
3.469351962
4.116197411
3.265890783
3.740392272
3.572838315
3.006379325
2.873794407
3.242583361
3.500336534
3.07463255005
3.239154859
2.357879866
2.850805973
3.857116973
3.784180325
3.710691506
3.363732281
3.119692558
2.966066432
3.442646989
2.873924014
3.351160363
3.366492934
3.2575226738
2.783851802
3.65683007365
3.252222248188
3.756976816
3.057655373
3.19725550524
3.363018847
3.265142697
3.1590190516
3.416230005
3.509312686
3.293341431
2.978815482
3.2079564706
3.011552355
3.756027226
2.7586481997
3.329228622
3.066522765
3.0028436041
3.995974597
3.0068044828
3.142954188
3.48907259
2.927770201
3.159327829
3.036529089
3.834706632
3.400501802
3.31759615
3.244366935
3.823350388
3.276536331
3.995177709
3.323910409
3.713579844
2.750052346
2.927220672
2.700932248
3.665711315
3.007225781
3.6012203141
2.856729739
3.294254322
3.181838479
3.104392146
3.981067868
3.382162272
3.66248440543
3.114165856
3.972836144
3.483089842
3.216473562
3.854344832
3.298712801
3.419920646
2.836680885
3.417202402
2.732716038
3.571592201
3.405652401
3.212848702
3.851186369
3.796021427
3.108951172
3.334402941
3.767255923
3.070999072
3.682452242
4.142456267
3.865751191
4.668446059
3.17942582
3.64078795
3.617237931
3.4056104365
3.406216344
3.681555677
3.294685065
3.890595431
3.584740737
3.46303811259
3.285037622
4.037997109
3.998074561
4.087253684
3.665841148
3.432421811
3.514252953
3.736993364
3.469801266
3.831671646
3.964992066
3.227942323
3.736533356
3.8833616059
4.1493634764
4.206438693
3.584683582
3.201494383
3.735438362
3.493640732
3.278883028
4.366339086
3.158010753
3.747618752
3.7769438529
3.135884969
2.876653955
2.9603791242
3.107362476
2.849387972
3.011099921
3.599633217
3.415437612
3.801833472
3.3255181706
3.381656293
3.717106218
3.3322250385
3.9411293729
3.147170149
3.385463146
2.973617565
3.325085842
3.723470692
3.1525830271
3.353959004
3.160790479
3.445715632
4.125835322
3.508692481
2.866367287
3.352208607
4.657461795
4.269314452
3.443817922
3.7956319276
3.409546689
3.481376676
3.6070502556
3.488113621
3.601896539
3.454022713
2.849129769
3.170023176
3.04647405
3.626907194
3.4629680835
3.104226346
2.875918914
2.661363896
3.726468417
3.072006126
2.9732329089
3.770338972
3.133970394
3.395077794
3.5087093752
3.147686672
3.419478305
3.340052184
3.657287319
3.157862944
3.1557665618
4.089868719
3.112118406
2.89746095
2.789721164
3.29624264
3.181549834
2.958462445
2.891743214
3.450733652
3.222723461
2.8488194143
3.176224004
3.68063558
3.296991789
2.977295234
3.537713904
3.411568856
2.900898836
2.652347892
3.1353224536
3.596045964
3.598582536
2.974409268
2.9504398069
3.496870104
2.810176704
3.1926710181
2.501014764
3.89125937
3.4661289163
3.440363012
2.95516972
2.973317406
3.001728226
3.418378864
3.608460605
3.125996924
3.052971322
3.518657904
3.248838088
3.152663197
2.352275154
3.166414751
3.268414424
3.154757696
3.282854605
2.96684365599999
2.968451174
2.776451494
2.988792535
3.533814026
3.028328033
3.945317477
2.482442765
3.905951491
3.53304468
2.863696916
3.368249923
3.346242285
3.745624812
3.220264214
4.001759234
3.262438874
3.564541384
2.724603426
3.366626074
3.396303054
3.834233104
3.326298424
3.164673404
4.45874785
3.49117806
3.749924304
3.202018286
3.209739101
2.869042586
3.306959074
3.520543786
3.362028379
3.713174023
3.98307443
3.3511511176
3.768492663
2.981838602
3.010772788
3.236269926
3.324213762
3.6979730772
3.824442928
3.573359691
3.771098643
3.7605644922
3.373792914
3.387189173
3.655631464
3.372860979
2.69888701742
3.224145536
3.717729058
3.589071874
3.152244182
3.856767983
3.388035073
3.6842186143
4.2445678054
2.63827274165
3.3544075207
2.909807536
3.108860355
2.992801088
3.431105035
3.462522387
3.5349391077
4.057206052
3.606374405
3.533202946
3.331001079
3.56473781
4.313715691
3.618743752
2.951262163
2.668691523
3.881315766
3.47990149904
3.518193575
4.073941159
3.808098793
4.062462608
3.732440485
3.173949157
2.838372416
3.4383607186
3.752333506
3.9007371119
3.8467216028
3.546499288
3.0439071738
3.5953490085
3.420821033
4.057319332
3.969550718
3.64363766079
3.375208958
3.300761009
3.442328757
3.5189439342935
4.077024062
3.745625589
3.390985168
3.4020256031
3.13368003
3.221919959
2.918834045
3.766313338
3.674775684
3.427429914
3.491427767
3.323126629
2.693504351
3.633007865
3.664726318
3.572479755
2.991707251
3.162925923
3.310364608
3.82410223
4.282631571
4.147663534
3.4790486771
3.490616691
3.1384024567
3.219754676
3.0557885298
3.219875775
2.893155394
3.889285811
3.1458238523
3.461236878
4.528394011
3.830579758
4.04472839
3.55014266
3.30669332
3.8166063012
3.525306825
3.606522507
2.799320562
2.937390431
3.354151067
2.400332074
2.654108934
3.298991354
3.136175899
3.287025076
3.087858307
3.360031873
3.341189424
3.67888001
3.1549794425
2.87806232
3.779189379
3.129624067
3.78401979
3.79974539
3.632737717
3.085590985
3.989097157
3.212271691
3.567689333
3.40354512
3.2755378
2.924208366
3.675722213
3.40247124
3.474803985
3.57334026
4.199834704
3.36187555
3.533622495
2.272908838
3.640013704
3.90384046889
3.752055909
3.637892672
3.771906538
3.907012008
3.551387501
3.373276563
3.83954826
2.853417647
3.44282653
3.171136989
3.713356265
3.926614495
3.03258774
3.957549683827
3.633196474
3.96154952
3.488472285
3.583659535
3.907467203
3.513230932
3.2589532448
3.112433179
2.83788519
3.258851132
3.39420915116
3.591451801
3.070854432
2.795469283
3.388176181
2.998400569
3.557997981
3.105120554
3.432387315
3.426451558
3.65845578
3.055638447
3.771340873
3.245645888
3.572948511
2.88552114
3.499449266
3.596396175
3.81638967
3.48603544
3.41207128
3.5390188784
2.890300992
3.20719867
3.184035843
3.676023902
3.6146222806
3.74259784
3.4081121258
3.24126844811
2.8925636211
3.0364323093
3.99428027
3.523592364
2.96442497
2.829154135
3.09355834
3.24378879
2.78435607
2.5739293
2.991842853
3.45814211
3.339309587
3.48035107
3.97982505
3.32015604
2.85884507
3.210857794
2.63603259
3.274236974
3.404330144
3.7264999981
3.678077955
3.44365119
3.231692183
3.59696319
2.96439203
4.22178191
3.3216388152
3.079081251
2.921061636
3.10485718
2.645031055
2.506358242
3.30357627
2.796448704
3.46094413
3.410419597
3.01648449
3.250216391
3.403013396
4.02659576
3.361801997
3.348253901
3.45502648
3.73116868
3.552855544
3.25308875
3.329673055
3.22354629
3.13553966
3.08976191
3.163121257
3.217882895
3.32556776
3.26283832
3.032865
3.560360307
3.40400166
3.62592532
3.118921085
3.259982035
2.768393042
3.079513768
3.243790419
3.19196856
3.587961181
3.57782855
3.34842804
2.964681351
3.07020619
3.200337345
3.4278596
3.04050134
2.91573475
3.1144922456
3.67085721
3.39219703
3.343418417
2.814092359
3.21389692
2.772505844
3.325395093
2.45716516
3.02706849
4.17396111
3.848972236
3.15085837
3.69324077
3.493443405
3.672375281
3.568954561
3.29401715
3.773140461
3.102303198
2.9767972697
3.93994791
3.6040695
2.907801928
3.9662927
2.984793285
3.2423477203
3.34095415
2.879136378
3.204303779
3.18004309
3.615873072
3.722728127
4.03866104
3.42137776968
2.933026257
3.86217961
3.5551115001
3.506622974
3.718483513
3.396857013
3.397934354
2.997159152
4.15873402
4.060533188
3.335806337
3.56424806
3.982276156
3.8229960439
2.933405124
3.541037621
3.759868019
3.414145298
3.90261337
3.304310775
3.452267453
3.530466804
3.863488926
3.8086717627
3.930898764
3.83260384
3.6816820541
3.299942812
3.471075237
3.73965967
4.0027258
4.001227688
3.769223772
3.424931702
3.88093965
2.761912842
4.07639948
3.132627858
3.609655305
3.763201478
3.4390339
3.148662981
3.948945696
3.620774426
3.750593147
3.6000449261
3.890358211
3.57496533
3.104127128
3.464002666
3.769552645
3.324050578
3.315887837
3.896364203
3.49375798
3.6978291371
3.0456209677
3.63014278
2.611632592
3.932516128
3.798088202
3.682943117
3.675214375
3.0960632434
2.898241452
3.678935882
3.605588802
4.11940975
3.490648377
3.295237128
4.02004906
3.55560996
3.057764154
3.244018933
4.0143796672
3.366632474
3.45867186
3.3720187898
3.5444127689
3.289078913
3.496493807
3.734430738
3.367074088
2.985620797
4.0183258965
3.5338962974
3.84766658
4.084269932
4.094169984
3.285311944
3.828219329
3.392904586
3.7104762024
2.9854535327
2.9243461824
3.2481669624
2.9091982646
2.8465651654
3.5002501474
2.2954523424
2.8618457094
3.2402008244
3.6315537504
2.4706352926
2.7597327156
3.5117989256
3.1395795504
2.8515795202
2.8503262484
2.4626039424
3.5956924184
3.1046043844
2.8004869526
2.6691938099
2.7960082694
3.1124714424
3.3789608234
3.3858396474
3.3847160524
2.9575134784
3.1660185554
3.4116338314
3.11732460822
3.4809281244
3.1061531054
3.697135167
3.4188995672
3.0644676494
2.7525461941
3.2926627524
2.8512445964
3.7009288974
2.8466460985
2.8270897404
3.1391049124
2.9093823886
2.2958455826
3.5319098354
2.7125111682
3.4649808396
2.7624498456
2.4888396184
2.8982966356
3.8363697534
2.971053053
3.0596782274
3.3429710337
3.1158770344
3.5680190636
2.9622011478
3.3897605156
3.3274287924
3.2637924356
2.8027519645
2.9099138424
2.6603102986
3.4146865184
3.3093876824
3.4971664784
3.0848538306
3.1015332624
3.1847975894
3.2771895624
3.29875306664
2.9782739584
3.0017338524
3.4150557584
2.9509642314
4.3840073984
2.8724842624
2.7041737924
2.7991869614
2.8347176244
4.0540331394
3.2495709124
2.9935866814
3.1314457564
3.0907085524
3.12114236535
3.8000932204
3.9505839884
3.3317868944
2.8666698244
3.2841948824
3.3843195826
3.1290571594
3.3982179004
3.5384662844
3.1027867794
2.5722570894
3.3217388204
3.1989107656
3.3832946263
1.987590953
3.3987833401
3.572935057
3.2993847988
3.776581137
2.9146415297
3.034555421
2.896667896
3.193257579
3.064670514
3.584537703
3.551674018
2.929535403
2.855721182
2.998546338
2.906198477
3.0325111
2.890261426
2.685002542
2.987863527
3.328237293
3.348979741
2.835609396
3.387015305
3.0445743718
2.688875497
2.5836368143
3.185659853
2.6495574637
3.076916978
3.058913968
3.037380521
3.165327357
2.339844904
2.735097922
3.948386878
3.100254237
2.983298522
3.868936473
3.458057517
3.12899155700001
3.453840414
2.8943395963
3.716506823
3.115181756
3.31347317
3.473934667
3.448325156
2.707714077
3.343237394
3.24680934
3.191942363
2.5468706747
3.526129446
2.255721642
2.81415998
3.231835846
3.180990247
3.364976613
3.300597655
3.562492889
3.088637445
3.83224816
3.257387636
2.814567537
3.434633499
3.103968087
4.182445427
2.806947122
3.009027263
3.324569466
3.459843846
3.803235123
2.930943231
3.125758933
2.961348836
2.599664278
3.351929473
3.437888413
2.419514603
3.526676795
3.111643717
3.179894207
2.730251556
3.0811368121
2.720192407
3.079476383
3.273893248
2.737814858
2.8045864934
3.051801973
2.887865644
3.905073443
3.068864596
2.904378747
3.3557917321
4.4971541355
2.949826251
3.144778432
3.62041112
3.243422948
3.7680308476
3.138644513
3.240706944
3.574942842
4.126563897
3.135895627
3.70431818286
3.043456013
3.100133801
3.908885114
3.698832013
3.287206273
2.6254492384
3.6295468887
3.232420188
3.390439751
3.359086723
3.0404664298
3.117212557
2.992872657
2.975602939
2.741963107
3.885847407
3.665676417
3.31700962029
3.83544109
2.661011926
2.558596716
3.289241477
3.2063804598
3.401759144
2.941398903
2.903996003
3.29828327
3.4797280495
2.938241353
3.316165172
3.701896283
2.548796543
3.294196927
3.640126457
2.886786192
2.974303027
3.031244099
3.331155076
3.13185287
3.154456151
3.614837437
3.69745877
3.422511894
2.662001595
3.551400149
3.073096469
3.1062595156
3.349129127
3.1250855005
3.524933475
3.1446079794
3.280544525
3.688963154
3.335579184
2.917276989
3.4560902118
3.604221168
3.052714015
3.615060327
3.489013525
3.855516347
2.983506731
3.184961627
2.514855188
3.381020935
3.568854321
3.946508447
3.188675149
3.858270736
3.308410803
2.78469488
3.425530625
3.107659337
2.84715268799999
3.370326189
3.445568017
2.846129536
3.313870177
3.266383818
3.480812687
3.239624597
3.026504497
3.164745903
3.869355891
3.195306102
3.573229135
3.423020087
3.543837484
3.259255564
3.578912697
3.869405947
3.24381062
3.619544274
3.407257755
3.7691596993
2.707611924
3.094248514
3.437905752707
3.428713518
3.30260103022
3.77075067
3.54431122
3.102463025
3.247306966
2.7272437015
2.826350464
3.693545165
3.475099365
3.486032374
2.947749794
3.134349968
3.389632579
3.036033118
3.8029782073
2.8231130515
3.357806416
2.712093775
3.254640611
2.836368473
3.748695544
3.718305838
3.9401873
3.439127951
3.5152701448
3.105081001
3.15327376
3.373151444
3.406872916
3.571253108
3.628566204
3.76514215042
4.194841393
3.2444113551
3.368976522
2.994569817
3.247387484
3.673786128
3.4642782824
3.8837122193
3.136069617
3.794581974
3.953140637
3.55534427
3.165461162
3.548880145
3.6939036889
3.327772549
3.300885143
3.042664596
3.494133444
3.6173247122
3.587234843
3.724728038
3.847308109
3.5397356459
2.985610064
3.352729003
3.565559514
3.102337419
3.245025313
3.449509354
3.2398007405
3.1351398542
2.7840490849
3.608167754
3.143752483
3.62565169
3.5746506412
2.822484622
3.764808394
3.435331155
3.376063626
3.929616957
3.142515164
2.800690846
2.8675383437
2.881686329
3.519660806
3.5191163983
3.257833869
3.364793868
3.48481572
3.513995295
2.617631001
3.737252216
3.262449376
3.640702674
2.947984
3.211266435
3.1332807884
3.040995662
3.032748071
3.120574889
3.899609071
2.965841119
3.477052809
3.336351704
2.517562029
3.897920649
2.863241295
3.033359921
3.108831616
3.315453533
3.59447486918
2.582075267
2.582456247
2.880071914
3.113967342
3.170276151
2.978432888
3.20375480157
3.119649591
3.171244915
3.195484055
3.497544931
2.183076047
3.647073335
3.042737711
3.445425426
3.405282979
3.084498951
3.226306878
3.263358324
3.045175199
3.510641774
3.142241051
2.5698527892
3.261167541
3.5345781672
3.246459278
2.812345635
3.519354186
3.089185442
2.850961431
3.082155424
2.995166066
2.504259866
3.653268259
2.903925369
2.338815932
3.007647741
3.492992816
3.409733861
4.191597961
4.2215981728
2.692543431
3.105870729
2.734744941
2.473466941
3.785777154
3.179553779
2.835498829
2.846029751
3.779413629
2.950585474
2.855336064
3.220216875
2.611635541
2.908641127
3.6333348635
3.458955327
3.018039719
3.159699153
3.872381972
3.461479794
3.152388007
3.018509745
2.712711205
4.25597171228
2.7748758488
3.780015049
2.990849332
3.795563162
3.004149258
3.708219899
2.744779529
3.44240192
2.480637709
3.178963502
3.045773932
3.164402129
2.854300822
3.4246716292
2.901251133
3.512133161
4.051835211
3.895731261
3.057991126
3.070608429
3.100159305
2.896274881
3.25587833
2.98830584
3.23338409
4.350800467
3.23401198
3.84423108
3.760133864
3.57498076
2.584246254
3.195028394
3.400300516
3.60048644
3.28809594
3.472510618
3.3763475407
3.522548223
3.45671486
3.16766183
3.2645649
3.335256315
3.2085554361
3.01257878
3.85278007
3.396466063
3.7859736
3.39191738
3.34540362
3.8795411648
3.639058622
2.79151575
3.227516595
2.859513081
3.64029623
3.61474562
3.9385333
3.73501419600001
3.006228443
3.406354155
3.3728180743
2.93626635
4.07134745
3.1604768
3.73191617
3.20847505
2.694000308
3.142312029
3.9413860098
3.99320222
3.2325335485
3.209794888
3.741743801
3.954711387
3.65447596
2.88092712
3.611369204
3.53057809
3.16185679
3.45514462155
3.65886073
2.69750906
2.89664758
4.17201735
3.864095318
3.550132025
3.275655316
3.3337054
3.022909224
3.094422325
4.275369872
3.623558358
3.87395276
3.341245541
3.02758634
3.78080369
3.742710065
3.27227926
3.71222755
3.265223515
3.4401940077
3.417456906
3.690957427
3.706336386
2.631395296
2.99774939042
2.78464964
3.568062907
3.2417003599
3.733073992
3.20924597
3.409846089
3.509773251
3.75891291
3.372566838
3.863905813
2.6952986132
3.64722128
3.631728303
3.493284796
3.151822092
3.23760314
3.3382878798
3.7711432308
3.521811755
3.776502788
3.668317045
2.987294623
4.068059084
3.621887267
3.475873444
3.596407194
2.985632054
3.718988244
3.402418076
3.608049646
3.846257476
3.014069424
3.494512684
3.814089834
3.831989161
3.101203194
3.963816446
3.9352972551
3.7846661715
3.746328364
3.413020394
3.4125551919
3.635387315
2.836654036
4.060935504
3.30470079
2.824097797
3.26432681
3.165028634
3.355083776
3.745938184
3.457002356
3.355530484
3.466353643
3.721367154
2.874901274
3.087163913
3.602926416
3.297585797
2.752492987
3.9107094085
4.375359049
3.845542205
3.893497742182
3.573941385
2.795236076
2.987643866
3.108027724
3.050378799
3.040408836
3.843513591
3.148002584
3.355173422
3.406236214
3.481689066
3.832674693
3.035685238
3.385606704
3.313080075
3.396700343
3.73690301
2.966090144
3.727062846
3.126562599
3.572018864
3.769145524
3.038383198
3.766469996
3.770873004
3.449128271
3.17057952
3.155643002
3.760874663
2.819360259
3.083871294
3.104020684
3.055618049
3.936342923
3.823075874
4.128131956
3.100021186
3.632033644
3.420142571
3.641072774
3.913249395
3.307892024
2.927189804
3.409656999
4.407679069
3.5057820826
3.382800868
3.1209583276
3.168643864
3.907128193
3.413684512
3.629932202
3.189855375
2.609846623
2.8763585054
3.220048844
3.491284247
2.87926891
3.501387595
4.138761599
3.018827984
3.474214783
3.153440141
3.085092239
3.837909989
3.450832805
3.37924389
3.252929809
3.001992769
2.812498189
3.211533669
3.190966819
3.639628171
4.170611739
3.420084933
3.340138112
4.213939729
3.870897549
3.108066429
3.180243539
3.199731444
2.905885533
3.354701614
3.609915152
3.293715377
3.900549357
2.860807439
3.570086317
3.220858139
3.844990237
3.647080648
3.205972241
3.206795491
2.887446307
2.453225511
3.159819669
2.93058271
3.1316878768
3.207699289
2.89357987
3.58574216
3.8404787711
3.991111644
3.2679687113
3.644323979
3.366703471
2.76447841
3.240865508
3.574813811
2.635359048
3.046173243
3.594648735
3.363498689
3.331913809
3.092701777
3.943078139
3.702905037
3.070076107
3.506000639
3.679364238
3.124927307
3.40020999
3.916461539
2.6173629053
3.020009459
2.999307257
3.275593256
2.802383488
3.848705913
2.97055154
2.973326596
3.132823469
3.276197638
3.432019785
3.405911615
2.975375374
3.342036522
3.611002666
3.588921779
3.8064527356
3.727002483
3.774820015
3.443459924
2.734986623
3.198583489
3.389464979
2.704876848
3.491464017
3.22895014
2.666428317
2.966893781
4.410370668
3.506489375
3.667176239
3.630549539
3.95389036
3.914751748
3.264030945
4.60924532
3.836270158
3.761218716
3.4074949
3.23661664
3.2689841798
4.08773743
4.52013206
3.5380185
4.4156191
3.186407221
4.46125992
3.945547267
3.747393483
3.13424722
3.907868405
3.400741057
3.25808392
3.848526908
3.4948484468
3.220139817
3.90115455
3.37453391
4.070474587
3.464729469
3.387193702
3.066020294
3.580310115
3.795823685
3.917949079
3.322809253
3.9875895554
3.802192171
3.37798521
3.800413057
2.740205914
3.481610842
3.89426843
4.013729347
3.627134804
3.61365909
4.137351156
3.895864479
3.62265523
3.696066345
3.420803185
4.27203539
2.798712925
3.039412869
3.213756681
4.063314571
3.906624634
3.85673881
3.8408289378
4.10439036
3.532844652
3.71754361
4.078314761
3.48454176
3.540238809
3.3316178
3.24490547
3.161795847
4.138718136
3.501968982
3.33938244
3.20160308
3.99810734
4.114715615
3.21422991
3.99005909
3.09596717
3.879899343
4.584608367
4.1863720033
3.37103832
3.70487267
3.472302115
3.711238925
3.197361171
3.153258539
3.08731917
3.066245098
3.92956171
3.179615751
3.867208293
3.7951667575
3.13931349
3.83522027
3.6080424276
3.9862781
3.748342827
3.21288154
3.441583315
2.79991991
3.43362061
3.10664322
3.45438074
3.829368769
3.268367251
3.20229096
3.4299086813
3.33688905
2.93389477
2.738853633
2.526870736
3.15194866
3.02009963
3.5864750822
3.80850924
3.502398081
2.94881425
3.085289113
2.851097405
3.16777404
3.114418967
2.9673351
2.941164755
2.906129192
2.987255764
3.781200095
3.343699174
3.507196996
3.11125728
3.19004866
3.5250064311
3.46944867
3.827134972
3.74482443
3.701996232
3.340299562
3.06302017611
3.13824143
3.378572234
3.53293342
3.598100924
3.49479133
3.5518517437
3.269847654
2.67599676
3.0002278636
3.429576996
2.90548105
3.291901286
3.32777415
3.073452516
3.81735507
3.36582296452
3.312853594
3.624396168
3.198187331
3.5484892
3.00133919
3.529648745
3.41668332
2.973996999
3.485353875
3.668994795
3.142210582
3.095078713
3.582505994
3.518606005
3.5562254967
3.4196804982
3.339984474
3.42418067191
3.577446738
4.49598063
3.219798134
2.8831863044
3.685908724
3.007583652
3.64069669
3.50139775
3.1231313456
3.552818716
3.3837462275
3.2771521584
3.456321735
3.42666638
3.36840367
2.9682038432
3.0064593488
2.933349414
3.533101535
3.555624995
3.673602128
3.37816559
3.094348478
3.2078653026
2.67842466
3.296360265
2.95283972
2.8841559
2.9525929
3.74905694
3.49305663
3.486752808
3.628121828
3.849406605
3.587235497
3.456003387
3.352806135
3.67777307
3.64378727
3.41212089
3.652630254
3.327388738
3.57539036
3.685718447
4.278375569
3.614562767
3.40611851
3.42399985
3.70835006
3.06858589
3.75898206
3.22233231
3.074217327
3.666892056
3.26283474
3.15467669
3.812241369
3.977444855
3.60195516
3.0898213857
3.69637499
3.5168704365
3.2113900039
2.902502118
3.215201618
3.17632898
2.701662055
3.4465388393
3.27886066
3.5302152535
3.4390588762
3.12413818
3.195217995
3.259991394
3.412193296
3.6631484008
3.801996262
3.61322893
3.73251105
3.239911476
3.310682029
3.271027568
3.017311193
3.608452548
3.74078668
3.0081365112
3.186834664
3.690591662
3.40171634
3.716610836
2.969924439
3.152484253
3.15301674
4.426870818
2.8154256712
3.58241951
2.82108854
2.91976652
3.6397152
3.315002393
3.29012531
2.965115993
3.3562264583
3.130590825
4.197888
3.550894954
3.315175468
2.88597992
3.15898818
3.48378392
2.99226933
3.5719370674
4.24058742
3.594851742
3.20581964
3.62739187
3.0925048387
3.759614609
3.516613745
2.978834678
3.00579268
3.608888655
2.947664168
3.21298122
2.93751234
2.9766302362
3.06855829
3.470326786
3.9805864024
3.725321142
4.093538893
3.982998369
4.0778178471
3.79015197
3.99628138
3.2892012191
3.694236968
4.507305744
3.418709132
2.963972551
4.059442679
3.57356824
4.495219401
3.843560271
3.224329445
3.767925715
3.917966911
3.533034878
3.778909164
3.65690252
3.65996465
4.276429026
3.7324571355
3.882978931
4.27238766
3.756973172
3.189197405
3.889861247
3.64446304
4.47473941
3.346897018
4.17175838
3.7502681162
3.6988302995
3.781892446
3.50761187
2.77573962
3.386782962
3.414407929
3.109328958
3.437129848
3.696398674
3.907132172
3.796911724
3.752906871
4.19947801575
4.085692285
3.0716006919
4.106445269
3.821041545
3.66061748
4.204720401
4.23673382299999
3.51569373052
3.4242827185
3.971313389
3.6486803898
3.836295507
3.74982412
3.594307098
3.531547952
3.315064219
4.011481377
3.708728855
4.13601832
3.989725698
3.653700151
3.055738471
3.66380408
3.960429904
3.835316782
4.529832561
3.51054201
3.944361819
3.3077963708
4.54884554
4.137497033
4.165317435
3.6857139895
3.849909163
3.939708548
4.202557407
3.728781573
3.910631008
4.505436404
3.997412973
3.40293955
3.557878588
4.0481330978
3.7268288082
3.731166475
3.123418874
3.382867592
3.4103082884
3.705194301
4.06040807
3.41826763
4.5436584225
3.307782525
3.520182307
3.330373038
3.416153825
3.802001379
3.822126218
4.49080658
4.27653327
3.405572356
3.8525943917
3.18186769
3.50384642
3.445136295
3.361006483
3.38494655
3.25821883
2.715274081
3.20533791
4.20724918
3.774623893
2.943139411
4.338609755
3.195798589
3.4777423285
4.03088131
2.794484479
3.72254253
3.108550275
3.37331389
3.4923263
3.449510884
2.9940979
4.05296885
4.22446974
3.29348126
3.306699333
3.63726356
3.550229319
3.63446135
3.83995282
3.38118951
3.00593881
3.465262059
2.85235348
3.204232387
2.708902169
3.8630294865
2.903466997
3.787479349
3.734064005
3.76160969
3.139415935
2.472272835
4.468503415
3.55607331
3.4882109651
3.27921122
3.77097045
3.359656595
3.49426223
3.147827336
3.288723667
3.79867309
3.490631535
2.910282156
3.24168398
3.36656089
2.95384141
3.989502724
3.744887215
3.31405831
3.92362648
2.899638671
3.037220694
3.77327077
3.06067259
3.117163989
3.461006915337
3.06945675
3.889852247
2.95492645
3.841282418
2.919804958
3.53425288
3.76326691
3.330910758
2.86139819
2.79857913
3.16077908
4.27805303
3.25731121
3.332793295
3.68574694
3.50743687
3.50738307665
3.10683614
3.992153675
3.394608057
3.43983
3.764769331
3.46053566
3.924131757
4.0206737478
3.41125593
3.549144792
3.922507129
3.786174851
3.707724364
3.810842264
3.15440438
3.6139920823
3.72878867
3.1347077
3.651327041
4.1939625
3.78318083
4.22760703
4.153468457
3.438107638
3.734976462
3.7254303
3.32093191808
3.20438022
3.281800096
3.15189123
4.03132686
3.343900287
3.76205866
4.5425133
4.350566349
4.21469876
3.993874003
3.041660185
3.55944573
3.705323321
3.555055095
3.298314431
2.935087
4.018106087
2.783067933
4.15553462
3.08530926
3.52044707
3.26380858
3.574190583
4.002163238
3.781235404
3.398533195
4.03586185
3.80511518
2.7038528
3.22899145
3.617078956
4.1985724
3.51818472
3.84181437
4.09487325
3.15649164
3.45947095
3.982345042
3.65343125
3.93923686
3.808377238
3.7733355
3.781744776
3.66185563
3.323803508
3.70529708
3.39152687
3.65981391
4.04648489
4.093471317
3.33442126
3.931384773
3.32624837
3.971417895
3.802167814
3.156552213
3.362251192
4.105584359
3.7547017975
3.70182381
3.83508611
3.38259008
3.17235608
3.8578263208
3.68259794
3.1879194
2.825284911
3.48290374
3.83426604
3.14636073
3.22985497
3.52723854
4.00696034
3.381652497
3.19011712
4.0593858
3.4820085681
3.888309998
3.231836254
3.229635258
3.1406624476
2.915124353
3.641448446
3.137300014
3.5100022401
3.294072152
3.676015537
3.4562470504
2.985612362
3.636363539
4.00544264
3.464697172
3.7329655616
3.282461976
3.2784572423
3.980997941
3.0185448866
3.262527286
3.60461374
3.637168228
3.411771171
3.293783365
3.649762818
3.177472141
3.768167481
3.124809677
3.524549255
3.526497209
3.148220578
3.596896042
3.426944987
3.950314952
3.363943394
3.757707319
3.182110484
3.0347853799
3.52796868
3.531374442
3.195053601
3.644831258
3.122842043
3.02101635
3.129026204
3.274813412
3.601651882
3.3911673054
4.123977642
2.876277942
2.836339115
3.393346592
3.653297482
3.130585829
3.090739192
3.082184513
3.397921501
4.29771372681
3.677504368
3.607289566
3.558990263
3.156547926
3.565692745
3.78382731384
3.303145131
3.3934147896
3.213670142
3.4154382801
3.186880275
3.68480925
3.47502947839
3.322167215
3.3815717076
3.20856429
3.282358531
2.8850434915
3.5099612831
2.977599115
3.1875028801
3.164672243
2.72773333558
2.951206923
3.018681687
3.2390566134
3.840319522
3.780027452
2.493822302
3.2855564689
2.736106842
3.2983161996
3.9764835279
3.1902627062
3.6803408427
3.449106999
3.694876869
3.224132083
3.088177611
2.843175632
3.634824769
3.6915826022
3.75855681
4.168375495
3.521858308
3.4728353
3.57751663
4.478455511
3.778786202
4.016380329
4.851046299
3.552770638
4.136373768
3.893183583
3.361774407
4.17634391
3.859005711
4.414380908
3.7640478036
4.439884828
3.238195707
3.9755519879
3.321123268
4.071031368
3.4041104328
3.894908168
3.13030741
3.482538698
3.7724961647
4.2232140196
3.439327929
3.819150378
3.824706712
4.120245891
2.820898335
3.533174234
3.963835697
4.277635085
3.643148818
3.209102566
4.536364234
4.062706269
4.107373462
3.506432655
3.644334942
3.5310598656
3.892966293
3.399434579
4.59913016
3.68536143
4.527309951
4.226017738
3.799196679
3.275508271
3.521937288
4.028290163
4.340134383
3.8226063596
3.809522951
4.0579794279
3.70271908
4.155369701
4.246619446
3.9270145481
4.471092874
4.036736042
3.822793121
4.131292616
3.426588316
3.270989582
4.189235969
3.131617357
4.726289846
3.48919619537
3.554382895
3.748717547
4.250483582
3.341042117
4.72969221
4.556919809
3.342189327
3.5362423283
3.5650257369
3.475860448
4.031420029
3.429158931
3.934463539
3.358972288
4.060054945
4.386816722
3.7796864093
3.175561636
3.6565746698
4.177895048
3.654202811
4.164034883
3.079076118
3.729953373
4.443039167
3.700582721
4.056565864
4.058230162
3.9929016
3.85334734
3.482168047
3.561652296
4.03632136
3.779439326
3.025127386
3.433207029
4.385010083
3.683804875
4.52361555
3.953643936
3.59434103
3.20997499
3.386292347
3.448290275
3.9211387727
4.153889402
3.58678454
4.30351924276
4.073597995
3.44157291
3.65819992
3.486845961
3.42907226
3.761431751
3.551257163
3.00706067
4.084671933
2.663823276
3.941760247
3.50838261
3.51763563
3.08032459
3.60632614
3.822657194
4.058949725
2.968536263
3.37846917
3.82619139
3.932203825
3.207431032
3.2237517408
3.1664875428
3.44733124
3.26934568
4.721489083
3.33888834
3.15576209
3.992264049
3.84807842
3.48347218
3.676026987
3.211214432
3.39411803
3.164619636
3.7503382743
3.765208444
3.63436541
3.081715146
3.678963181
3.75236822
3.475274111
4.138923104
3.9558779006
3.000668378
4.180496637
3.847580365
3.11920117
3.484648375
2.9759511829
3.173720118
3.11908977
3.6654327957
4.06500849
3.486969834
3.70434457
3.7491068
3.574868681
3.81864805
3.06341953
3.8153221127
2.8349179601
3.56731119
2.908798068
3.413962346
3.66019744
3.3917381992
3.107116301
4.3758334377
3.56559851
4.191192673
3.379469523
3.564340434
3.69395322
3.977244153
3.20692639
3.49034265
3.65344846
2.692185932
3.9905182468
3.9370531477
3.3064803263
3.4000540473
3.43544635614001
2.8068706703
3.6703509963
2.882669457
3.6294853141
3.6612008033
3.2271406383
2.5023432573
2.9166027633
3.5320799923
3.74129151429999
3.1909210243
3.1083992533
3.4854034193
3.4047021353
3.1721208693
3.1159996332
3.1893113063
3.0388451273
2.7432270013
3.3161435743
3.3736575913
3.3562989873
3.6737626229
2.6368991313
2.9433177793
3.5880208773
3.7528055653
2.9474502577
3.4205584393
3.9051757863
2.9194572753
3.2603178203
2.9233345123
3.2329651553
3.0244271983
3.5816309353
3.5509007513
2.5464573547
3.2820453233
3.4949912453
3.5507103803
3.2925957973
3.1425558953
2.9029324583
3.1286745763
3.4808448733
2.9561177653
3.1201363443
2.9008677053
3.0250665673
3.6733420363
3.6759378827
3.3217048943
2.8349376883
2.9721919533
4.0436263517
2.9446443713
3.2617179953
3.4972545413
2.8396833313
3.1958625703
2.9925551593
2.9309368213
2.7881226553
2.86857110132
2.8081567123
2.7455287023
3.2206059063
3.1030748713
3.2306408734
3.4121181153
2.9987418423
3.8693768733
3.5261227343
2.7972000713
3.0889012193
3.4012921113
2.9715468773
3.4681986343
3.4693642433
3.1457939453
3.4921958443
2.9830266593
3.5632533033
3.2643310103
3.6401740473
2.9942712197
3.7387570523
3.5046963293
3.4449585963
3.9453144783
3.7067688703
3.7030977053
3.4283636547
3.3318589433
3.332770904
3.2069936516
3.34534691009
3.49940399
3.4757040025
3.520122938
3.462856786
4.1049313609
3.52231531
3.91183873
2.7996229522
3.171284895
3.475093865
2.97297694
2.60971021
3.0255794
3.69199988
4.18047371
3.029372425
3.05449689
4.340908026
4.020809565
2.642431517
3.4281795853
3.40712495
3.383864964
3.50835054
3.708889136
3.345161799
3.47265784
2.9696384305
3.326071385
3.263188646
3.602888515
3.4150963711
3.53959298
3.704739565
3.85682712
3.43120888
3.285592132
3.444595624
3.345737618
3.364188356
2.9924129369
3.49427291
3.30735775
3.455382963
3.130694412
3.815266556
4.03839513
3.195762322
3.74351692
3.960574624
3.243634849
2.8195327348
3.6725744
3.753175443
3.54181951
3.17475525
3.149079436
3.712960431
3.48383431
3.85918648
3.7148590346
2.74905156
2.709550336
3.867945788
3.393390742
3.248184972
3.675069366
3.23192006
2.534379271
2.774629394
3.402358833
2.814338426
3.67757171
3.485368874
3.2923808608
2.81694393055
3.746964647
3.59357867
3.2723539622
3.7014579498
4.107098089
2.74430127
2.8351440994
4.004950935
3.112447613
2.972865265
2.7517998791
3.10470386
2.838487364
3.501525136
3.12198438
3.57949001
3.849941384
3.574767279
3.3403538835
3.658683418
3.667036285
3.2458066235
2.8748593655
2.7996869375
2.8745955505
2.6501339745
3.2558450645
2.9237081665
3.3274081575
3.5280395555
3.0780748345
3.39497572205
2.9867246095
2.7469041495
3.0508424765
2.6526357965
2.6378029875
2.8763956216
3.0834844795
3.5447648782
2.3885214715
3.1371998135
3.0559244335
2.7172216985
3.2106242855
2.9618426415
3.0311027115
3.4227613795
3.081874618
3.6369187425
3.2298371735
3.1891237625
2.6492087225
2.2191773935
3.0873858035
3.4206572835
3.6158807185
3.4593561795
3.2406683365
2.8937958235
2.6194891025
2.6845939445
3.3064684775
3.8525671815
2.5953810813
3.3779627349
3.5429707221
2.85129773559
3.4792156457
3.1910066265
3.1052254545
3.2120694155
2.8008360235
3.4513308205
3.4298251915
2.5956185855
3.2235078955
3.0199249235
2.7670459955
2.7450574395
3.5748696445
3.0959437235
2.9623906335
3.3022447035
3.0434214935
3.1210043535
3.1055303989
2.5767185772
3.4874432655
3.2794814855
3.2373632118
3.1949386025
3.4159783795
3.624384537
2.6645043238
2.9776937626
3.1049826135
3.3662676805
3.5097139475
3.0771061775
2.497546458
3.525628832655
3.0228795565
4.0338362105
3.1601887755
3.3190728145
3.1109015025
3.163435786
2.7954412859
2.4704257395
2.9969383398
3.2223239965
3.2926305815
3.2780775955
2.7009849275
3.0077609075
3.298123706
2.7847358295
3.0178675735
3.4775102395
3.0672132005
3.151762821
4.022004547
4.323173916
3.422544482
3.0381745807
4.001765118
3.291394689
3.284911445
4.073673522
3.65923087
3.173704676
3.210192335
3.607670621
3.312663111
3.590690564
3.065190056
3.447142535
3.96475202399
2.85033464
3.3904527862
4.030745576
3.882727379
3.42848576
3.368318355
3.464454364
3.73885429
3.18252636
3.11046619
3.563725008
3.61224114
3.568145121
3.910037849
3.72818928
4.07931494
3.254031028
3.107486526
3.0704345064
3.634446431
2.69509667
3.32437178
3.62018445
3.46214811
3.648238406
3.297402485
3.54447977
3.797355352
3.143277557
3.862973656
3.357891218
3.72711995
4.050729412
3.554854529
3.769105892
3.29733665
2.7897466
3.027725091
2.8563507951
3.38913394
3.20804295
3.205437088
3.108798733
3.084340158
3.85090979
3.1210293215
3.311741368
2.84681303
2.909277299
3.272951095
3.517574201
3.609501598
2.98042406
3.4847532189
3.175979745
3.29204283
3.247341154
3.317852231
3.48192044
3.337059212
3.23850765
3.29872206
3.3848731398
3.213431291
3.32501781
3.3736366
3.134495
3.19914377
4.109170605
3.370975399
3.55768488
3.862422775
3.258039652
3.153794045
3.169090781
3.058877578
3.68290558
3.91067279
3.2612552206
2.780905984
3.108233575
2.8700187
3.659237365
3.160941584
3.502404639
3.701276338
4.3526488185
3.430243367
3.5062433581
3.9192583245
3.200342443
3.6006706515
3.633618812
4.3380197397
3.8396574473
3.4771191375
3.0197009155
3.4957615752
3.500950571
4.19772873962
3.25647098
3.145105742
2.7105849682
3.686958121
3.071832083
3.429506195
3.046092531
3.560723325
3.355971179
3.567117783
3.39268428
3.262869376
3.906576275
3.1658177821
3.743240745
3.524987461
3.633560448
4.128680124
3.564841138
2.5212894937
3.293983356
4.160399141
3.7861500768
2.8933285215
3.4971875498
3.610298703
3.473873141
3.293489383
3.308769024
3.743862359
3.797134428
3.371417396
2.805096817
4.05076216669
3.951794215
3.627032473
4.541188013
3.722583688
3.6501398014
3.655663539
3.45492769
3.55761052445
3.538829759
3.4037841105
4.040157556
3.467288589
3.782316367
3.4325700473
3.991039632
3.878572193
3.655303859
4.0226480461
3.430824295
3.0212320671
3.5511708633
3.884148649
3.721136101
3.4122563733
3.673506938
3.341930301
3.2061602282
3.918227226
3.548627906
3.960170316
3.3767560763
3.355258179
3.138123315
3.9898319403
3.43434457
3.597824285
3.8088861178
3.453654696
3.640309262
4.1047656028
3.5549740268
3.760981477
3.5700441061
3.845457886
3.4802949802
3.62515362986
3.646084421
4.208759149
3.974667774
4.227150752
3.498488093
2.753755594
3.538813068
4.403211107
3.089326985
3.434733627
3.167477349
3.0728813
3.496886455
3.3314331874
2.947053019
3.610780695
3.716855971
3.4298131
3.651084776
3.453344287
3.471557065
3.535397594
3.506218968
4.019110811
2.9242319705
3.705865375
3.630064316
4.076573234
4.085756284
3.50387717
3.148071017
3.082428937
3.6601399635
3.075334187
3.8749836413
3.224690743
3.364838948
3.260225966
3.9494863381
3.494284644
2.991828952
2.704111674
3.832617706
3.534044681
3.311075377
3.610660779
3.416131323
3.6069485907
3.526084729
4.979792996
4.210100193
3.818909735
3.761067966
2.905401185
3.2688756046
3.387919268
3.3792168501
3.409678596
3.4166497373
3.642844867
3.490478887
3.319277592
4.1035350333
3.814024043
3.2972396085
3.278176955
3.2312406885
3.363844976
3.44554815
3.091644235
3.0198603942
2.911564049
2.882898999
3.583404245
2.723395915
3.364666313
2.953793527
3.211044955
3.79624145
3.537336437
3.185865838
3.058021315
3.295020899
3.214101041666
3.757603947
3.691931622
2.994932066
3.79163991
3.7084726389
3.31426568
3.398340058
3.360997906
2.8576448379
3.122785714
3.424534122
3.060480582
3.329260718
3.166772857
3.472217886
3.3425773051
3.312087925
2.691456547
3.4022282766
3.0989956626
3.5571066414
3.1962454196
3.0124531256
3.4078891044
3.0082730014
3.3535835084
2.7001131736
3.2525852886
2.9718937076
3.2972361234
2.8893294706
2.8948442858
3.4050616924
3.4833913986
3.5928201659
3.2846656981
4.1282435206
3.7403745184
2.8942067764
3.1451397724
2.6504955576
3.1163416314
3.704373095
2.9135468586
2.9243042334
3.4531209086
3.5315132146
3.7172303764
3.8067364794
3.3795242384
3.2957855356
2.9375035675
3.3960332814
2.9387418334
3.9203838664
3.4543373216
3.2688238034
3.6499456414
2.922243962
3.4013553196
3.6410256646
2.9499018339
2.4679996596
3.4794310957
2.9142536904
3.7077989014
3.3992377794
2.7876474104
3.0364364976
2.7750545986
2.7420455716
3.5552640634
3.8148823924
3.30786039
2.7651438684
3.3742443434
2.9233507844
3.2877457654
3.4610661513
3.3361088686
3.624819389066
3.3019264546
2.8729596845
2.8593444726
3.0811269914
3.0468795464
3.3375818884
3.4704621664
2.5925776926
3.5644530066
3.7741199536
3.3666625866
3.7384083226
2.8930220956
3.4754713034
3.5458069394
2.8494233584
3.4039196746
2.4170628184
3.2391600586
3.5163472416
3.1671823246
2.7472189406
3.5183414406
3.1148277246
3.5447733204
3.1173936486
3.2239006914
2.7078186191
3.1055695728
3.6028554916
3.0622784386
2.9704280116
3.3116657246
3.1644011846
3.1845560838
3.6689034866
3.3300452936
3.7016503195
3.022612968
3.521942183
3.20536336592
3.995651678
3.679373906
3.584767267
3.743201837
2.997341172
3.312201588
3.278386578
3.817566523
3.86830986
3.622669138
3.080876734
3.548938718
3.4192634983
2.965715056
2.579842462
3.601118232
2.706424548
3.400498944
3.486871519
3.6922864637
3.0884913
3.371374387
3.268556012
3.34117625
2.587239964
4.012181323
2.582266748
2.685534028
3.4327687728
3.384227837
3.540563677
3.1645747567
2.786720338
2.735107287
3.4785455225
3.437453238
3.645730227
3.389672498
3.527841262
3.133250123
3.210289082
3.729617342
2.69465791066
3.692883537
3.7364426944
3.27168411
3.467687182
3.880184575
3.492308517
3.821814802
2.872828739
3.043131194
3.706404118
3.202814006
3.591911055
3.288200707
4.386753768
3.440479875
2.814694091
3.659132908
3.4366034268
3.413273514
3.425197021
3.531415083
3.612407755
3.292791209
3.641808172
3.050733808
3.194487258
3.599755932
2.9948989085
3.565236854
3.671248848
3.5832301255
3.116805868
4.22000236863
3.1996940745
3.136280844
3.178837343
2.957243302
3.606364079
3.145650779
3.3008664906
3.191804362
2.709101349
2.6623788019
2.946142497
3.977428697
2.851837981
3.715508788
3.081276126
3.189709904
2.8677242605
3.142923708
3.248994133
3.5571506859
3.1024580786
3.98094472
3.46402152
3.782474475
3.2160881352
3.636042685
3.29965291
3.5587079273
2.63920082
3.60960478
3.327787315
3.69159671
3.387836942
3.605446669
2.999689567
2.93875551
2.979092835
3.344692133
3.8325684779
3.307646346
2.975573014
3.527647075
3.845920854
4.11390993
3.67382253
3.31215188
3.55563531
3.782878443
3.077251753
3.233131326
3.48596574
3.603825448
3.367897485
2.943180714
3.0637624148
4.250840654
3.571630971
3.497684013
3.449736917
3.19495905
3.142045012
3.775277475
4.316656294
3.674396402
2.981939591
3.620754414
4.210604506
2.863547376
3.817705226
4.309658574
4.279555964
3.28586059
4.150812184
3.38224126
3.448289573
3.785289996
3.22438553
3.504959184
3.6916349802
2.93304699
4.119966146
3.145914724
3.678519979
3.861829452
3.612091969
3.310021715
4.149170848
3.671566337
3.3156887419
3.3641962741
3.70256954
3.207299038
3.823236295
3.448034887
3.703029509
3.094063884
3.786238697
3.302908399
3.9219398079
3.014554618
3.748101533
3.52324719
4.233880618
3.73828828
3.871743495
2.94220743
2.769545019
3.967129128
3.07940682
2.93995423
3.380707181
3.367239146
4.196154154
3.660624648
3.415113349
4.0615946
3.613934718
3.23440187
3.32968698641
4.38832757
3.957480492
4.038081433
4.4865549668
3.662902479
4.126227996
3.495908829
3.530539309
3.870085299
4.433750059
4.414904937
3.376730179
4.152176419
4.480614128
3.856679106
4.848104099
4.540057689
4.139664489
3.669998459
4.636905529
4.409287936
4.503835293
3.954543952
4.453030361
3.479041744
4.2276234682
3.90477403
3.66681883
3.566273099
3.531983444
3.7234313997
3.711055579
3.420111359
4.801864228
3.710711039
3.887898753
4.560953377
4.245474159
4.473650549
3.5490740722
3.341820031
3.570408036
3.833862328
4.409170607
4.5202664571
3.331285709
4.293256615
3.017916799
4.379713869
3.943315924
3.167573158
3.978037908
4.791151376
3.870135939
4.0575075941
3.565463159
4.513542066
4.092328483
4.193233499
4.133649399
3.862394793
3.822313139
3.449816199
4.3879903
4.522112613
4.155272199
3.666348348
3.8741051958
4.158987679
3.748563449
3.490000505
5.253532699
4.7121726076
3.479197394
3.488485869
4.0880050355
4.193539715
3.6871030121
4.385790892
4.5379390731
4.104103329
3.98318151
4.107738639
3.909577265
4.8976315506
3.756855694
4.621836378
3.331385958
3.723724489
4.081733531
4.057901049
4.8507732558
4.024798979
3.7625033839
4.247448299
4.298975013
4.07896819
4.589581778
3.880919829
3.989823329
3.95663997
3.361966019
3.4395725523
3.51662667
3.447785733
3.935933987
3.39095395
3.664918102
4.166495019
3.344571085
4.32049995
3.4850915508
4.147018431
3.267050168
4.097488803
4.145899036
3.44821686
3.600855999
3.523391488
3.61596633
4.269863397
4.0328748
3.636618736
3.83986402
3.012057755
3.30715197
3.762942561
3.725397139
3.21555215
3.336291506
4.5804592916
4.20985954
3.791557202
3.89708456
3.333709322
3.8185750494
4.276513856
3.701319541
4.5218389526
4.032037085
3.840089949
4.020829631
3.733672273
3.407566227
3.72304605
3.596563666
3.568261612
3.57039557
3.6639584665
4.44200431
3.62510134
4.003749847
3.9844741176
3.840282831
3.911927581
4.157426399
3.747212387
3.693737379
3.363391948
3.218506996
3.8227240794
3.98579282
4.265972042
3.800706989
3.350879482
3.983057658
3.4085121
4.212723612
3.64749126
4.012368638
3.2886129
4.437803731
3.864660234
4.014141754
4.21774062
4.0173349607
3.982845348
3.938242906
3.2976908803
3.4352501754
3.788185414
3.737208857
4.155447784
3.75515755
4.7796461283
4.22229502
3.761178541
3.649308013
3.44169546
3.29700254
3.794700461
4.0892728063
3.84397972
4.118004245
3.70172132
4.776956937
4.619482885
3.77172416
4.192385611
3.549155752
3.726090962
3.0103999075
2.773371889
3.48624953
2.551375392
2.647130485
2.629279809
2.67685424053
3.709381711
3.9934251005
3.904188921
3.482421253
3.408368529
2.967663337
3.0921397559
3.33832111314
3.461052936
3.516601529
3.318699064
2.969030832
3.493521469
3.231404359
2.376889206
3.552367435
3.0335540092
2.867327537
3.258200124
3.572043731
3.142204345
2.936787199
3.335522487
2.983155204
3.072584244
2.988568504
3.8345619135
2.985411548
2.926566581
3.311793531
2.5824505827
4.080384267
3.02553723
3.026788898
3.1804491112
3.140797155
3.374513694
3.637928351
3.216176878
3.158516659
3.498041872
3.1213975789
3.74090128427
3.285083592
2.618972761
2.649383621
3.558748808
3.730589219
2.986626149
3.361976231
2.748898543
3.027431184
4.053668499
3.058473713
3.111541616
3.031886436
3.544643763
3.217754452
3.259727321
2.984097856
3.772632599
3.185130285
3.31024769
3.556098743
3.108902985
3.916479694
2.757478179
2.696727039
3.463485471
2.775765843
3.687343289
3.358180349
3.274642229
3.3794371869
2.227635579
3.2466402596
3.226822969
3.193624171
3.404288828
3.1353954013
3.882864466
2.457837218
3.299613229
2.740673329
2.791017881
3.04925708
3.439718253
3.2858519287
3.462061529
3.248626536
3.453785159
2.984677259
2.865436749
4.243902956
4.14747744
3.827993025
3.465282618
3.77276771
4.526692382
3.842299005
3.64736535
3.522345376
4.000233457
3.39490974
3.666611586
3.660378247
4.2382018
4.833624505
3.59786046
4.21915549
4.054407999
3.81001908
3.675580538
4.16542658
4.3575867662
3.653260956
3.6212198
4.30548211
4.27882473
3.237706686
3.463974303
3.89498342
4.72151999
3.664928112
3.22028551
3.782423393
2.958387125
4.036991961
3.78602556
4.12546832
3.864607994
4.345177879
3.628583184
3.692830174
3.551585599
3.55692921
3.601733053
3.32159043
3.349599649
3.52066051
3.90800242
4.19440985
3.1153276899
3.98150674
3.757884072
4.03800599
3.6811711666
3.3858153401
3.924841188
3.42309853
3.80211446
4.489234599
3.734517837
3.526872387
4.470523383
3.70048286
4.16980203
3.780470408
3.73019434
4.161428098
3.375180505
3.86022936
3.472359097
3.687167672
3.09766544
4.160249996
4.6571997
3.075998572
3.15547435
3.965890612
3.56210082
3.725974317
3.67579537
3.680780307
4.0081808
3.40718405
4.123564052
3.84796196
4.0184377085
3.9328279798
3.73802313
3.620288365
4.084604281
4.109481603
3.90594406
3.69574837
3.007040651
4.10317366
3.781631181
2.969255882
3.03562189
3.3168930725
4.17848698
3.6436341502
4.098293792
2.903847583
3.472163093
3.556271913
3.102948322
3.2697060444
3.399461223
3.726964722
3.946634207
3.170801931
3.181142863
3.88099189982
3.684807159
3.413678668
3.237169591
3.987990988
3.807900615
4.566120269
2.7805252012
3.365990663
3.428672787
2.970039081
3.552421295
4.054169637
4.006300865
3.10773859
3.803030731
3.106087638
3.3209019103
3.4334735272
3.138668175
3.4749617092
3.732183247
4.138379983
3.437523343
3.668623673
3.470379113
3.131424758
3.436542072
3.63044799
3.442783723
2.963722344
3.573636583
3.299392237
3.213523973
3.19003387
3.510330527
3.325294373
3.982715967
3.267004265
3.513930505
3.396864648
3.853230683
3.073684695
3.485754427
2.984687127
4.113892858
2.971787602
3.723307839
4.005273253
3.920204516
4.1905503396
3.5961852393
4.075871012
3.598924675
3.093394264
3.04542162
3.631318889
3.721989158
3.200972714
3.704735103
3.521641903
3.244163072
3.356986817
3.131513327
2.957381167
3.71481191
3.318899903
4.3977417465
3.3911186639
3.971519681
3.4759488523
3.47122461
3.490072397
3.4408532677
4.15575123295
2.788131401
3.469416716
3.237287763
4.264167387
3.650046777
3.305404584
2.9702561
3.3569602
3.603639973
3.592140903
3.581021643
3.8319691395
3.62970836
3.742273866
3.398558376
4.155463394
3.003141245
3.191410427
3.574148944
4.077266234
3.325390814
3.148476474
3.951521691
3.049668654
3.494279064
3.467074754
3.483514616
3.155027123
3.852045066
3.837672716
3.496495204
2.966849876
3.188297224
3.699615506
3.894426656
3.458119925
4.341553394
4.335021374
3.293366834
3.923653532
3.199055772
3.552215596
2.904555316
3.328229716
3.223876306
4.085647764
4.078416814
3.203873582
4.121815884
3.090381716
3.469208716
3.565091644
3.724513002
3.73204706
3.679976464
3.525087944
4.015162214
3.548053954
3.545100846
3.966652747
2.919521544
3.507646554
3.338616021
3.779596224
3.378237045
3.699602504
3.171937734
3.513038464
3.726224404
3.096754764
4.214363613
3.472326634
3.780024294
4.146274634
3.933404375
3.775746935
3.344038096
3.633672345
3.164207331
3.970159864
3.949080006
3.673360854
3.376766214
3.595922864
3.791961796
3.357974965
4.335609964
3.9693029417
3.359998757
4.185701374
3.494935047
3.229871886
3.440384376
3.819753274
3.616274886
3.404327126
3.949373424
4.012345789
3.321130864
3.530128394
4.176892206
3.887327414
3.989359204
4.392493854
3.051231226
3.325832196
3.916574826
4.126175389
3.341003714
3.972056676
3.901544134
3.507183126
3.875379694
2.895335008
3.520849802
3.390254493
3.508923605
4.003750844
3.371149918
2.937399269
3.214262147
3.635093533
2.879667721
3.295456311
3.2708619208
3.081580503
3.009035907
3.083456104
2.864608022
3.663729408
3.329688084
3.235199623
3.547739653
3.129179149
3.232644513
3.185819843
3.229296513
3.659425811
2.57679923836
3.228632994
3.056957929
4.15411637
3.489001117
4.033714492
3.027656453
3.776607393
3.470960133
3.976767653
3.295700855
3.351136128
3.757676605
3.331672054
2.912878101
3.529341853
3.425845073
3.735865934
3.673562782
2.916609018
3.44761732972
3.8489253357
3.4864035047
3.332249335
2.96585319
3.724289721
2.863637914
2.628699539
3.31508115
2.878824143
3.792646776
3.489340156
3.345984322
3.595471603
3.868268256
3.324386266
3.67552392
3.183895237
2.770105563
3.268667869
3.097836713
2.848878239
3.528156854
3.5826230963
3.851480553
3.34078502
2.992728633
3.181414707
3.368409369
3.561608873
2.774372405
3.065080847
3.70953234
3.235283662
3.236402788
3.391189595
3.949659913
2.884838036
3.16258993
3.616517423
3.5674994336
2.724289562
2.9709136074
3.198971416
3.076966057
3.321699753
3.002407197
3.310900715
2.88104311
4.673381787
3.214249394
2.714844986
3.578222228
3.69202945
2.855371363
3.3352437729
3.056653713
3.677607201
3.318087122
2.772409168
3.372518499
2.719118675
3.667731391
3.658191374
2.944767022
2.516236474
4.031299045
3.871657755
3.167020993
3.3315589519
3.677179841
3.89473810907
3.516284083
3.74109436
3.155169182
3.54283631
3.487528955
3.4074423027
3.617128482
3.293733971
3.1536043007
2.647363922
3.394768166
3.273370476
3.200154117
4.276111633
3.388609989
3.380134526
2.7007313755
3.3119654
4.015134054
3.409705515
2.649883089
3.349477634
3.390990024
4.017114774
2.820199543
3.067778111
3.40035513
2.877954745
3.39273874
3.145519534
3.40961472
3.367077136
3.529736458
3.02041645815
3.482508309
4.023512817
3.034268189
3.113198131
3.764383938
3.236038882
3.153711981
3.31911082
2.8654422314
3.537399339
3.4809264553
3.093489796
3.076543185
3.41226959
3.627990611
3.022615345
3.04887277
3.412906383
3.0968029148
2.79684368902
3.067796252
3.760935011
3.107602735
3.992620274
2.918215366
2.918385078
3.18383978
3.217898608
3.278151142
3.384239933
2.7230406845
2.979620513
3.316478956
2.994690287
3.483214934
4.205576182
3.380868706
2.936324329
3.628771443
3.958669956
4.031506265
3.005616001
3.040541391
3.602733825
3.317796288
3.283487903
3.419314356
3.029741821
3.655027155
3.327530651
3.3009127788
2.672275452
3.418950211
2.732799735
3.414928598
3.708556801
3.5805389
3.055420744
3.701940446
3.114069263
3.139878354
3.342177656
2.952206325
2.776311575
3.017169131
3.387306262
3.094381803
3.674274474
2.918967588
2.825051961
3.878976061
2.962122311
2.5079831042
3.549222567
3.2011621783
3.812943373
3.012710941
3.598940348
3.761807854
3.630947324
3.358253432
3.136227584
3.6750707932
2.595027279
3.9198560579
3.382515389
3.461632542
3.584305424
2.758659881
3.218555549
3.549521269
3.009685956
3.20368076
3.312386821
3.523695673
3.056573208
2.840785083
3.786638861
3.348475583
3.418058871
3.469325665
3.234803911
3.407988751
3.236324631
3.824832868
3.636687985
3.614676501
2.7878109044
3.292088402
3.547673709
4.020565261
3.212219384
4.342174301
3.4889871875
2.959311292
2.939634151
3.384807123
3.384196716
2.8886644
2.790207349
4.164279886
3.499567341
4.083595296
3.56669954
3.9343913968
2.986485591
3.661196012
3.781801221
3.38209064
3.706201211
3.671413689
3.492217922
3.533086571
3.921095764
2.838942235
2.907460761
3.369639283
3.658158344
3.4654197
3.5592800404
3.005524289
3.513823901
2.946697217
3.302075837
3.109436581
2.731056829
3.535020681
3.3110130296
3.398922198
3.884562618
2.637916212
3.821198031
3.409641132
3.635785568
3.281198078
2.9858691739
3.940985078
2.883927298
3.838597002
2.871544053
3.520725778
3.390637271
3.601238184
2.520060776
3.639427838
3.300411068
3.7056878769
3.556467069
3.015764188
3.522427998
3.311969572
3.367449118
3.2474256829
3.283338607
3.6110546795
3.866063511
3.0058992889
3.375779248
3.405741272
3.434398203
3.911194365
3.277933396
3.514753188
3.918497648
3.357884207
3.395791438
3.727531461
1.9570352247
3.757838438
3.900113434
3.510164209
3.0530997084
3.442186236
3.825334327
3.0206377147
3.442380547
3.435731145
2.891524738
3.486477004
4.233466142
3.141916664
2.784812598
3.415550081
3.589612558
3.242404343
3.552962578
3.6337182379
3.510079372
3.821852788
3.256480857
3.661939507
4.111535536
3.996576028
2.467752394
3.679661145
3.732487947
4.38550018
3.63018173
3.383348987
3.322448458
3.33311414
3.6381450985
3.1981537232
3.939951323
3.057565822
3.439157327
3.773912618
3.633239345
2.937924798
3.125026328
3.1953068256
2.793234149
3.408729562
3.1761312
4.134964938
3.158075052
3.555151665
3.5500582805
3.00909672
3.694631993
3.492478033
3.4732184923
3.965858796
3.652622696
3.8078285615
3.509620426
3.666226044
2.881664128
2.663043385
4.252698477
4.480247581
4.101729491
3.442837055
4.103080807
3.5686757439
4.505761941
3.851463104
3.268268372
3.75255227
3.920698488
3.108244114
4.063659755
3.296292584
3.184321654
3.632220452
2.6931553228
3.790253
3.964260317
3.239778624
4.0774730882
3.310107762
4.065756244
3.833088999
4.126284356
3.727919736
3.5500671353
3.726026164
3.478736622
3.195280276
3.953465091
4.1368381152
4.129052862
3.584022341
3.99737732
3.904988582
3.661749506
3.94883897
3.402272989
3.187303634
3.378620656
3.589948577
3.7887765697
3.610255016
4.164721294
3.566363356
3.682821294
3.336444188
3.976851629
3.734605986
3.743198334
2.988459336
3.625377854
3.681037565
3.535279972
3.367638071
3.788674566
3.948811744
3.9975867492
3.70134298
3.758393849
3.459374066
3.329459139
3.44694649
3.857655571
4.093717226
3.889732398
3.686974582
3.256011335
3.353525212
3.896711218
3.234930504
4.262523605
3.800653027
4.136991336
3.646444675
3.5679739164
3.797531227
3.747242488
3.7835873811
3.772615536
3.971239973
4.292955354
3.951370762
3.806082634
3.914541572
3.721747194
3.590299215
4.32064061
3.976371175
3.864753302
4.211107944
3.298232016
3.548250067
3.875715811
3.516282526
3.7948853953
3.822022764
3.945306712
3.723098984
4.328511062
4.131185565
3.2743161
2.994174339
3.561761492
3.237371203
4.1260709
4.580185801
4.061980929
3.863512617
4.461719197
4.4070726533
3.799070307
3.6416407875
3.183354536
3.8124929122
3.915636894
3.85825677
4.180576029
3.909515749
3.442344495
3.582770759
3.779648696
3.898514859
4.002531927
3.308816329
4.593692574
3.35833803
3.2159644996
2.972738174
2.735658679
3.528859149
3.772329838
3.237130809
3.9288383557
4.402777284
3.852956766
3.643548839
3.74703497
3.659622824
3.842520642
3.580118609
4.450016334
3.433009829
2.689826614
3.4871899614
3.722219684
3.432432994
3.709394208
3.791701153
4.0845472463
4.240407431
4.030195861
3.268586492
3.405493384
4.319805916
4.482293212
4.088817699
3.20852232425
3.633520479
4.051269609
3.501197782
3.32259991
3.2754106979
4.22249741
3.968808042
3.786922954
3.147147817
3.851177125
3.672796902
3.946427678
3.020901098
3.5822232929
3.449951859
3.513433204
3.0563000858
3.4928251345
3.444403642
3.836145137
3.1602228413
3.548684785
4.103620455
3.7273308534
3.9449768855
3.888221099
3.030186809
3.795640886
3.409417483
3.361782739
3.574166999
3.795308389
2.775241007
3.407631252
3.743276896
3.463701169
3.9805482312
3.666507834
3.852959239
3.403231553
3.6285617111
3.4329110412
3.4539635862
3.3710681112
3.2258322158
3.3351845468
3.6455087328
3.0048853129
3.5517358912
3.3090796172
2.9497202598
3.3840530902
3.4727645952
2.9748108588
3.5666452142
3.1183192938
3.3717144612
4.0111426028
3.6541702752
3.2986334072
3.6147688922
3.0772948272
2.9453669712
3.2899720968
3.0670827732
3.1270581162
3.4402968622
2.7953113544
3.6280244012
3.2268971112
3.5124302142
3.4642986912
3.1863627482
3.7845232952
3.1879651668
3.4424670012
3.15072714344
3.5940266312
3.2075964838
3.0936491968
3.5092536552
3.3639985012
3.1005680643
3.3983914342
3.7628849232
3.4761852611
2.9120830552
3.5651078722
3.6554820873
3.4605893792
3.9331101132
3.3433433632
3.2276438282
3.1067304908
3.9684931862
3.1814008202
3.0285012852
3.0174192862
3.5277559752
2.9422140352
3.2204219812
3.720607043
2.8704258982
3.4270368792
3.3923427102
3.9573030572
3.6435395772
3.6952886232
3.5353455052
3.0656907092
3.4791132052
3.6145525752
3.8249512642
2.9760158628
3.3193520632
3.2652156722
3.2149798572
2.3898015582
4.0849219397
3.6672751502
3.3121019992
3.6940292232
3.3316452148
3.2318830372
3.0634918898
3.8636226152
3.0060601022
3.0531588368
3.0693931004
3.1956618862
3.2396618482
3.3194325162
3.8536428662
2.8712719292
3.4047016612
2.6805745252
3.4027406522
2.8309338032
3.1851977288
3.311669313
3.5566091916
3.8185128623
4.1583429563
3.6448910743
4.0831988383
3.4073132903
3.6220687203
3.6794484538
3.4090890793
3.4183339513
3.5195999177
3.9090293373
3.6709843133
4.4354091703
4.2529719053
4.4321039733
3.8766991223
4.3539691333
4.2155609983
4.7004611293
3.8721063083
3.3206054963
4.1621520563
3.6381255653
4.2024844753
4.2723675893
4.4012159027
3.3468874963
4.0344247303
3.6211921603
3.8174819343
3.9343595343
4.4869104793
4.4512378978
4.0750886403
3.9532493003
4.5103578663
4.5562125633
3.8964931753
4.0605227133
4.0580572033
3.6736720283
4.6637345243
3.6501689943
4.2426472523
3.7677647658
4.0618537003
3.955607798
3.8288457643
3.8097047943
3.9969394563
3.3429974533
3.7940436353
4.2039216113
4.7364120153
3.8390144252
3.4565410043
4.2978984283
3.8810018943
3.7075454573
3.2634755833
4.3713450443
4.0068541773
3.8603421733
3.4799853673
4.2137535363
4.6673619503
4.5353116143
3.6597732541
4.0122126653
3.8787750513
3.2579559643
3.8864625253
5.2888097533
4.3539329203
3.8388986843
4.2299602523
3.4302939463
3.7192401924
4.3554728203
3.5501350185
3.9888982973
4.0412980183
3.8886729429
3.8417170023
3.9080111643
4.1894899533
3.9697425883
4.1265444393
3.8527064813
4.6042879703
3.9217536143
3.1360307443
3.9653679653
3.5056772003
5.0713696163
5.0648988783
4.2806112003
4.3671065803
4.2582621213
3.3172377623
3.305891538
3.300830483
3.37286336
4.010473507
3.0248373693
3.928991539
3.680075069
2.960938463
3.647293823
3.010104973
3.52492484
3.775345225
3.470896184
3.649171181
3.704410748
3.709745802
3.166605149
3.086803634
3.026640199
3.603601177
3.595774403
3.658301242
3.59697309
3.729739544
3.0937514903
4.2699285675
3.780821896
3.358908971
3.519320131
2.962338046
4.349481124
2.980698422
3.66956943273
3.586873154
3.9027640944
3.727280853
3.58213808287
3.075846006
3.70690355469
2.843943459
3.367670555
2.7506478544
3.405526637
3.647338748
3.749593337
2.921670551
3.630498117
2.986223109
3.776815875
2.910944439
3.166235318
3.56706819
3.4728721655
3.056847447
3.102638453
3.613261651
3.159390105
3.178624764
3.058907314
4.000003504
3.477365657
3.178528538
3.846955816
3.242605911
3.154161309
3.40124597399999
5.097472134
3.570565392
3.008175223
3.4846447343
3.419031831
3.223341878
3.042801732
3.180635611
3.351212477
3.834169666
3.745694463
3.00568737
3.175563157
3.378274282
3.944728593
2.964916219
3.376653296
3.356852447
2.925396223
3.462889118
3.034326469
3.014953061
3.4508389772
4.508897657
4.007191053
3.591606821
3.138962793
3.323693587
3.276605983
3.98995734
3.5848162923
3.573946119
3.554365417
3.566852889
3.829700753
3.585295135
3.75042575145
3.729612197
4.0386456
3.424921155
4.53884222
3.606864996
3.7771778155
3.3789374831
4.08160686
3.28470338
3.934476525
3.39278904
3.944393738
4.28296404
4.583466395
4.88749064
3.96004611
4.066103465
3.39949138
4.7802792
4.0087966252
3.761227934
3.64819465
3.585042571
3.991154248
3.52664499
3.90288806
3.486499225
3.479017585
3.67257768
3.871812047
3.41790393
4.34893634400001
4.23965637
3.9809039
3.88411807
3.24877815
3.2783868835
3.7599478
3.343711384
4.489032509
3.572177274
4.37302137
3.39713996
3.008566414
3.841819855
3.66930015
3.6837128048
3.86032769
3.65537883
4.247407139
3.7435358
4.85814261
3.77616702
3.752945675
3.95004194
3.667996571
3.934214946
3.561082631
3.395485382
4.07732945
4.24008137
3.236611123
5.1380617025
3.921765305
4.07998007
3.782193837
4.46334892
3.12965621
3.94950379429
3.5268749061
3.8687446017
4.543506579
3.96329157
3.76962434
4.06401271
3.535627769
3.059827107
4.374616347
3.67850904886
3.6557682872
3.82431617
4.2188330458
3.82865471
4.26314499
3.381724124
4.146643103
3.9148132
4.02398080011
3.75422392
3.857615038
3.95090425
3.858759103
4.004649685
4.51885163
3.6778389612
3.827803859
4.293240366
3.06487736
3.160159443
3.403874484
3.662712507
3.375923261
3.337525678
4.235457875
3.0568556905
3.191169162
2.877961752
3.1907938201
3.596496114
3.296327667
3.3239268048
3.363625593
4.606040495
3.6313311633
3.395044398
3.554983641
3.88019353
2.797581376
3.883309553
4.0387934295
2.815155796
3.3585433664
4.157791334
2.615853774
3.4550765138
3.529604844
3.710812368
3.320630925
3.501427852
3.8357969643
4.076072764
4.130726021
3.049628344
3.722638054
3.791037366
3.516768626
3.988352962
3.209650548
3.542687906
3.17323121
3.282941457
4.118536201
3.989014046
3.036773375
3.02529194
3.674265394
3.933301149
3.355769371
3.867413856
3.471289876
3.0691595051
3.1273692533
4.057715179
3.364200764
3.734601036
4.210411026
3.715073147
3.698427795
3.531213417
3.0773452745
3.428656724
3.706825054
3.362865705
3.4645372782
3.319395487
4.04816832652
3.518519105
4.254791683
3.291282447
3.750317214
3.400839626
3.453939646
3.564807577
3.210222826
3.620655337
3.373139504
3.706998704
3.281458182
4.116198235
3.486554264
4.056439681
3.1002679299
3.772338704
3.779400434
4.494572794
2.9427267607
4.018963623
4.072081013
3.416616387
3.980880844
3.9284761719
4.298970103
3.194002159
4.242525254
3.6016652697
2.932493385
3.257212867
3.302102402
3.658701572
4.113684724
3.58597678
3.670800662
3.7750204352
3.542742026
3.785365854
3.703545837
4.253391211
3.581490445
3.920199539
3.5460376305
3.238078506
3.1458815117
4.192614134
4.429540208
3.218502466
3.791674947
3.9353047919
2.795518674
3.57460639
4.186940704
4.213318057
3.832593367
3.575987557
3.351093465
3.354623629
3.814005994
4.317850981
3.880714618
3.550944368
3.674456916
4.914562686
3.3506067077
4.4614064465
4.20757042530001
4.218782864
3.923568338
3.377652741
4.25533255
3.234150599
4.00868470662
3.783560804
4.1120967893
3.361247211
3.53745055699999
3.587267099
3.956405909
3.135236684
3.2085302815
3.557555979
2.232054919
3.607961615
3.567097053
3.385797281
3.433727843
2.912621235
3.692491558
3.33419468
3.070835869
3.489899148
3.414586292
4.0541997088
3.730681864
3.876514208
3.137396365
3.746675158
4.188830564
3.569081762
3.084641803
3.247685779
4.315121128
3.7670289557
3.591549824
3.590707298
3.933728729
3.265403521
2.795161365
4.0526585476
3.202947578
3.32421428
3.471885214
3.776953757
3.368543462
3.804281048
3.5178962598
3.049817983
4.417174175
3.346266147
3.347061047
4.573759295
3.196305512
3.9040587334
3.34355521362
4.221335046
3.691543482
3.4989041395
2.947365882
4.014951097
